county,administered_date,total_doses,cumulative_total_doses,pfizer_doses,cumulative_pfizer_doses,moderna_doses,cumulative_moderna_doses,jj_doses,cumulative_jj_doses,partially_vaccinated,total_partially_vaccinated,fully_vaccinated,cumulative_fully_vaccinated,at_least_one_dose,cumulative_at_least_one_dose,california_flag
All CA Counties,2020-12-15,1134,1134,1134,1134,0,0,0,0,1134,1134,0,0,1134,1134,
All CA Counties,2020-12-16,8118,9252,8118,9252,0,0,0,0,8118,9252,0,0,8118,9252,
All CA Counties,2020-12-17,25716,34968,25716,34968,0,0,0,0,25718,34970,0,0,25718,34970,
All CA Counties,2020-12-18,43746,78714,43692,78660,54,54,0,0,43746,78716,0,0,43746,78716,
All CA Counties,2020-12-19,25202,103916,25179,103839,23,77,0,0,25201,103916,1,1,25201,103917,
All CA Counties,2020-12-20,18944,122860,18912,122751,32,109,0,0,18943,122858,1,2,18943,122860,
All CA Counties,2020-12-21,49528,172388,49448,172199,80,189,0,0,49531,172388,1,3,49531,172391,
All CA Counties,2020-12-22,49848,222236,47736,219935,2112,2301,0,0,49846,222233,1,4,49846,222237,
All CA Counties,2020-12-23,50242,272478,41536,261471,8706,11007,0,0,50238,272471,0,4,50238,272475,
All CA Counties,2020-12-24,24014,296492,16317,277788,7697,18704,0,0,24011,296481,1,5,24011,296486,
All CA Counties,2020-12-25,2334,298826,2013,279801,321,19025,0,0,2334,298815,0,5,2334,298820,
All CA Counties,2020-12-26,14605,313431,9433,289234,5172,24197,0,0,14604,313418,1,6,14604,313424,
All CA Counties,2020-12-27,9389,322820,5566,294800,3823,28020,0,0,9388,322805,1,7,9388,322812,
All CA Counties,2020-12-28,45647,368467,29265,324065,16382,44402,0,0,45645,368447,3,10,45645,368457,
All CA Counties,2020-12-29,51019,419486,28513,352578,22506,66908,0,0,51015,419459,3,13,51015,419472,
All CA Counties,2020-12-30,62909,482395,35639,388217,27270,94178,0,0,62903,482359,3,16,62903,482375,
All CA Counties,2020-12-31,29289,511684,10840,399057,18449,112627,0,0,29281,511635,5,21,29281,511656,
All CA Counties,2021-01-01,3983,515667,1765,400822,2218,114845,0,0,3979,515611,3,24,3979,515635,
All CA Counties,2021-01-02,18452,534119,10231,411053,8221,123066,0,0,18451,534062,0,24,18451,534086,
All CA Counties,2021-01-03,6145,540264,3479,414532,2666,125732,0,0,6116,540166,12,36,6116,540202,
All CA Counties,2021-01-04,43506,583770,22069,436601,21437,147169,0,0,43426,583548,44,80,43426,583628,
All CA Counties,2021-01-05,56300,640070,29640,466241,26660,173829,0,0,50864,629118,5380,5460,50950,634578,
All CA Counties,2021-01-06,73228,713298,40437,506678,32791,206620,0,0,57940,671975,15111,20571,57968,692546,
All CA Counties,2021-01-07,91734,805032,52163,558841,39571,246191,0,0,61222,702894,30347,50918,61266,753812,
All CA Counties,2021-01-08,106370,911402,63960,622801,42410,288601,0,0,65324,727361,40914,91832,65381,819193,
All CA Counties,2021-01-09,44164,955566,25443,648244,18721,307322,0,0,27686,738616,16456,108288,27711,846904,
All CA Counties,2021-01-10,24253,979819,14820,663064,9433,316755,0,0,13037,740470,11200,119488,13054,859958,
All CA Counties,2021-01-11,104192,1084011,69324,732388,34868,351623,0,0,60496,757473,43656,163144,60659,920617,
All CA Counties,2021-01-12,112506,1196517,66417,798805,46089,397712,0,0,71575,788418,40852,203996,71797,992414,
All CA Counties,2021-01-13,118587,1315104,61442,860247,57145,454857,0,0,84973,839937,33528,237524,85047,1077461,
All CA Counties,2021-01-14,123275,1438379,49481,909728,73794,528651,0,0,103769,924445,19404,256928,103912,1181373,
All CA Counties,2021-01-15,141633,1580012,52043,961771,89590,618241,0,0,126646,1036380,14895,271823,126830,1308203,
All CA Counties,2021-01-16,80338,1660350,27377,989148,52961,671202,0,0,72816,1101747,7497,279320,72864,1381067,
All CA Counties,2021-01-17,48034,1708384,16777,1005925,31257,702459,0,0,44403,1142572,3623,282943,44448,1425515,
All CA Counties,2021-01-18,87649,1796033,45610,1051535,42039,744498,0,0,68515,1192185,19054,301997,68667,1494182,
All CA Counties,2021-01-19,141498,1937531,73375,1124910,68123,812621,0,0,110441,1271974,30965,332962,110754,1604936,
All CA Counties,2021-01-20,158829,2096360,80950,1205860,77879,890500,0,0,125507,1364583,33142,366104,125751,1730687,
All CA Counties,2021-01-21,172621,2268981,76584,1282444,96037,986537,0,0,153694,1499872,18726,384830,154015,1884702,
All CA Counties,2021-01-22,168818,2437799,68948,1351392,99870,1086407,0,0,154607,1640558,14081,398911,154767,2039469,
All CA Counties,2021-01-23,110989,2548788,49419,1400811,61570,1147977,0,0,98447,1726635,12483,411394,98560,2138029,
All CA Counties,2021-01-24,60884,2609672,29481,1430292,31403,1179380,0,0,56251,1778336,4602,415996,56303,2194332,
All CA Counties,2021-01-25,143837,2753509,64903,1495195,78934,1258314,0,0,109153,1853264,34567,450563,109495,2303827,
All CA Counties,2021-01-26,167657,2921166,82383,1577578,85274,1343588,0,0,130529,1947043,37004,487567,130783,2434610,
All CA Counties,2021-01-27,179511,3100677,87879,1665457,91632,1435220,0,0,140365,2048860,38746,526313,140563,2575173,
All CA Counties,2021-01-28,186872,3287549,86033,1751490,100839,1536059,0,0,153064,2168585,33527,559840,153252,2728425,
All CA Counties,2021-01-29,182628,3470177,87954,1839444,94674,1630733,0,0,148252,2283176,33812,593652,148403,2876828,
All CA Counties,2021-01-30,122731,3592908,55155,1894599,67576,1698309,0,0,107745,2376234,14824,608476,107882,2984710,
All CA Counties,2021-01-31,69178,3662086,38894,1933493,30284,1728593,0,0,64119,2435388,5015,613491,64169,3048879,
All CA Counties,2021-02-01,158162,3820248,72880,2006373,85282,1813875,0,0,120037,2517570,37982,651473,120164,3169043,
All CA Counties,2021-02-02,185685,4005933,79444,2085817,106241,1920116,0,0,139964,2612379,45372,696845,140181,3309224,
All CA Counties,2021-02-03,209997,4215930,95005,2180822,114992,2035108,0,0,156031,2715146,53495,750340,156262,3465486,
All CA Counties,2021-02-04,227409,4443339,99808,2280630,127601,2162709,0,0,166859,2822339,60012,810352,167205,3632691,
All CA Counties,2021-02-05,245275,4688614,106253,2386883,139022,2301731,0,0,166779,2911915,77745,888097,167321,3800012,
All CA Counties,2021-02-06,154415,4843029,74665,2461548,79750,2381481,0,0,119781,2997711,34468,922565,120264,3920276,
All CA Counties,2021-02-07,66629,4909658,43070,2504618,23559,2405040,0,0,50223,3032061,16321,938886,50671,3970947,
All CA Counties,2021-02-08,179848,5089506,88252,2592870,91596,2496636,0,0,118748,3090880,60650,999536,119469,4090416,
All CA Counties,2021-02-09,210260,5299766,101604,2694474,108656,2605292,0,0,126251,3134685,83570,1083106,127375,4217791,
All CA Counties,2021-02-10,247763,5547529,119658,2814132,128105,2733397,0,0,137847,3164895,109088,1192194,139298,4357089,
All CA Counties,2021-02-11,263468,5810997,130527,2944659,132941,2866338,0,0,144683,3193592,117749,1309943,146446,4503535,
All CA Counties,2021-02-12,271159,6082156,118861,3063520,152298,3018636,0,0,146603,3218778,123760,1433703,148946,4652481,
All CA Counties,2021-02-13,166229,6248385,77044,3140564,89185,3107821,0,0,91895,3238694,73918,1507621,93834,4746315,
All CA Counties,2021-02-14,95197,6343582,47449,3188013,47748,3155569,0,0,51575,3248468,43472,1551093,53246,4799561,
All CA Counties,2021-02-15,141575,6485157,62282,3250295,79293,3234862,0,0,78373,3267218,62849,1613942,81599,4881160,
All CA Counties,2021-02-16,247856,6733013,117599,3367894,130257,3365119,0,0,132890,3288916,114616,1728558,136314,5017474,
All CA Counties,2021-02-17,257384,6990397,128130,3496024,129254,3494373,0,0,128336,3292348,128555,1857113,131987,5149461,
All CA Counties,2021-02-18,271335,7261732,141668,3637692,129667,3624040,0,0,131792,3289936,138894,1996007,136482,5285943,
All CA Counties,2021-02-19,251454,7513186,145938,3783630,105516,3729556,0,0,130022,3301164,120965,2116972,132193,5418136,
All CA Counties,2021-02-20,151389,7664575,96891,3880521,54498,3784054,0,0,83326,3318953,67821,2184793,85610,5503746,
All CA Counties,2021-02-21,72113,7736688,58180,3938701,13933,3797987,0,0,35571,3320486,36319,2221112,37852,5541598,
All CA Counties,2021-02-22,162715,7899403,109161,4047862,53554,3851541,0,0,81635,3323840,80766,2301878,84120,5625718,
All CA Counties,2021-02-23,221763,8121166,116559,4164421,105204,3956745,0,0,102980,3315524,118246,2420124,109930,5735648,
All CA Counties,2021-02-24,280832,8401998,141728,4306149,139104,4095849,0,0,133977,3311835,146266,2566390,142577,5878225,
All CA Counties,2021-02-25,315624,8717622,154278,4460427,161346,4257195,0,0,164970,3336249,150008,2716398,174422,6052647,
All CA Counties,2021-02-26,349729,9067351,162969,4623396,186760,4443955,0,0,195805,3386300,153073,2869471,203124,6255771,
All CA Counties,2021-02-27,245665,9313016,117441,4740837,128206,4572161,18,18,139118,3424023,105988,2975459,143711,6399482,
All CA Counties,2021-02-28,129501,9442517,77304,4818141,52194,4624355,3,21,75849,3450394,53265,3028724,79636,6479118,
All CA Counties,2021-03-01,236330,9678847,125325,4943466,110953,4735308,52,73,136735,3493095,98955,3127679,141656,6620774,
All CA Counties,2021-03-02,275243,9954090,133932,5077398,141295,4876603,16,89,163885,3553931,110904,3238583,171740,6792514,
All CA Counties,2021-03-03,326966,10281056,161461,5238859,165466,5042069,39,128,187840,3611498,138500,3377083,196067,6988581,
All CA Counties,2021-03-04,346182,10627238,174305,5413164,171793,5213862,84,212,202912,3679515,142573,3519656,210590,7199171,
All CA Counties,2021-03-05,331294,10958532,161006,5574170,169179,5383041,1109,1321,205174,3768032,125379,3645035,213896,7413067,
All CA Counties,2021-03-06,255234,11213766,130187,5704357,117261,5500302,7786,9107,158201,3842602,96654,3741689,171224,7584291,
All CA Counties,2021-03-07,124060,11337826,75418,5779775,44601,5544903,4041,13148,77159,3881628,46735,3788424,85761,7670052,
All CA Counties,2021-03-08,215009,11552835,103438,5883213,101213,5646116,10358,23506,140192,3962708,74478,3862902,155558,7825610,
All CA Counties,2021-03-09,266397,11819232,115666,5998879,134962,5781078,15769,39275,143843,4005895,122125,3985027,165312,7990922,
All CA Counties,2021-03-10,312749,12131981,153705,6152584,135314,5916392,23730,63005,168279,4059522,143882,4128909,197509,8188431,
All CA Counties,2021-03-11,371912,12503893,179529,6332113,159569,6075961,32814,95819,191410,4109512,179644,4308553,229634,8418065,
All CA Counties,2021-03-12,387663,12891556,172385,6504498,169402,6245363,45876,141695,189223,4150943,197709,4506262,239140,8657205,
All CA Counties,2021-03-13,278173,13169729,121765,6626263,125636,6370999,30772,172467,150178,4208590,127585,4633847,185232,8842437,
All CA Counties,2021-03-14,152415,13322144,81346,6707609,56258,6427257,14811,187278,82279,4238172,69882,4703729,99464,8941901,
All CA Counties,2021-03-15,287362,13609506,136778,6844387,130234,6557491,20350,207628,157036,4289324,129652,4833381,180804,9122705,
All CA Counties,2021-03-16,366523,13976029,171519,7015906,177917,6735408,17087,224715,214513,4373471,151326,4984707,235473,9358178,
All CA Counties,2021-03-17,378359,14354388,186917,7202823,173248,6908656,18194,242909,234951,4486910,142685,5127392,256124,9614302,
All CA Counties,2021-03-18,394088,14748476,200251,7403074,176137,7084793,17700,260609,236569,4587784,156528,5283920,257402,9871704,
All CA Counties,2021-03-19,403186,15151662,210894,7613968,170979,7255772,21313,281922,236409,4682115,165893,5449813,260224,10131928,
All CA Counties,2021-03-20,289721,15441383,151894,7765862,122159,7377931,15668,297590,186173,4782927,102959,5552772,203771,10335699,
All CA Counties,2021-03-21,141219,15582602,97167,7863029,36669,7414600,7383,304973,89202,4830527,51723,5604495,99323,10435022,
All CA Counties,2021-03-22,268382,15850984,156496,8019525,101020,7515620,10866,315839,177552,4932298,90194,5694689,191965,10626987,
All CA Counties,2021-03-23,352179,16203163,193449,8212974,148069,7663689,10661,326500,226721,5047868,124636,5819325,240206,10867193,
All CA Counties,2021-03-24,381407,16584570,218640,8431614,150733,7814422,12034,338534,224826,5132527,155468,5974793,240127,11107320,
All CA Counties,2021-03-25,409349,16993919,224894,8656508,170132,7984554,14323,352857,235997,5212870,172181,6146974,252524,11359844,
All CA Counties,2021-03-26,426465,17420384,227413,8883921,183315,8167869,15737,368594,236052,5278339,189315,6336289,254784,11614628,
All CA Counties,2021-03-27,306412,17726796,162826,9046747,132292,8300161,11294,379888,157613,5301438,148069,6484358,171168,11785796,
All CA Counties,2021-03-28,165958,17892754,105927,9152674,56465,8356626,3566,383454,90939,5323215,74644,6559002,96421,11882217,
All CA Counties,2021-03-29,306081,18198835,165056,9317730,132494,8489120,8531,391985,174513,5377840,130914,6689916,185539,12067756,
All CA Counties,2021-03-30,393214,18592049,198743,9516473,176872,8665992,17599,409584,239470,5483691,153062,6842978,258913,12326669,
All CA Counties,2021-03-31,418998,19011047,227749,9744222,170117,8836109,21132,430716,240869,5569511,177282,7020260,263102,12589771,
All CA Counties,2021-04-01,480446,19491493,245690,9989912,196001,9032110,38755,469471,266599,5663297,212838,7233098,306624,12896395,
All CA Counties,2021-04-02,463376,19954869,226290,10216202,195556,9227666,41530,511001,253632,5751486,208659,7441757,296848,13193243,
All CA Counties,2021-04-03,322870,20277739,164124,10380326,118584,9346250,40162,551163,162250,5795285,160052,7601809,203851,13397094,
All CA Counties,2021-04-04,131240,20408979,68509,10448835,43975,9390225,18756,569919,58639,5800554,72365,7674174,77634,13474728,
All CA Counties,2021-04-05,348147,20757126,179462,10628297,129840,9520065,38845,608764,173499,5841551,174076,7848250,215073,13689801,
All CA Counties,2021-04-06,452643,21209769,229979,10858276,158031,9678096,64633,673397,221479,5899840,230364,8078614,288653,13978454,
All CA Counties,2021-04-07,465715,21675484,242326,11100602,154493,9832589,68896,742293,228817,5963747,236073,8314687,299980,14278434,
All CA Counties,2021-04-08,492294,22167778,249042,11349644,160131,9992720,83121,825414,233313,6024606,257968,8572655,318827,14597261,
All CA Counties,2021-04-09,482614,22650392,240369,11590013,163917,10156637,78328,903742,224019,6072845,257652,8830307,305891,14903152,
All CA Counties,2021-04-10,360543,23010935,165367,11755380,122538,10279175,72638,976380,152703,6093946,207201,9037508,228302,15131454,
All CA Counties,2021-04-11,184278,23195213,102976,11858356,47593,10326768,33709,1010089,76386,6099981,107586,9145094,113621,15245075,
All CA Counties,2021-04-12,335535,23530748,172853,12031209,125409,10452177,37273,1047362,156667,6119448,178034,9323128,197501,15442576,
All CA Counties,2021-04-13,425870,23956618,237528,12268737,187424,10639601,918,1048280,237919,6175073,187082,9510210,242707,15685283,
All CA Counties,2021-04-14,442254,24398872,248410,12517147,193574,10833175,270,1048550,232158,6204532,209068,9719278,238527,15923810,
All CA Counties,2021-04-15,481128,24880000,280448,12797595,200456,11033631,224,1048774,270763,6271117,209083,9928361,275668,16199478,
All CA Counties,2021-04-16,465053,25345053,262258,13059853,202493,11236124,302,1049076,249241,6308888,214734,10143095,252505,16451983,
All CA Counties,2021-04-17,331630,25676683,186663,13246516,144927,11381051,40,1049116,187918,6357691,143042,10286137,191845,16643828,
All CA Counties,2021-04-18,151338,25828021,95839,13342355,55484,11436535,15,1049131,79035,6368415,71955,10358092,82679,16726507,
All CA Counties,2021-04-19,313677,26141698,181441,13523796,132141,11568676,95,1049226,149027,6356728,163882,10521974,152195,16878702,
All CA Counties,2021-04-20,401621,26543319,213720,13737516,187853,11756529,48,1049274,200781,6363142,199934,10721908,206348,17085050,
All CA Counties,2021-04-21,414334,26957653,234980,13972496,179100,11935629,254,1049528,200247,6356703,212865,10934773,206426,17291476,
All CA Counties,2021-04-22,437210,27394863,248522,14221018,188617,12124246,71,1049599,196584,6321145,239417,11174190,203859,17495335,
All CA Counties,2021-04-23,429044,27823907,245124,14466142,183841,12308087,79,1049678,195126,6294218,232714,11406904,205787,17701122,
All CA Counties,2021-04-24,318103,28142010,201533,14667675,116413,12424500,157,1049835,162582,6309629,154695,11561599,170106,17871228,
All CA Counties,2021-04-25,147933,28289943,97621,14765296,50249,12474749,63,1049898,79452,6323427,68102,11629701,81900,17953128,
All CA Counties,2021-04-26,265135,28555078,154370,14919666,109379,12584128,1386,1051284,114667,6298311,149675,11779376,124559,18077687,
All CA Counties,2021-04-27,334467,28889545,184649,15104315,144517,12728645,5301,1056585,134289,6247524,199205,11978581,148418,18226105,
All CA Counties,2021-04-28,332087,29221632,189677,15293992,134931,12863576,7479,1064064,134234,6200156,196958,12175539,149590,18375695,
All CA Counties,2021-04-29,312695,29534327,180701,15474693,125055,12988631,6939,1071003,113265,6130438,198557,12374096,128839,18504534,
All CA Counties,2021-04-30,346054,29880381,199020,15673713,138803,13127434,8231,1079234,131530,6064185,213547,12587643,147294,18651828,
All CA Counties,2021-05-01,239017,30119398,152568,15826281,80928,13208362,5521,1084755,87286,6010836,151106,12738749,97757,18749585,
All CA Counties,2021-05-02,107772,30227170,73899,15900180,30191,13238553,3682,1088437,38107,5984491,69335,12808084,42990,18792575,
All CA Counties,2021-05-03,171915,30399085,100337,16000517,66815,13305368,4763,1093200,54169,5929422,117195,12925279,62126,18854701,
All CA Counties,2021-05-04,241140,30640225,144391,16144908,91782,13397150,4967,1098167,69879,5840374,170539,13095818,81491,18936192,
All CA Counties,2021-05-05,170044,30810269,113458,16258366,52196,13449346,4390,1102557,43684,5766606,125798,13221616,52030,18988222,
All CA and Non-CA Counties,2020-12-15,1141,1141,1141,1141,0,0,0,0,1141,1141,0,0,1141,1141,
All CA and Non-CA Counties,2020-12-16,8383,9524,8383,9524,0,0,0,0,8383,9524,0,0,8383,9524,
All CA and Non-CA Counties,2020-12-17,27317,36841,27317,36841,0,0,0,0,27317,36841,0,0,27317,36841,
All CA and Non-CA Counties,2020-12-18,46313,83154,46252,83093,61,61,0,0,46313,83154,0,0,46313,83154,
All CA and Non-CA Counties,2020-12-19,26322,109476,26298,109391,24,85,0,0,26321,109474,1,1,26321,109475,
All CA and Non-CA Counties,2020-12-20,19644,129120,19609,129000,35,120,0,0,19643,129116,1,2,19643,129118,
All CA and Non-CA Counties,2020-12-21,51725,180845,51642,180642,83,203,0,0,51723,180838,1,3,51723,180841,
All CA and Non-CA Counties,2020-12-22,51917,232762,49731,230373,2186,2389,0,0,51915,232752,1,4,51915,232756,
All CA and Non-CA Counties,2020-12-23,51762,284524,42923,273296,8839,11228,0,0,51758,284510,0,4,51758,284514,
All CA and Non-CA Counties,2020-12-24,24818,309342,16929,290225,7889,19117,0,0,24815,309324,1,5,24815,309329,
All CA and Non-CA Counties,2020-12-25,2367,311709,2042,292267,325,19442,0,0,2367,311691,0,5,2367,311696,
All CA and Non-CA Counties,2020-12-26,14914,326623,9638,301905,5276,24718,0,0,14913,326603,1,6,14913,326609,
All CA and Non-CA Counties,2020-12-27,9577,336200,5639,307544,3938,28656,0,0,9576,336178,1,7,9576,336185,
All CA and Non-CA Counties,2020-12-28,47069,383269,30169,337713,16900,45556,0,0,47066,383241,3,10,47066,383251,
All CA and Non-CA Counties,2020-12-29,52573,435842,29533,367246,23040,68596,0,0,52569,435807,3,13,52569,435820,
All CA and Non-CA Counties,2020-12-30,64895,500737,36930,404176,27965,96561,0,0,64887,500691,3,16,64887,500707,
All CA and Non-CA Counties,2020-12-31,30412,531149,11440,415616,18972,115533,0,0,30402,531087,6,22,30402,531109,
All CA and Non-CA Counties,2021-01-01,4094,535243,1788,417404,2306,117839,0,0,4090,535174,3,25,4090,535199,
All CA and Non-CA Counties,2021-01-02,18694,553937,10365,427769,8329,126168,0,0,18692,553865,1,26,18692,553891,
All CA and Non-CA Counties,2021-01-03,6315,560252,3569,431338,2746,128914,0,0,6286,560139,12,38,6286,560177,
All CA and Non-CA Counties,2021-01-04,44656,604908,22583,453921,22073,150987,0,0,44571,604666,44,82,44571,604748,
All CA and Non-CA Counties,2021-01-05,57841,662749,30451,484372,27390,178377,0,0,52215,651398,5569,5651,52301,657049,
All CA and Non-CA Counties,2021-01-06,75964,738713,42062,526434,33902,212279,0,0,59919,695481,15864,21515,59947,716996,
All CA and Non-CA Counties,2021-01-07,95987,834700,54805,581239,41182,253461,0,0,63782,727271,32038,53553,63828,780824,
All CA and Non-CA Counties,2021-01-08,110916,945616,66905,648144,44011,297472,0,0,67971,752499,42803,96356,68031,848855,
All CA and Non-CA Counties,2021-01-09,45485,991101,25971,674115,19514,316986,0,0,28683,764429,16780,113136,28710,877565,
All CA and Non-CA Counties,2021-01-10,24555,1015656,15001,689116,9554,326540,0,0,13219,766345,11320,124456,13236,890801,
All CA and Non-CA Counties,2021-01-11,107527,1123183,71363,760479,36164,362704,0,0,62492,784006,44994,169450,62655,953456,
All CA and Non-CA Counties,2021-01-12,116396,1239579,68738,829217,47658,410362,0,0,73920,815758,42392,211842,74144,1027600,
All CA and Non-CA Counties,2021-01-13,122293,1361872,63257,892474,59036,469398,0,0,87504,868633,34705,246547,87580,1115180,
All CA and Non-CA Counties,2021-01-14,127039,1488911,50765,943239,76274,545672,0,0,106891,955635,20033,266580,107035,1222215,
All CA and Non-CA Counties,2021-01-15,145919,1634830,53041,996280,92878,638550,0,0,130462,1070929,15352,281932,130646,1352861,
All CA and Non-CA Counties,2021-01-16,83042,1717872,27766,1024046,55276,693826,0,0,75350,1138662,7665,289597,75398,1428259,
All CA and Non-CA Counties,2021-01-17,48532,1766404,16928,1040974,31604,725430,0,0,44852,1179887,3672,293269,44897,1473156,
All CA and Non-CA Counties,2021-01-18,88898,1855302,46431,1087405,42467,767897,0,0,69306,1229835,19511,312780,69459,1542615,
All CA and Non-CA Counties,2021-01-19,145564,2000866,74717,1162122,70847,838744,0,0,113610,1311900,31861,344641,113926,1656541,
All CA and Non-CA Counties,2021-01-20,163308,2164174,82438,1244560,80870,919614,0,0,129001,1407021,34125,378766,129246,1785787,
All CA and Non-CA Counties,2021-01-21,176814,2340988,77758,1322318,99056,1018670,0,0,157324,1545390,19276,398042,157645,1943432,
All CA and Non-CA Counties,2021-01-22,173486,2514474,70062,1392380,103424,1122094,0,0,158879,1689957,14473,412515,159040,2102472,
All CA and Non-CA Counties,2021-01-23,113258,2627732,49756,1442136,63502,1185596,0,0,100553,1777977,12646,425161,100666,2203138,
All CA and Non-CA Counties,2021-01-24,61489,2689221,29727,1471863,31762,1217358,0,0,56779,1830128,4680,429841,56831,2259969,
All CA and Non-CA Counties,2021-01-25,148322,2837543,66877,1538740,81445,1298803,0,0,112769,1907807,35433,465274,113112,2373081,
All CA and Non-CA Counties,2021-01-26,173705,3011248,85371,1624111,88334,1387137,0,0,135734,2005953,37849,503123,135995,2509076,
All CA and Non-CA Counties,2021-01-27,184352,3195600,90570,1714681,93782,1480919,0,0,144589,2111382,39359,542482,144788,2653864,
All CA and Non-CA Counties,2021-01-28,192317,3387917,89063,1803744,103254,1584173,0,0,157926,2235394,34102,576584,158114,2811978,
All CA and Non-CA Counties,2021-01-29,187728,3575645,91204,1894948,96524,1680697,0,0,152571,2353527,34594,611178,152727,2964705,
All CA and Non-CA Counties,2021-01-30,127245,3702890,57622,1952570,69623,1750320,0,0,112035,2450652,15049,626227,112174,3076879,
All CA and Non-CA Counties,2021-01-31,72367,3775257,41664,1994234,30703,1781023,0,0,67253,2512885,5071,631298,67304,3144183,
All CA and Non-CA Counties,2021-02-01,163682,3938939,75483,2069717,88199,1869222,0,0,124849,2599176,38685,669983,124976,3269159,
All CA and Non-CA Counties,2021-02-02,192517,4131456,81678,2151395,110839,1980061,0,0,146068,2699369,46092,716075,146285,3415444,
All CA and Non-CA Counties,2021-02-03,217375,4348831,97134,2248529,120241,2100302,0,0,162529,2807764,54366,770441,162761,3578205,
All CA and Non-CA Counties,2021-02-04,234275,4583106,102045,2350574,132230,2232532,0,0,172727,2919837,61001,831442,173074,3751279,
All CA and Non-CA Counties,2021-02-05,252111,4835217,108485,2459059,143626,2376158,0,0,172548,3014116,78811,910253,173090,3924369,
All CA and Non-CA Counties,2021-02-06,158882,4994099,76848,2535907,82034,2458192,0,0,123782,3103456,34928,945181,124268,4048637,
All CA and Non-CA Counties,2021-02-07,68866,5062965,44924,2580831,23942,2482134,0,0,52380,3139885,16401,961582,52830,4101467,
All CA and Non-CA Counties,2021-02-08,185133,5248098,91571,2672402,93562,2575696,0,0,122940,3201813,61733,1023315,123661,4225128,
All CA and Non-CA Counties,2021-02-09,214551,5462649,103518,2775920,111033,2686729,0,0,129220,3247287,84884,1108199,130358,4355486,
All CA and Non-CA Counties,2021-02-10,253340,5715989,121556,2897476,131784,2818513,0,0,140954,3278184,111550,1219749,142447,4497933,
All CA and Non-CA Counties,2021-02-11,268294,5984283,132764,3030240,135530,2954043,0,0,148150,3309014,119100,1338849,149930,4647863,
All CA and Non-CA Counties,2021-02-12,276418,6260701,120815,3151055,155603,3109646,0,0,150012,3335767,125607,1464456,152360,4800223,
All CA and Non-CA Counties,2021-02-13,168642,6429343,77741,3228796,90901,3200547,0,0,93767,3357023,74462,1538918,95718,4895941,
All CA and Non-CA Counties,2021-02-14,96530,6525873,47849,3276645,48681,3249228,0,0,52665,3367650,43711,1582629,54338,4950279,
All CA and Non-CA Counties,2021-02-15,144126,6669999,63828,3340473,80298,3329526,0,0,79600,3386322,64158,1646787,82830,5033109,
All CA and Non-CA Counties,2021-02-16,254395,6924394,120582,3461055,133813,3463339,0,0,135534,3406783,118501,1765288,138962,5172071,
All CA and Non-CA Counties,2021-02-17,263291,7187685,131071,3592126,132220,3595559,0,0,130168,3407982,132624,1897912,133823,5305894,
All CA and Non-CA Counties,2021-02-18,277814,7465499,145434,3737560,132380,3727939,0,0,133852,3403229,143296,2041208,138543,5444437,
All CA and Non-CA Counties,2021-02-19,257331,7722830,150054,3887614,107277,3835216,0,0,132492,3413527,124366,2165574,134664,5579101,
All CA and Non-CA Counties,2021-02-20,154639,7877469,99480,3987094,55159,3890375,0,0,84529,3430477,69864,2235438,86814,5665915,
All CA and Non-CA Counties,2021-02-21,73915,7951384,59766,4046860,14149,3904524,0,0,36193,3431456,37495,2272933,38474,5704389,
All CA and Non-CA Counties,2021-02-22,166182,8117566,111701,4158561,54481,3959005,0,0,83260,3434599,82607,2355540,85750,5790139,
All CA and Non-CA Counties,2021-02-23,227667,8345233,119842,4278403,107825,4066830,0,0,105298,3425036,121825,2477365,112262,5902401,
All CA and Non-CA Counties,2021-02-24,287208,8632441,145242,4423645,141966,4208796,0,0,136479,3419985,150135,2627500,145084,6047485,
All CA and Non-CA Counties,2021-02-25,322595,8955036,157824,4581469,164771,4373567,0,0,168118,3443759,153800,2781300,177574,6225059,
All CA and Non-CA Counties,2021-02-26,356571,9311607,166602,4748071,189969,4563536,0,0,198998,3493434,156643,2937943,206318,6431377,
All CA and Non-CA Counties,2021-02-27,250986,9562593,120009,4868080,130958,4694494,19,19,140985,3529585,109431,3047374,145582,6576959,
All CA and Non-CA Counties,2021-02-28,131934,9694527,79074,4947154,52856,4747350,4,23,76654,3555138,54890,3102264,80443,6657402,
All CA and Non-CA Counties,2021-03-01,241091,9935618,128279,5075433,112759,4860109,53,76,138059,3595740,102384,3204648,142986,6800388,
All CA and Non-CA Counties,2021-03-02,281443,10217061,135944,5211377,145483,5005592,16,92,165768,3654156,115209,3319857,173625,6974013,
All CA and Non-CA Counties,2021-03-03,334731,10551792,164425,5375802,170265,5175857,41,133,190437,3709171,143655,3463512,198670,7172683,
All CA and Non-CA Counties,2021-03-04,352952,10904744,177190,5552992,175674,5351531,88,221,205263,3775142,146976,3610488,212947,7385630,
All CA and Non-CA Counties,2021-03-05,336360,11241104,163458,5716450,171779,5523310,1123,1344,207783,3863833,127835,3738323,216526,7602156,
All CA and Non-CA Counties,2021-03-06,259844,11500948,132310,5848760,119590,5642900,7944,9288,160542,3938642,98922,3837245,173731,7775887,
All CA and Non-CA Counties,2021-03-07,125611,11626559,76397,5925157,45119,5688019,4095,13383,78088,3978032,47355,3884600,86745,7862632,
All CA and Non-CA Counties,2021-03-08,218022,11844581,105184,6030341,102232,5790251,10606,23989,142295,4060587,75360,3959960,157915,8020547,
All CA and Non-CA Counties,2021-03-09,270704,12115285,117709,6148050,136900,5927151,16095,40084,146276,4104662,123996,4083956,168071,8188618,
All CA and Non-CA Counties,2021-03-10,316932,12432217,155620,6303670,137077,6064228,24235,64319,170806,4159678,145532,4229488,200548,8389166,
All CA and Non-CA Counties,2021-03-11,377988,12810205,182569,6486239,161913,6226141,33506,97825,194643,4210758,182480,4411968,233560,8622726,
All CA and Non-CA Counties,2021-03-12,393848,13204053,176002,6662241,171239,6397380,46607,144432,192505,4253309,200602,4612570,243153,8865879,
All CA and Non-CA Counties,2021-03-13,281906,13485959,123906,6786147,126761,6524141,31239,175671,152766,4312875,128724,4741294,188290,9054169,
All CA and Non-CA Counties,2021-03-14,154180,13640139,82246,6868393,56797,6580938,15137,190808,83327,4343115,70599,4811893,100839,9155008,
All CA and Non-CA Counties,2021-03-15,291304,13931443,138807,7007200,131706,6712644,20791,211599,159126,4394954,131501,4943394,183340,9338348,
All CA and Non-CA Counties,2021-03-16,373778,14305221,175645,7182845,180673,6893317,17460,229059,218468,4480131,154623,5098017,239800,9578148,
All CA and Non-CA Counties,2021-03-17,386415,14691636,191979,7374824,175875,7069192,18561,247620,239669,4595324,146017,5244034,261210,9839358,
All CA and Non-CA Counties,2021-03-18,402056,15093692,205051,7579875,178781,7247973,18224,265844,241115,4697854,159942,5403976,262472,10101830,
All CA and Non-CA Counties,2021-03-19,410476,15504168,215210,7795085,173410,7421383,21856,287700,240812,4794246,168781,5572757,265173,10367003,
All CA and Non-CA Counties,2021-03-20,294439,15798607,154975,7950060,123710,7545093,15754,303454,189803,4897695,104038,5676795,207487,10574490,
All CA and Non-CA Counties,2021-03-21,143242,15941849,98532,8048592,37240,7582333,7470,310924,90827,4946613,52118,5728913,101036,10675526,
All CA and Non-CA Counties,2021-03-22,271632,16213481,158451,8207043,102227,7684560,10954,321878,179795,5049719,91190,5820103,194296,10869822,
All CA and Non-CA Counties,2021-03-23,358176,16571657,196501,8403544,150739,7835299,10936,332814,230933,5168007,126406,5946509,244694,11114516,
All CA and Non-CA Counties,2021-03-24,388607,16960264,222324,8625868,153824,7989123,12459,345273,229861,5255962,157629,6104138,245584,11360100,
All CA and Non-CA Counties,2021-03-25,417422,17377686,228585,8854453,174027,8163150,14810,360083,242029,5340796,174209,6278347,259043,11619143,
All CA and Non-CA Counties,2021-03-26,433044,17810730,230858,9085311,186276,8349426,15910,375993,240542,5408859,191383,6469730,259446,11878589,
All CA and Non-CA Counties,2021-03-27,311720,18122450,165854,9251165,134473,8483899,11393,387386,161035,5433595,149950,6619680,174686,12053275,
All CA and Non-CA Counties,2021-03-28,168991,18291441,107528,9358693,57740,8541639,3723,391109,92971,5456566,75639,6695319,98610,12151885,
All CA and Non-CA Counties,2021-03-29,311116,18602557,167267,9525960,134987,8676626,8862,399971,177535,5512535,132924,6828243,188893,12340778,
All CA and Non-CA Counties,2021-03-30,399846,19002403,202150,9728110,179555,8856181,18141,418112,243615,5620605,155538,6983781,263608,12604386,
All CA and Non-CA Counties,2021-03-31,425094,19427497,231367,9959477,171836,9028017,21891,440003,244351,5708049,179896,7163677,267340,12871726,
All CA and Non-CA Counties,2021-04-01,487639,19915136,249911,10209388,198356,9226373,39372,479375,270896,5803843,215738,7379415,311532,13183258,
All CA and Non-CA Counties,2021-04-02,471547,20386683,230480,10439868,198408,9424781,42659,522034,258032,5893793,212427,7591842,302377,13485635,
All CA and Non-CA Counties,2021-04-03,328953,20715636,167729,10607597,119913,9544694,41311,563345,165452,5939062,162933,7754775,208202,13693837,
All CA and Non-CA Counties,2021-04-04,133030,20848666,69385,10676982,44655,9589349,18990,582335,59648,5944794,73145,7827920,78877,13772714,
All CA and Non-CA Counties,2021-04-05,352148,21200814,181398,10858380,131251,9720600,39499,621834,175455,5986361,176117,8004037,217684,13990398,
All CA and Non-CA Counties,2021-04-06,459406,21660220,233549,11091929,159671,9880271,66186,688020,224258,6045008,234337,8238374,292984,14283382,
All CA and Non-CA Counties,2021-04-07,473428,22133648,246621,11338550,156254,10036525,70553,758573,231954,6109121,240650,8479024,304763,14588145,
All CA and Non-CA Counties,2021-04-08,500075,22633723,253048,11591598,162004,10198529,85023,843596,236470,6170407,262593,8741617,323879,14912024,
All CA and Non-CA Counties,2021-04-09,489874,23123597,244027,11835625,165614,10364143,80233,923829,226931,6219116,262001,9003618,310710,15222734,
All CA and Non-CA Counties,2021-04-10,366600,23490197,168440,12004065,123675,10487818,74485,998314,154445,6239479,211524,9215142,231887,15454621,
All CA and Non-CA Counties,2021-04-11,187123,23677320,104513,12108578,48271,10536089,34339,1032653,77429,6245387,109387,9324529,115295,15569916,
All CA and Non-CA Counties,2021-04-12,339415,24016735,174974,12283552,126640,10662729,37801,1070454,158423,6265018,180154,9504683,199785,15769701,
All CA and Non-CA Counties,2021-04-13,431411,24448146,241033,12524585,189436,10852165,942,1071396,240701,6320696,189835,9694518,245513,16015214,
All CA and Non-CA Counties,2021-04-14,447374,24895520,251640,12776225,195461,11047626,273,1071669,234936,6350600,211404,9905922,241308,16256522,
All CA and Non-CA Counties,2021-04-15,487063,25382583,284051,13060276,202781,11250407,231,1071900,273993,6417770,211736,10117658,278906,16535428,
All CA and Non-CA Counties,2021-04-16,470945,25853528,265676,13325952,204960,11455367,309,1072209,252642,6456465,217219,10334877,255914,16791342,
All CA and Non-CA Counties,2021-04-17,336814,26190342,189729,13515681,147044,11602411,41,1072250,190874,6506004,145263,10480140,194802,16986144,
All CA and Non-CA Counties,2021-04-18,153430,26343772,96999,13612680,56415,11658826,16,1072266,80035,6516643,73042,10553182,83681,17069825,
All CA and Non-CA Counties,2021-04-19,317828,26661600,183421,13796101,134311,11793137,96,1072362,151209,6505183,165840,10719022,154380,17224205,
All CA and Non-CA Counties,2021-04-20,407049,27068649,216265,14012366,190736,11983873,48,1072410,203165,6510943,202972,10921994,208732,17432937,
All CA and Non-CA Counties,2021-04-21,420875,27489524,237839,14250205,182780,12166653,256,1072666,202766,6503017,216874,11138868,208948,17641885,
All CA and Non-CA Counties,2021-04-22,444278,27933802,252330,14502535,191874,12358527,74,1072740,199489,6466212,243573,11382441,206768,17848653,
All CA and Non-CA Counties,2021-04-23,435079,28368881,248275,14750810,186724,12545251,80,1072820,197825,6438663,236038,11618479,208489,18057142,
All CA and Non-CA Counties,2021-04-24,323029,28691910,204976,14955786,117892,12663143,161,1072981,164849,6453693,157350,11775829,172380,18229522,
All CA and Non-CA Counties,2021-04-25,150121,28842031,98923,15054709,51133,12714276,65,1073046,80597,6467600,69142,11844971,83049,18312571,
All CA and Non-CA Counties,2021-04-26,268629,29110660,155875,15210584,111346,12825622,1408,1074454,116259,6442201,151572,11996543,126173,18438744,
All CA and Non-CA Counties,2021-04-27,339565,29450225,186388,15396972,147587,12973209,5590,1080044,136227,6390492,202359,12198902,150650,18589394,
All CA and Non-CA Counties,2021-04-28,336917,29787142,191738,15588710,137309,13110518,7870,1087914,136272,6342773,199740,12398642,152021,18741415,
All CA and Non-CA Counties,2021-04-29,317507,30104649,182982,15771692,127176,13237694,7349,1095263,115512,6273166,201105,12599747,131498,18872913,
All CA and Non-CA Counties,2021-04-30,351529,30456178,201762,15973454,141058,13378752,8709,1103972,134049,6206964,216495,12816242,150293,19023206,
All CA and Non-CA Counties,2021-05-01,242620,30698798,154676,16128130,81963,13460715,5981,1109953,88990,6153891,152995,12969237,99922,19123128,
All CA and Non-CA Counties,2021-05-02,109755,30808553,75067,16203197,30874,13491589,3814,1113767,39131,6127746,70292,13039529,44147,19167275,
All CA and Non-CA Counties,2021-05-03,173585,30982138,101176,16304373,67491,13559080,4918,1118685,54993,6072812,118039,13157568,63105,19230380,
All CA and Non-CA Counties,2021-05-04,244157,31226295,145975,16450348,92901,13651981,5281,1123966,71203,5983715,172224,13329792,83127,19313507,
All CA and Non-CA Counties,2021-05-05,172643,31398938,114975,16565323,53073,13705054,4595,1128561,44726,5909645,127349,13457141,53279,19366786,
Outside California,2020-12-15,7,7,7,7,0,0,0,0,7,7,0,0,7,7,Not in California
Outside California,2020-12-16,265,272,265,272,0,0,0,0,265,272,0,0,265,272,Not in California
Outside California,2020-12-17,1599,1871,1599,1871,0,0,0,0,1599,1871,0,0,1599,1871,Not in California
Outside California,2020-12-18,2558,4429,2551,4422,7,7,0,0,2558,4429,0,0,2558,4429,Not in California
Outside California,2020-12-19,1039,5468,1038,5460,1,8,0,0,1039,5468,0,0,1039,5468,Not in California
Outside California,2020-12-20,676,6144,673,6133,3,11,0,0,676,6144,0,0,676,6144,Not in California
Outside California,2020-12-21,2192,8336,2189,8322,3,14,0,0,2192,8336,0,0,2192,8336,Not in California
Outside California,2020-12-22,2065,10401,1991,10313,74,88,0,0,2065,10401,0,0,2065,10401,Not in California
Outside California,2020-12-23,1520,11921,1387,11700,133,221,0,0,1520,11921,0,0,1520,11921,Not in California
Outside California,2020-12-24,804,12725,612,12312,192,413,0,0,804,12725,0,0,804,12725,Not in California
Outside California,2020-12-25,33,12758,29,12341,4,417,0,0,33,12758,0,0,33,12758,Not in California
Outside California,2020-12-26,308,13066,204,12545,104,521,0,0,308,13066,0,0,308,13066,Not in California
Outside California,2020-12-27,188,13254,73,12618,115,636,0,0,188,13254,0,0,188,13254,Not in California
Outside California,2020-12-28,1418,14672,900,13518,518,1154,0,0,1418,14672,0,0,1418,14672,Not in California
Outside California,2020-12-29,1551,16223,1017,14535,534,1688,0,0,1551,16223,0,0,1551,16223,Not in California
Outside California,2020-12-30,1927,18150,1235,15770,692,2380,0,0,1927,18150,0,0,1927,18150,Not in California
Outside California,2020-12-31,1121,19271,600,16370,521,2901,0,0,1120,19269,1,1,1120,19270,Not in California
Outside California,2021-01-01,111,19382,23,16393,88,2989,0,0,111,19380,0,1,111,19381,Not in California
Outside California,2021-01-02,241,19623,134,16527,107,3096,0,0,240,19619,1,2,240,19621,Not in California
Outside California,2021-01-03,170,19793,90,16617,80,3176,0,0,170,19789,0,2,170,19791,Not in California
Outside California,2021-01-04,1147,20940,511,17128,636,3812,0,0,1143,20932,0,2,1143,20934,Not in California
Outside California,2021-01-05,1540,22480,811,17939,729,4541,0,0,1349,22092,189,191,1349,22283,Not in California
Outside California,2021-01-06,2706,25186,1597,19536,1109,5650,0,0,1973,23335,730,921,1973,24256,Not in California
Outside California,2021-01-07,4143,29329,2535,22071,1608,7258,0,0,2488,24172,1653,2574,2490,26746,Not in California
Outside California,2021-01-08,4520,33849,2924,24995,1596,8854,0,0,2642,24949,1868,4442,2645,29391,Not in California
Outside California,2021-01-09,1318,35167,526,25521,792,9646,0,0,993,25620,324,4766,995,30386,Not in California
Outside California,2021-01-10,302,35469,181,25702,121,9767,0,0,182,25682,120,4886,182,30568,Not in California
Outside California,2021-01-11,3312,38781,2016,27718,1296,11063,0,0,1978,26326,1334,6220,1978,32546,Not in California
Outside California,2021-01-12,3880,42661,2313,30031,1567,12630,0,0,2337,27125,1539,7759,2338,34884,Not in California
Outside California,2021-01-13,3695,46356,1804,31835,1891,14521,0,0,2518,28468,1177,8936,2520,37404,Not in California
Outside California,2021-01-14,3759,50115,1280,33115,2479,17000,0,0,3117,30957,629,9565,3118,40522,Not in California
Outside California,2021-01-15,4282,54397,995,34110,3287,20287,0,0,3812,34312,457,10022,3812,44334,Not in California
Outside California,2021-01-16,2697,57094,382,34492,2315,22602,0,0,2528,36673,167,10189,2528,46862,Not in California
Outside California,2021-01-17,495,57589,148,34640,347,22949,0,0,446,37070,49,10238,446,47308,Not in California
Outside California,2021-01-18,1195,58784,767,35407,428,23377,0,0,739,37355,455,10693,740,48048,Not in California
Outside California,2021-01-19,4043,62827,1320,36727,2723,26100,0,0,3148,39611,895,11588,3151,51199,Not in California
Outside California,2021-01-20,4400,67227,1409,38136,2991,29091,0,0,3467,42148,931,12519,3468,54667,Not in California
Outside California,2021-01-21,4132,71359,1115,39251,3017,32108,0,0,3568,45167,549,13068,3568,58235,Not in California
Outside California,2021-01-22,4628,75987,1079,40330,3549,35657,0,0,4232,49008,392,13460,4233,62468,Not in California
Outside California,2021-01-23,2257,78244,331,40661,1926,37583,0,0,2094,50939,163,13623,2094,64562,Not in California
Outside California,2021-01-24,603,78847,244,40905,359,37942,0,0,525,51386,78,13701,525,65087,Not in California
Outside California,2021-01-25,4463,83310,1955,42860,2508,40450,0,0,3597,54121,863,14564,3598,68685,Not in California
Outside California,2021-01-26,5950,89260,2894,45754,3056,43506,0,0,5104,58387,845,15409,5111,73796,Not in California
Outside California,2021-01-27,4824,94084,2674,48428,2150,45656,0,0,4208,61984,612,16021,4209,78005,Not in California
Outside California,2021-01-28,5290,99374,2878,51306,2412,48068,0,0,4764,66233,515,16536,4764,82769,Not in California
Outside California,2021-01-29,4953,104327,3104,54410,1849,49917,0,0,4168,69625,781,17317,4173,86942,Not in California
Outside California,2021-01-30,4504,108831,2459,56869,2045,51962,0,0,4277,73680,224,17541,4279,91221,Not in California
Outside California,2021-01-31,3173,112004,2754,59623,419,52381,0,0,3118,76744,55,17596,3119,94340,Not in California
Outside California,2021-02-01,5484,117488,2569,62192,2915,55296,0,0,4791,80849,686,18282,4791,99131,Not in California
Outside California,2021-02-02,6762,124250,2166,64358,4596,59892,0,0,6041,86176,714,18996,6041,105172,Not in California
Outside California,2021-02-03,7328,131578,2083,66441,5245,65137,0,0,6460,91777,860,19856,6461,111633,Not in California
Outside California,2021-02-04,6803,138381,2179,68620,4624,69761,0,0,5810,96604,984,20840,5811,117444,Not in California
Outside California,2021-02-05,6814,145195,2217,70837,4597,74358,0,0,5751,101296,1059,21899,5751,123195,Not in California
Outside California,2021-02-06,4448,149643,2169,73006,2279,76637,0,0,3986,104832,453,22352,3989,127184,Not in California
Outside California,2021-02-07,2229,151872,1846,74852,383,77020,0,0,2151,106907,78,22430,2153,129337,Not in California
Outside California,2021-02-08,5233,157105,3270,78122,1963,78983,0,0,4179,110042,1044,23474,4179,133516,Not in California
Outside California,2021-02-09,4271,161376,1895,80017,2376,81359,0,0,2963,111720,1299,24773,2977,136493,Not in California
Outside California,2021-02-10,5542,166918,1868,81885,3674,85033,0,0,3098,112424,2436,27209,3140,139633,Not in California
Outside California,2021-02-11,4733,171651,2145,84030,2588,87621,0,0,3424,114565,1300,28509,3441,143074,Not in California
Outside California,2021-02-12,5213,176864,1916,85946,3297,90918,0,0,3391,116147,1814,30323,3396,146470,Not in California
Outside California,2021-02-13,2397,179261,694,86640,1703,92621,0,0,1854,117470,543,30866,1866,148336,Not in California
Outside California,2021-02-14,1326,180587,399,87039,927,93548,0,0,1085,118319,238,31104,1087,149423,Not in California
Outside California,2021-02-15,2508,183095,1509,88548,999,94547,0,0,1199,118226,1296,32400,1203,150626,Not in California
Outside California,2021-02-16,6435,189530,2888,91436,3547,98094,0,0,2613,117031,3812,36212,2617,153243,Not in California
Outside California,2021-02-17,5897,195427,2933,94369,2964,101058,0,0,1828,114799,4064,40276,1832,155075,Not in California
Outside California,2021-02-18,6374,201801,3666,98035,2708,103766,0,0,2041,112525,4316,44592,2042,157117,Not in California
Outside California,2021-02-19,5681,207482,3926,101961,1755,105521,0,0,2412,111674,3264,47856,2413,159530,Not in California
Outside California,2021-02-20,3238,210720,2584,104545,654,106175,0,0,1198,110835,2038,49894,1199,160729,Not in California
Outside California,2021-02-21,1784,212504,1568,106113,216,106391,0,0,618,110291,1162,51056,618,161347,Not in California
Outside California,2021-02-22,3458,215962,2531,108644,927,107318,0,0,1619,110077,1838,52894,1624,162971,Not in California
Outside California,2021-02-23,5841,221803,3232,111876,2609,109927,0,0,2303,108862,3532,56426,2317,165288,Not in California
Outside California,2021-02-24,6333,228136,3479,115355,2854,112781,0,0,2488,107515,3840,60266,2493,167781,Not in California
Outside California,2021-02-25,6895,235031,3486,118841,3409,116190,0,0,3121,106897,3743,64009,3125,170906,Not in California
Outside California,2021-02-26,6802,241833,3608,122449,3194,119384,0,0,3169,106512,3555,67564,3170,174076,Not in California
Outside California,2021-02-27,5294,247127,2554,125003,2739,122123,1,1,1848,104929,3435,70999,1852,175928,Not in California
Outside California,2021-02-28,2416,249543,1757,126760,658,122781,1,2,795,104106,1620,72619,797,176725,Not in California
Outside California,2021-03-01,4717,254260,2928,129688,1788,124569,1,3,1300,102002,3410,76029,1306,178031,Not in California
Outside California,2021-03-02,6180,260440,2004,131692,4176,128745,0,3,1871,99576,4299,80328,1873,179904,Not in California
Outside California,2021-03-03,7752,268192,2957,134649,4793,133538,2,5,2588,97018,5152,85480,2594,182498,Not in California
Outside California,2021-03-04,6717,274909,2836,137485,3877,137415,4,9,2330,94982,4372,89852,2336,184834,Not in California
Outside California,2021-03-05,5033,279942,2437,139922,2582,139997,14,23,2574,95127,2450,92302,2595,187429,Not in California
Outside California,2021-03-06,4578,284520,2112,142034,2310,142307,156,179,2317,95349,2259,94561,2481,189910,Not in California
Outside California,2021-03-07,1541,286061,978,143012,509,142816,54,233,923,95710,617,95178,978,190888,Not in California
Outside California,2021-03-08,2981,289042,1723,144735,1012,143828,246,479,2095,97200,857,96035,2347,193235,Not in California
Outside California,2021-03-09,4268,293310,2011,146746,1935,145763,322,801,2423,98104,1841,97876,2745,195980,Not in California
Outside California,2021-03-10,4174,297484,1909,148655,1762,147525,503,1304,2522,99491,1645,99521,3032,199012,Not in California
Outside California,2021-03-11,6038,303522,3027,151682,2334,149859,677,1981,3219,100574,2814,102335,3897,202909,Not in California
Outside California,2021-03-12,6103,309625,3561,155243,1816,151675,726,2707,3266,101737,2829,105164,3992,206901,Not in California
Outside California,2021-03-13,3709,313334,2137,157380,1109,152784,463,3170,2580,103660,1123,106287,3046,209947,Not in California
Outside California,2021-03-14,1748,315082,891,158271,533,153317,324,3494,1042,104321,706,106993,1367,211314,Not in California
Outside California,2021-03-15,3912,318994,2018,160289,1455,154772,439,3933,2070,104999,1836,108829,2514,213828,Not in California
Outside California,2021-03-16,7191,326185,4104,164393,2718,157490,369,4302,3911,106000,3278,112107,4279,218107,Not in California
Outside California,2021-03-17,8009,334194,5048,169441,2595,160085,366,4668,4678,107717,3328,115435,5045,223152,Not in California
Outside California,2021-03-18,7926,342120,4779,174220,2623,162708,524,5192,4517,109357,3401,118836,5041,228193,Not in California
Outside California,2021-03-19,7261,349381,4297,178517,2421,165129,543,5735,4378,111401,2880,121716,4924,233117,Not in California
Outside California,2021-03-20,4685,354066,3067,181584,1532,166661,86,5821,3611,114031,1067,122783,3697,236814,Not in California
Outside California,2021-03-21,2000,356066,1348,182932,565,167226,87,5908,1606,115333,392,123175,1694,238508,Not in California
Outside California,2021-03-22,3215,359281,1936,184868,1192,168418,87,5995,2225,116661,984,124159,2312,240820,Not in California
Outside California,2021-03-23,5973,365254,3043,187911,2660,171078,270,6265,4201,119374,1759,125918,4472,245292,Not in California
Outside California,2021-03-24,7174,372428,3675,191586,3074,174152,425,6690,5012,122652,2156,128074,5434,250726,Not in California
Outside California,2021-03-25,8025,380453,3657,195243,3881,178033,487,7177,6000,127125,2014,130088,6487,257213,Not in California
Outside California,2021-03-26,6542,386995,3425,198668,2949,180982,168,7345,4466,129706,2052,132140,4633,261846,Not in California
Outside California,2021-03-27,5269,392264,3015,201683,2155,183137,99,7444,3399,131340,1861,134001,3495,265341,Not in California
Outside California,2021-03-28,3017,395281,1592,203275,1268,184405,157,7601,2021,132527,991,134992,2178,267519,Not in California
Outside California,2021-03-29,4997,400278,2194,205469,2473,186878,330,7931,2997,133857,1998,136990,3328,270847,Not in California
Outside California,2021-03-30,6590,406868,3382,208851,2666,189544,542,8473,4118,136064,2461,139451,4668,275515,Not in California
Outside California,2021-03-31,6060,412928,3596,212447,1705,191249,759,9232,3454,137672,2602,142053,4210,279725,Not in California
Outside California,2021-04-01,7165,420093,4208,216655,2340,193589,617,9849,4264,139652,2895,144948,4875,284600,Not in California
Outside California,2021-04-02,8108,428201,4174,220829,2814,196403,1120,10969,4368,141406,3734,148682,5488,290088,Not in California
Outside California,2021-04-03,6064,434265,3596,224425,1319,197722,1149,12118,3188,142872,2871,151553,4337,294425,Not in California
Outside California,2021-04-04,1774,436039,871,225296,669,198391,234,12352,999,143330,775,152328,1233,295658,Not in California
Outside California,2021-04-05,3965,440004,1915,227211,1397,199788,653,13005,1936,143894,2026,154354,2590,298248,Not in California
Outside California,2021-04-06,6728,446732,3552,230763,1624,201412,1552,14557,2760,144250,3955,158309,4311,302559,Not in California
Outside California,2021-04-07,7673,454405,4268,235031,1748,203160,1657,16214,3096,144423,4569,162878,4742,307301,Not in California
Outside California,2021-04-08,7738,462143,3978,239009,1862,205022,1898,18112,3127,144838,4603,167481,5018,312319,Not in California
Outside California,2021-04-09,7218,469361,3632,242641,1681,206703,1905,20017,2878,145288,4335,171816,4785,317104,Not in California
Outside California,2021-04-10,6047,475408,3064,245705,1136,207839,1847,21864,1726,144541,4316,176132,3569,320673,Not in California
Outside California,2021-04-11,2829,478237,1525,247230,674,208513,630,22494,1036,144416,1792,177924,1667,322340,Not in California
Outside California,2021-04-12,3837,482074,2097,249327,1215,209728,525,23019,1738,144584,2095,180019,2263,324603,Not in California
Outside California,2021-04-13,5471,487545,3478,252805,1969,211697,24,23043,2754,144651,2711,182730,2778,327381,Not in California
Outside California,2021-04-14,5086,492631,3220,256025,1863,213560,3,23046,2771,145115,2310,185040,2774,330155,Not in California
Outside California,2021-04-15,5890,498521,3585,259610,2299,215859,6,23052,3216,145714,2624,187664,3223,333378,Not in California
Outside California,2021-04-16,5840,504361,3380,262990,2453,218312,7,23059,3370,146628,2464,190128,3378,336756,Not in California
Outside California,2021-04-17,5158,509519,3052,266042,2105,220417,1,23060,2948,147372,2204,192332,2948,339704,Not in California
Outside California,2021-04-18,2073,511592,1153,267195,919,221336,1,23061,993,147292,1075,193407,995,340699,Not in California
Outside California,2021-04-19,4116,515708,1959,269154,2156,223492,1,23062,2166,147521,1940,195347,2169,342868,Not in California
Outside California,2021-04-20,5404,521112,2531,271685,2873,226365,0,23062,2379,146881,3019,198366,2379,345247,Not in California
Outside California,2021-04-21,6504,527616,2844,274529,3658,230023,2,23064,2508,145409,3983,202349,2511,347758,Not in California
Outside California,2021-04-22,7045,534661,3794,278323,3248,233271,3,23067,2900,144175,4138,206487,2904,350662,Not in California
Outside California,2021-04-23,6002,540663,3136,281459,2865,236136,1,23068,2680,143547,3311,209798,2683,353345,Not in California
Outside California,2021-04-24,4888,545551,3420,284879,1464,237600,4,23072,2239,143148,2645,212443,2246,355591,Not in California
Outside California,2021-04-25,2165,547716,1293,286172,870,238470,2,23074,1133,143256,1029,213472,1137,356728,Not in California
Outside California,2021-04-26,3475,551191,1493,287665,1960,240430,22,23096,1586,142980,1884,215356,1608,358336,Not in California
Outside California,2021-04-27,5074,556265,1730,289395,3055,243485,289,23385,1931,142068,3137,218493,2225,360561,Not in California
Outside California,2021-04-28,4757,561022,2001,291396,2366,245851,390,23775,1989,141691,2758,221251,2381,362942,Not in California
Outside California,2021-04-29,4379,565401,2010,293406,1992,247843,377,24152,1893,141494,2469,223720,2272,365214,Not in California
Outside California,2021-04-30,5006,570407,2438,295844,2135,249978,433,24585,2125,141181,2873,226593,2560,367774,Not in California
Outside California,2021-05-01,3232,573639,1872,297716,937,250915,423,25008,1399,141181,1823,228416,1823,369597,Not in California
Outside California,2021-05-02,1776,575415,1037,298753,626,251541,113,25121,852,141225,922,229338,966,370563,Not in California
Outside California,2021-05-03,1668,577083,839,299592,675,252216,154,25275,824,141361,842,230180,978,371541,Not in California
Outside California,2021-05-04,3014,580097,1583,301175,1119,253335,312,25587,1324,141313,1682,231862,1634,373175,Not in California
Outside California,2021-05-05,2596,582693,1514,302689,877,254212,205,25792,1039,141008,1551,233413,1246,374421,Not in California
Unknown,2020-12-17,2,2,2,2,0,0,0,0,0,0,0,0,0,0,Not in California
Unknown,2020-12-18,9,11,9,11,0,0,0,0,9,9,0,0,9,9,Not in California
Unknown,2020-12-19,81,92,81,92,0,0,0,0,81,90,0,0,81,90,Not in California
Unknown,2020-12-20,24,116,24,116,0,0,0,0,24,114,0,0,24,114,Not in California
Unknown,2020-12-21,5,121,5,121,0,0,0,0,0,114,0,0,0,114,Not in California
Unknown,2020-12-22,4,125,4,125,0,0,0,0,4,118,0,0,4,118,Not in California
Unknown,2020-12-26,1,126,1,126,0,0,0,0,1,119,0,0,1,119,Not in California
Unknown,2020-12-28,4,130,4,130,0,0,0,0,3,122,0,0,3,122,Not in California
Unknown,2020-12-29,3,133,3,133,0,0,0,0,3,125,0,0,3,125,Not in California
Unknown,2020-12-30,59,192,56,189,3,3,0,0,57,182,0,0,57,182,Not in California
Unknown,2020-12-31,2,194,0,189,2,5,0,0,1,183,0,0,1,183,Not in California
Unknown,2021-01-02,1,195,0,189,1,6,0,0,1,184,0,0,1,184,Not in California
Unknown,2021-01-04,3,198,3,192,0,6,0,0,2,186,0,0,2,186,Not in California
Unknown,2021-01-05,1,199,0,192,1,7,0,0,2,188,0,0,2,188,Not in California
Unknown,2021-01-06,30,229,28,220,2,9,0,0,6,171,23,23,6,194,Not in California
Unknown,2021-01-07,110,339,107,327,3,12,0,0,72,205,38,61,72,266,Not in California
Unknown,2021-01-08,26,365,21,348,5,17,0,0,5,189,21,82,5,271,Not in California
Unknown,2021-01-09,3,368,2,350,1,18,0,0,4,193,0,82,4,275,Not in California
Unknown,2021-01-11,23,391,23,373,0,18,0,0,18,207,4,86,18,293,Not in California
Unknown,2021-01-12,10,401,8,381,2,20,0,0,8,215,1,87,9,302,Not in California
Unknown,2021-01-13,11,412,11,392,0,20,0,0,13,228,0,87,13,315,Not in California
Unknown,2021-01-14,5,417,4,396,1,21,0,0,5,233,0,87,5,320,Not in California
Unknown,2021-01-15,4,421,3,399,1,22,0,0,4,237,0,87,4,324,Not in California
Unknown,2021-01-16,7,428,7,406,0,22,0,0,6,242,1,88,6,330,Not in California
Unknown,2021-01-17,3,431,3,409,0,22,0,0,3,245,0,88,3,333,Not in California
Unknown,2021-01-18,54,485,54,463,0,22,0,0,52,295,2,90,52,385,Not in California
Unknown,2021-01-19,23,508,22,485,1,23,0,0,21,315,1,91,21,406,Not in California
Unknown,2021-01-20,79,587,79,564,0,23,0,0,27,290,52,143,27,433,Not in California
Unknown,2021-01-21,61,648,59,623,2,25,0,0,62,351,1,144,62,495,Not in California
Unknown,2021-01-22,40,688,35,658,5,30,0,0,40,391,0,144,40,535,Not in California
Unknown,2021-01-23,12,700,6,664,6,36,0,0,12,403,0,144,12,547,Not in California
Unknown,2021-01-24,2,702,2,666,0,36,0,0,3,406,0,144,3,550,Not in California
Unknown,2021-01-25,22,724,19,685,3,39,0,0,19,422,3,147,19,569,Not in California
Unknown,2021-01-26,98,822,94,779,4,43,0,0,101,523,0,147,101,670,Not in California
Unknown,2021-01-27,17,839,17,796,0,43,0,0,16,538,1,148,16,686,Not in California
Unknown,2021-01-28,155,994,152,948,3,46,0,0,98,576,60,208,98,784,Not in California
Unknown,2021-01-29,147,1141,146,1094,1,47,0,0,151,726,1,209,151,935,Not in California
Unknown,2021-01-30,10,1151,8,1102,2,49,0,0,13,738,1,210,13,948,Not in California
Unknown,2021-01-31,16,1167,16,1118,0,49,0,0,16,753,1,211,16,964,Not in California
Unknown,2021-02-01,36,1203,34,1152,2,51,0,0,21,757,17,228,21,985,Not in California
Unknown,2021-02-02,70,1273,68,1220,2,53,0,0,63,814,6,234,63,1048,Not in California
Unknown,2021-02-03,50,1323,46,1266,4,57,0,0,38,841,11,245,38,1086,Not in California
Unknown,2021-02-04,63,1386,58,1324,5,62,0,0,58,894,5,250,58,1144,Not in California
Unknown,2021-02-05,22,1408,15,1339,7,69,0,0,18,905,7,257,18,1162,Not in California
Unknown,2021-02-06,19,1427,14,1353,5,74,0,0,15,913,7,264,15,1177,Not in California
Unknown,2021-02-07,8,1435,8,1361,0,74,0,0,6,917,2,266,6,1183,Not in California
Unknown,2021-02-08,52,1487,49,1410,3,77,0,0,13,891,39,305,13,1196,Not in California
Unknown,2021-02-09,20,1507,19,1429,1,78,0,0,6,882,15,320,6,1202,Not in California
Unknown,2021-02-10,35,1542,30,1459,5,83,0,0,9,865,26,346,9,1211,Not in California
Unknown,2021-02-11,93,1635,92,1551,1,84,0,0,43,857,51,397,43,1254,Not in California
Unknown,2021-02-12,46,1681,38,1589,8,92,0,0,18,842,33,430,18,1272,Not in California
Unknown,2021-02-13,16,1697,3,1592,13,105,0,0,18,859,1,431,18,1290,Not in California
Unknown,2021-02-14,7,1704,1,1593,6,111,0,0,5,863,1,432,5,1295,Not in California
Unknown,2021-02-15,43,1747,37,1630,6,117,0,0,28,878,13,445,28,1323,Not in California
Unknown,2021-02-16,104,1851,95,1725,9,126,0,0,31,836,73,518,31,1354,Not in California
Unknown,2021-02-17,10,1861,8,1733,2,128,0,0,4,835,5,523,4,1358,Not in California
Unknown,2021-02-18,105,1966,100,1833,5,133,0,0,19,768,86,609,19,1377,Not in California
Unknown,2021-02-19,196,2162,190,2023,6,139,0,0,58,689,137,746,58,1435,Not in California
Unknown,2021-02-20,12,2174,5,2028,7,146,0,0,5,689,5,751,5,1440,Not in California
Unknown,2021-02-21,18,2192,18,2046,0,146,0,0,4,679,14,765,4,1444,Not in California
Unknown,2021-02-22,9,2201,9,2055,0,146,0,0,6,682,3,768,6,1450,Not in California
Unknown,2021-02-23,63,2264,51,2106,12,158,0,0,15,650,47,815,15,1465,Not in California
Unknown,2021-02-24,43,2307,35,2141,8,166,0,0,14,635,29,844,14,1479,Not in California
Unknown,2021-02-25,76,2383,60,2201,16,182,0,0,27,613,49,893,27,1506,Not in California
Unknown,2021-02-26,40,2423,25,2226,15,197,0,0,24,622,15,908,24,1530,Not in California
Unknown,2021-02-27,27,2450,14,2240,13,210,0,0,19,633,8,916,19,1549,Not in California
Unknown,2021-02-28,17,2467,13,2253,4,214,0,0,10,638,5,921,10,1559,Not in California
Unknown,2021-03-01,44,2511,26,2279,18,232,0,0,24,643,19,940,24,1583,Not in California
Unknown,2021-03-02,20,2531,8,2287,12,244,0,0,12,649,6,946,12,1595,Not in California
Unknown,2021-03-03,13,2544,7,2294,6,250,0,0,9,655,3,949,9,1604,Not in California
Unknown,2021-03-04,53,2597,49,2343,4,254,0,0,21,645,31,980,21,1625,Not in California
Unknown,2021-03-05,33,2630,15,2358,18,272,0,0,35,674,6,986,35,1660,Not in California
Unknown,2021-03-06,32,2662,11,2369,19,291,2,2,24,691,9,995,26,1686,Not in California
Unknown,2021-03-07,10,2672,1,2370,9,300,0,2,6,694,3,998,6,1692,Not in California
Unknown,2021-03-08,32,2704,23,2393,7,307,2,4,8,679,25,1023,10,1702,Not in California
Unknown,2021-03-09,39,2743,32,2425,3,310,4,8,10,663,30,1053,14,1716,Not in California
Unknown,2021-03-10,9,2752,6,2431,1,311,2,10,5,665,5,1058,7,1723,Not in California
Unknown,2021-03-11,38,2790,13,2444,10,321,15,25,14,672,22,1080,29,1752,Not in California
Unknown,2021-03-12,82,2872,56,2500,21,342,5,30,16,629,64,1144,21,1773,Not in California
Unknown,2021-03-13,24,2896,4,2504,16,358,4,34,8,625,16,1160,12,1785,Not in California
Unknown,2021-03-14,17,2913,9,2513,6,364,2,36,6,622,11,1171,8,1793,Not in California
Unknown,2021-03-15,30,2943,11,2524,17,381,2,38,20,631,13,1184,22,1815,Not in California
Unknown,2021-03-16,64,3007,22,2546,38,419,4,42,44,660,19,1203,48,1863,Not in California
Unknown,2021-03-17,47,3054,14,2560,32,451,1,43,40,697,4,1207,41,1904,Not in California
Unknown,2021-03-18,42,3096,21,2581,21,472,0,43,29,713,13,1220,29,1933,Not in California
Unknown,2021-03-19,29,3125,19,2600,10,482,0,43,25,730,8,1228,25,1958,Not in California
Unknown,2021-03-20,33,3158,14,2614,19,501,0,43,19,737,12,1240,19,1977,Not in California
Unknown,2021-03-21,23,3181,17,2631,6,507,0,43,19,753,3,1243,19,1996,Not in California
Unknown,2021-03-22,35,3216,19,2650,15,522,1,44,18,760,12,1255,19,2015,Not in California
Unknown,2021-03-23,24,3240,9,2659,10,532,5,49,11,765,11,1266,16,2031,Not in California
Unknown,2021-03-24,26,3266,9,2668,17,549,0,49,23,783,5,1271,23,2054,Not in California
Unknown,2021-03-25,48,3314,34,2702,14,563,0,49,32,801,14,1285,32,2086,Not in California
Unknown,2021-03-26,37,3351,20,2722,12,575,5,54,24,814,16,1301,29,2115,Not in California
Unknown,2021-03-27,39,3390,13,2735,26,601,0,54,23,817,20,1321,23,2138,Not in California
Unknown,2021-03-28,16,3406,9,2744,7,608,0,54,11,824,4,1325,11,2149,Not in California
Unknown,2021-03-29,38,3444,17,2761,20,628,1,55,25,838,12,1337,26,2175,Not in California
Unknown,2021-03-30,42,3486,25,2786,17,645,0,55,27,850,15,1352,27,2202,Not in California
Unknown,2021-03-31,36,3522,22,2808,14,659,0,55,28,866,12,1364,28,2230,Not in California
Unknown,2021-04-01,28,3550,13,2821,15,674,0,55,33,894,5,1369,33,2263,Not in California
Unknown,2021-04-02,63,3613,16,2837,38,712,9,64,32,901,34,1403,41,2304,Not in California
Unknown,2021-04-03,19,3632,9,2846,10,722,0,64,14,905,10,1413,14,2318,Not in California
Unknown,2021-04-04,16,3648,5,2851,11,733,0,64,10,910,5,1418,10,2328,Not in California
Unknown,2021-04-05,36,3684,21,2872,14,747,1,65,20,916,15,1433,21,2349,Not in California
Unknown,2021-04-06,35,3719,18,2890,16,763,1,66,19,918,18,1451,20,2369,Not in California
Unknown,2021-04-07,40,3759,27,2917,13,776,0,66,41,951,8,1459,41,2410,Not in California
Unknown,2021-04-08,43,3802,28,2945,11,787,4,70,30,963,22,1481,34,2444,Not in California
Unknown,2021-04-09,42,3844,26,2971,16,803,0,70,34,983,14,1495,34,2478,Not in California
Unknown,2021-04-10,10,3854,9,2980,1,804,0,70,16,992,7,1502,16,2494,Not in California
Unknown,2021-04-11,16,3870,12,2992,4,808,0,70,7,990,9,1511,7,2501,Not in California
Unknown,2021-04-12,43,3913,24,3016,16,824,3,73,18,986,25,1536,21,2522,Not in California
Unknown,2021-04-13,70,3983,27,3043,43,867,0,73,28,972,42,1578,28,2550,Not in California
Unknown,2021-04-14,34,4017,10,3053,24,891,0,73,7,953,26,1604,7,2557,Not in California
Unknown,2021-04-15,45,4062,18,3071,26,917,1,74,14,939,29,1633,15,2572,Not in California
Unknown,2021-04-16,52,4114,38,3109,14,931,0,74,31,949,21,1654,31,2603,Not in California
Unknown,2021-04-17,26,4140,14,3123,12,943,0,74,8,941,17,1671,9,2612,Not in California
Unknown,2021-04-18,19,4159,7,3130,12,955,0,74,7,936,12,1683,7,2619,Not in California
Unknown,2021-04-19,35,4194,21,3151,14,969,0,74,16,934,18,1701,16,2635,Not in California
Unknown,2021-04-20,24,4218,14,3165,10,979,0,74,5,920,19,1720,5,2640,Not in California
Unknown,2021-04-21,37,4255,15,3180,22,1001,0,74,11,905,26,1746,11,2651,Not in California
Unknown,2021-04-22,23,4278,14,3194,9,1010,0,74,5,892,18,1764,5,2656,Not in California
Unknown,2021-04-23,33,4311,15,3209,18,1028,0,74,19,898,13,1777,19,2675,Not in California
Unknown,2021-04-24,38,4349,23,3232,15,1043,0,74,28,916,10,1787,28,2703,Not in California
Unknown,2021-04-25,23,4372,9,3241,14,1057,0,74,12,917,11,1798,12,2715,Not in California
Unknown,2021-04-26,19,4391,12,3253,7,1064,0,74,6,910,13,1811,6,2721,Not in California
Unknown,2021-04-27,24,4415,9,3262,15,1079,0,74,7,900,17,1828,7,2728,Not in California
Unknown,2021-04-28,73,4488,60,3322,12,1091,1,75,49,926,24,1852,50,2778,Not in California
Unknown,2021-04-29,433,4921,271,3593,129,1220,33,108,354,1234,79,1931,387,3165,Not in California
Unknown,2021-04-30,469,5390,304,3897,120,1340,45,153,394,1598,75,2006,439,3604,Not in California
Unknown,2021-05-01,371,5761,236,4133,98,1438,37,190,305,1874,66,2072,342,3946,Not in California
Unknown,2021-05-02,207,5968,131,4264,57,1495,19,209,172,2030,35,2107,191,4137,Not in California
Unknown,2021-05-03,2,5970,0,4264,1,1496,1,210,0,2029,2,2109,1,4138,Not in California
Unknown,2021-05-04,3,5973,1,4265,0,1496,2,212,0,2028,3,2112,2,4140,Not in California
Unknown,2021-05-05,3,5976,3,4268,0,1496,0,212,3,2031,0,2112,3,4143,Not in California
Alameda,2020-12-15,36,36,36,36,0,0,0,0,36,36,0,0,36,36,California
Alameda,2020-12-16,204,240,204,240,0,0,0,0,204,240,0,0,204,240,California
Alameda,2020-12-17,396,636,396,636,0,0,0,0,396,636,0,0,396,636,California
Alameda,2020-12-18,1771,2407,1771,2407,0,0,0,0,1771,2407,0,0,1771,2407,California
Alameda,2020-12-19,1355,3762,1355,3762,0,0,0,0,1355,3762,0,0,1355,3762,California
Alameda,2020-12-20,1159,4921,1158,4920,1,1,0,0,1158,4919,1,1,1158,4920,California
Alameda,2020-12-21,1862,6783,1860,6780,2,3,0,0,1861,6780,0,1,1861,6781,California
Alameda,2020-12-22,2099,8882,2047,8827,52,55,0,0,2099,8879,0,1,2099,8880,California
Alameda,2020-12-23,1941,10823,1683,10510,258,313,0,0,1941,10820,0,1,1941,10821,California
Alameda,2020-12-24,1219,12042,759,11269,460,773,0,0,1219,12039,0,1,1219,12040,California
Alameda,2020-12-25,165,12207,128,11397,37,810,0,0,165,12204,0,1,165,12205,California
Alameda,2020-12-26,868,13075,324,11721,544,1354,0,0,868,13072,0,1,868,13073,California
Alameda,2020-12-27,499,13574,256,11977,243,1597,0,0,499,13571,0,1,499,13572,California
Alameda,2020-12-28,1886,15460,960,12937,926,2523,0,0,1886,15457,0,1,1886,15458,California
Alameda,2020-12-29,2430,17890,1025,13962,1405,3928,0,0,2429,17886,0,1,2429,17887,California
Alameda,2020-12-30,3126,21016,1362,15324,1764,5692,0,0,3128,21014,0,1,3128,21015,California
Alameda,2020-12-31,1796,22812,443,15767,1353,7045,0,0,1794,22807,1,2,1794,22809,California
Alameda,2021-01-01,171,22983,70,15837,101,7146,0,0,170,22976,1,3,170,22979,California
Alameda,2021-01-02,722,23705,523,16360,199,7345,0,0,721,23697,0,3,721,23700,California
Alameda,2021-01-03,343,24048,222,16582,121,7466,0,0,340,24034,3,6,340,24040,California
Alameda,2021-01-04,1649,25697,945,17527,704,8170,0,0,1637,25660,11,17,1637,25677,California
Alameda,2021-01-05,2205,27902,1265,18792,940,9110,0,0,1969,27396,233,250,1969,27646,California
Alameda,2021-01-06,3249,31151,1781,20573,1468,10578,0,0,2431,29014,815,1065,2433,30079,California
Alameda,2021-01-07,3773,34924,2111,22684,1662,12240,0,0,2685,30624,1079,2144,2689,32768,California
Alameda,2021-01-08,4731,39655,2700,25384,2031,14271,0,0,3105,32111,1622,3766,3109,35877,California
Alameda,2021-01-09,2034,41689,1389,26773,645,14916,0,0,1173,32423,861,4627,1173,37050,California
Alameda,2021-01-10,1066,42755,845,27618,221,15137,0,0,428,32212,639,5266,428,37478,California
Alameda,2021-01-11,4644,47399,3512,31130,1132,16269,0,0,2851,33278,1792,7058,2858,40336,California
Alameda,2021-01-12,4829,52228,3250,34380,1579,17848,0,0,3437,35327,1391,8449,3440,43776,California
Alameda,2021-01-13,5036,57264,2662,37042,2374,20222,0,0,3848,37992,1184,9633,3849,47625,California
Alameda,2021-01-14,5636,62900,2770,39812,2866,23088,0,0,4750,41868,877,10510,4753,52378,California
Alameda,2021-01-15,5836,68736,2313,42125,3523,26611,0,0,5069,46180,760,11270,5072,57450,California
Alameda,2021-01-16,3006,71742,1408,43533,1598,28209,0,0,2738,48651,268,11538,2739,60189,California
Alameda,2021-01-17,1867,73609,1083,44616,784,28993,0,0,1660,50106,206,11744,1661,61850,California
Alameda,2021-01-18,3198,76807,2054,46670,1144,30137,0,0,2604,52125,590,12334,2609,64459,California
Alameda,2021-01-19,5529,82336,3333,50003,2196,32333,0,0,4337,55274,1190,13524,4339,68798,California
Alameda,2021-01-20,6768,89104,4101,54104,2667,35000,0,0,5471,59464,1285,14809,5475,74273,California
Alameda,2021-01-21,7777,96881,3406,57510,4371,39371,0,0,6943,65584,828,15637,6948,81221,California
Alameda,2021-01-22,6844,103725,2036,59546,4808,44179,0,0,5705,70159,1132,16769,5707,86928,California
Alameda,2021-01-23,3288,107013,947,60493,2341,46520,0,0,2734,72341,554,17323,2736,89664,California
Alameda,2021-01-24,2050,109063,654,61147,1396,47916,0,0,1774,73843,272,17595,1774,91438,California
Alameda,2021-01-25,5224,114287,1988,63135,3236,51152,0,0,3636,75900,1580,19175,3637,95075,California
Alameda,2021-01-26,7245,121532,2287,65422,4958,56110,0,0,5385,79433,1853,21028,5386,100461,California
Alameda,2021-01-27,6671,128203,2078,67500,4593,60703,0,0,4821,82418,1836,22864,4821,105282,California
Alameda,2021-01-28,7891,136094,2547,70047,5344,66047,0,0,5649,85842,2226,25090,5650,110932,California
Alameda,2021-01-29,7924,144018,3184,73231,4740,70787,0,0,6101,90131,1813,26903,6102,117034,California
Alameda,2021-01-30,3418,147436,1672,74903,1746,72533,0,0,2714,92147,698,27601,2714,119748,California
Alameda,2021-01-31,1905,149341,964,75867,941,73474,0,0,1661,93567,241,27842,1661,121409,California
Alameda,2021-02-01,5969,155310,3365,79232,2604,76078,0,0,4329,96263,1634,29476,4330,125739,California
Alameda,2021-02-02,7472,162782,4255,83487,3217,79295,0,0,4675,98151,2787,32263,4675,130414,California
Alameda,2021-02-03,7084,169866,3731,87218,3353,82648,0,0,4407,99891,2672,34935,4412,134826,California
Alameda,2021-02-04,9509,179375,4127,91345,5382,88030,0,0,6422,103250,3068,38003,6427,141253,California
Alameda,2021-02-05,10336,189711,5393,96738,4943,92973,0,0,6465,105856,3865,41868,6471,147724,California
Alameda,2021-02-06,6996,196707,4436,101174,2560,95533,0,0,5874,110608,1122,42990,5874,153598,California
Alameda,2021-02-07,3583,200290,2893,104067,690,96223,0,0,2640,112309,940,43930,2641,156239,California
Alameda,2021-02-08,8095,208385,5788,109855,2307,98530,0,0,5541,115309,2543,46473,5543,161782,California
Alameda,2021-02-09,9713,218098,5861,115716,3852,102382,0,0,6064,117733,3642,50115,6066,167848,California
Alameda,2021-02-10,11457,229555,6775,122491,4682,107064,0,0,6567,119435,4873,54988,6575,174423,California
Alameda,2021-02-11,13941,243496,7990,130481,5951,113015,0,0,8378,122270,5546,60534,8381,182804,California
Alameda,2021-02-12,12532,256028,5696,136177,6836,119851,0,0,7756,125267,4762,65296,7759,190563,California
Alameda,2021-02-13,7813,263841,4069,140246,3744,123595,0,0,5848,129157,1960,67256,5850,196413,California
Alameda,2021-02-14,4030,267871,2536,142782,1494,125089,0,0,2871,130875,1156,68412,2874,199287,California
Alameda,2021-02-15,5715,273586,3226,146008,2489,127578,0,0,3701,132569,2010,70422,3704,202991,California
Alameda,2021-02-16,12537,286123,6957,152965,5580,133158,0,0,9320,138687,3207,73629,9325,212316,California
Alameda,2021-02-17,14108,300231,8356,161321,5752,138910,0,0,10482,145563,3608,77237,10484,222800,California
Alameda,2021-02-18,15863,316094,10065,171386,5798,144708,0,0,11514,152740,4343,81580,11520,234320,California
Alameda,2021-02-19,17651,333745,11446,182832,6205,150913,0,0,11698,158512,5930,87510,11702,246022,California
Alameda,2021-02-20,11864,345609,9613,192445,2251,153164,0,0,9146,164948,2715,90225,9151,255173,California
Alameda,2021-02-21,6212,351821,5280,197725,932,154096,0,0,3754,166255,2447,92672,3754,258927,California
Alameda,2021-02-22,10711,362532,7930,205655,2781,156877,0,0,6749,169066,3948,96620,6759,265686,California
Alameda,2021-02-23,12724,375256,7723,213378,5001,161878,0,0,7919,172196,4796,101416,7926,273612,California
Alameda,2021-02-24,14667,389923,8216,221594,6451,168329,0,0,9512,176620,5094,106510,9518,283130,California
Alameda,2021-02-25,15621,405544,9122,230716,6499,174828,0,0,9951,180939,5638,112148,9957,293087,California
Alameda,2021-02-26,18107,423651,10644,241360,7463,182291,0,0,11711,186299,6355,118503,11715,304802,California
Alameda,2021-02-27,14721,438372,10827,252187,3892,186183,2,2,9117,189839,5581,124084,9121,313923,California
Alameda,2021-02-28,9151,447523,7712,259899,1439,187622,0,2,6076,192863,3054,127138,6078,320001,California
Alameda,2021-03-01,13247,460770,9197,269096,4045,191667,5,7,8216,196105,4985,132123,8227,328228,California
Alameda,2021-03-02,13829,474599,9609,278705,4220,195887,0,7,8887,200076,4923,137046,8894,337122,California
Alameda,2021-03-03,15407,490006,10002,288707,5404,201291,1,8,10496,205692,4883,141929,10499,347621,California
Alameda,2021-03-04,17308,507314,11069,299776,6237,207528,2,10,10877,210176,6395,148324,10879,358500,California
Alameda,2021-03-05,15862,523176,10241,310017,5612,213140,9,19,10637,215643,5185,153509,10652,369152,California
Alameda,2021-03-06,14246,537422,9972,319989,4014,217154,260,279,9353,220409,4849,158358,9615,378767,California
Alameda,2021-03-07,9303,546725,8085,328074,1137,218291,81,360,6581,224377,2696,161054,6664,385431,California
Alameda,2021-03-08,11652,558377,7167,335241,4106,222397,379,739,8663,230479,2940,163994,9042,394473,California
Alameda,2021-03-09,11395,569772,7037,342278,3928,226325,430,1169,6292,232134,5069,169063,6724,401197,California
Alameda,2021-03-10,16672,586444,11325,353603,4789,231114,558,1727,7554,231148,9094,178157,8108,409305,California
Alameda,2021-03-11,19774,606218,11560,365163,6509,237623,1705,3432,6771,226649,12973,191130,8474,417779,California
Alameda,2021-03-12,21153,627371,12319,377482,7181,244804,1653,5085,7469,222103,13661,204791,9115,426894,California
Alameda,2021-03-13,15849,643220,10107,387589,4754,249558,988,6073,5110,217493,10705,215496,6095,432989,California
Alameda,2021-03-14,10700,653920,7819,395408,2095,251653,786,6859,4654,216897,6029,221525,5433,438422,California
Alameda,2021-03-15,14311,668231,9324,404732,4469,256122,518,7377,6366,215861,7917,229442,6881,445303,California
Alameda,2021-03-16,17168,685399,11110,415842,5525,261647,533,7910,7569,214416,9548,238990,8103,453406,California
Alameda,2021-03-17,17367,702766,9781,425623,6894,268541,692,8602,8179,214132,9154,248144,8870,462276,California
Alameda,2021-03-18,19055,721821,10327,435950,7851,276392,877,9479,8775,213536,10252,258396,9656,471932,California
Alameda,2021-03-19,19114,740935,10353,446303,6975,283367,1786,11265,7646,211542,11420,269816,9426,481358,California
Alameda,2021-03-20,15623,756558,10196,456499,4607,287974,820,12085,6539,209841,9056,278872,7355,488713,California
Alameda,2021-03-21,9058,765616,7099,463598,1426,289400,533,12618,3775,208876,5274,284146,4309,493022,California
Alameda,2021-03-22,14884,780500,10001,473599,3906,293306,977,13595,7178,209345,7683,291829,8152,501174,California
Alameda,2021-03-23,19112,799612,11510,485109,6810,300116,792,14387,10729,212531,8340,300169,11526,512700,California
Alameda,2021-03-24,18975,818587,11409,496518,6575,306691,991,15378,8589,211776,10326,310495,9571,522271,California
Alameda,2021-03-25,20347,838934,11231,507749,7736,314427,1380,16758,9559,211980,10723,321218,10927,533198,California
Alameda,2021-03-26,20670,859604,12379,520128,6758,321185,1533,18291,8864,210607,11761,332979,10388,543586,California
Alameda,2021-03-27,18181,877785,12334,532462,4890,326075,957,19248,7848,209105,10288,343267,8786,552372,California
Alameda,2021-03-28,10433,888218,8449,540911,1781,327856,203,19451,3837,206568,6583,349850,4046,556418,California
Alameda,2021-03-29,14590,902808,9286,550197,4308,332164,996,20447,6275,205558,8281,358131,7271,563689,California
Alameda,2021-03-30,18456,921264,9681,559878,7081,339245,1694,22141,10836,210493,7590,365721,12525,576214,California
Alameda,2021-03-31,19231,940495,10121,569999,7044,346289,2066,24207,9536,212415,9673,375394,11595,587809,California
Alameda,2021-04-01,23013,963508,9962,579961,7562,353851,5489,29696,10988,216890,11993,387387,16468,604277,California
Alameda,2021-04-02,23816,987324,9891,589852,8248,362099,5677,35373,11591,221950,12191,399578,17251,621528,California
Alameda,2021-04-03,20082,1007406,9734,599586,5660,367759,4688,40061,10284,227141,9780,409358,14971,636499,California
Alameda,2021-04-04,9923,1017329,3963,603549,2278,370037,3682,43743,3513,227930,6400,415758,7189,643688,California
Alameda,2021-04-05,17754,1035083,7476,611025,5511,375548,4767,48510,7238,229436,10497,426255,12003,655691,California
Alameda,2021-04-06,22125,1057208,10661,621686,5648,381196,5816,54326,10069,233289,12023,438278,15876,671567,California
Alameda,2021-04-07,22433,1079641,11510,633196,5489,386685,5434,59760,11389,239100,11004,449282,16815,688382,California
Alameda,2021-04-08,25353,1104994,11462,644658,5939,392624,7952,67712,10809,243379,14474,463756,18753,707135,California
Alameda,2021-04-09,23186,1128180,10556,655214,7441,400065,5189,72901,11958,249330,11197,474953,17148,724283,California
Alameda,2021-04-10,18802,1146982,7406,662620,5580,405645,5816,78717,8164,252677,10622,485575,13969,738252,California
Alameda,2021-04-11,10975,1157957,4774,667394,2266,407911,3935,82652,4488,254616,6471,492046,8410,746662,California
Alameda,2021-04-12,17819,1175776,11704,679098,4291,412202,1824,84476,10116,258877,7676,499722,11937,758599,California
Alameda,2021-04-13,23054,1198830,14659,693757,8340,420542,55,84531,17004,269938,6008,505730,17069,775668,California
Alameda,2021-04-14,23026,1221856,15213,708970,7811,428353,2,84533,15619,278188,7376,513106,15626,791294,California
Alameda,2021-04-15,23946,1245802,15306,724276,8638,436991,2,84535,15884,286071,8011,521117,15894,807188,California
Alameda,2021-04-16,24279,1270081,14329,738605,9945,446936,5,84540,15659,293176,8569,529686,15674,822862,California
Alameda,2021-04-17,20694,1290775,14268,752873,6426,453362,0,84540,14260,301045,6405,536091,14274,837136,California
Alameda,2021-04-18,9883,1300658,7548,760421,2335,455697,0,84540,6851,304896,3005,539096,6856,843992,California
Alameda,2021-04-19,15448,1316106,9642,770063,5806,461503,0,84540,8954,307395,6465,545561,8964,852956,California
Alameda,2021-04-20,18080,1334186,11041,781104,7038,468541,1,84541,9900,309177,8139,553700,9921,862877,California
Alameda,2021-04-21,19094,1353280,11174,792278,7912,476453,8,84549,11131,312426,7909,561609,11158,874035,California
Alameda,2021-04-22,21222,1374502,13704,805982,7515,483968,3,84552,11243,313765,9933,571542,11272,885307,California
Alameda,2021-04-23,21493,1395995,14025,820007,7468,491436,0,84552,12050,316444,9395,580937,12074,897381,California
Alameda,2021-04-24,18929,1414924,14364,834371,4558,495994,7,84559,10014,317596,8879,589816,10031,907412,California
Alameda,2021-04-25,8761,1423685,6817,841188,1944,497938,0,84559,5678,320215,3069,592885,5688,913100,California
Alameda,2021-04-26,13098,1436783,9055,850243,4022,501960,21,84580,8172,323516,4901,597786,8202,921302,California
Alameda,2021-04-27,15078,1451861,8870,859113,5902,507862,306,84886,7099,323012,7933,605719,7429,928731,California
Alameda,2021-04-28,15403,1467264,9687,868800,5255,513117,461,85347,5867,319849,9504,615223,6341,935072,California
Alameda,2021-04-29,14062,1481326,8775,877575,4993,518110,294,85641,5149,316441,8874,624097,5466,940538,California
Alameda,2021-04-30,18322,1499648,11227,888802,6775,524885,320,85961,7554,313640,10709,634806,7908,948446,California
Alameda,2021-05-01,13821,1513469,9207,898009,4412,529297,202,86163,5110,310300,8688,643494,5348,953794,California
Alameda,2021-05-02,6681,1520150,4558,902567,1945,531242,178,86341,2754,309326,3913,647407,2939,956733,California
Alameda,2021-05-03,11269,1531419,8428,910995,2739,533981,102,86443,2207,302628,9033,656440,2335,959068,California
Alameda,2021-05-04,14629,1546048,10327,921322,4188,538169,114,86557,2810,293811,11770,668210,2953,962021,California
Alameda,2021-05-05,12748,1558796,9181,930503,3340,541509,227,86784,2501,286341,10214,678424,2744,964765,California
Alpine,2020-12-18,2,2,2,2,0,0,0,0,2,2,0,0,2,2,California
Alpine,2020-12-19,2,4,2,4,0,0,0,0,2,4,0,0,2,4,California
Alpine,2020-12-21,2,6,2,6,0,0,0,0,2,6,0,0,2,6,California
Alpine,2020-12-30,14,20,0,6,14,14,0,0,14,20,0,0,14,20,California
Alpine,2020-12-31,1,21,0,6,1,15,0,0,1,21,0,0,1,21,California
Alpine,2021-01-01,1,22,0,6,1,16,0,0,1,22,0,0,1,22,California
Alpine,2021-01-02,1,23,1,7,0,16,0,0,1,23,0,0,1,23,California
Alpine,2021-01-04,10,33,0,7,10,26,0,0,10,33,0,0,10,33,California
Alpine,2021-01-05,9,42,1,8,8,34,0,0,9,42,0,0,9,42,California
Alpine,2021-01-06,31,73,0,8,31,65,0,0,31,73,0,0,31,73,California
Alpine,2021-01-07,8,81,0,8,8,73,0,0,8,81,0,0,8,81,California
Alpine,2021-01-08,4,85,2,10,2,75,0,0,2,81,2,2,2,83,California
Alpine,2021-01-09,2,87,2,12,0,75,0,0,0,79,2,4,0,83,California
Alpine,2021-01-11,32,119,1,13,31,106,0,0,31,109,1,5,31,114,California
Alpine,2021-01-13,35,154,0,13,35,141,0,0,35,144,0,5,35,149,California
Alpine,2021-01-14,1,155,0,13,1,142,0,0,1,145,0,5,1,150,California
Alpine,2021-01-15,1,156,0,13,1,143,0,0,1,146,0,5,1,151,California
Alpine,2021-01-20,21,177,0,13,21,164,0,0,21,167,0,5,21,172,California
Alpine,2021-01-21,1,178,0,13,1,165,0,0,1,168,0,5,1,173,California
Alpine,2021-01-22,32,210,0,13,32,197,0,0,32,200,0,5,32,205,California
Alpine,2021-01-23,1,211,1,14,0,197,0,0,0,199,1,6,0,205,California
Alpine,2021-01-25,16,227,0,14,16,213,0,0,16,215,0,6,16,221,California
Alpine,2021-01-27,1,228,1,15,0,213,0,0,0,214,1,7,0,221,California
Alpine,2021-01-28,1,229,0,15,1,214,0,0,0,213,1,8,0,221,California
Alpine,2021-01-29,1,230,0,15,1,215,0,0,1,214,0,8,1,222,California
Alpine,2021-02-01,25,255,0,15,25,240,0,0,7,203,18,26,7,229,California
Alpine,2021-02-03,34,289,0,15,34,274,0,0,10,189,24,50,10,239,California
Alpine,2021-02-04,8,297,0,15,8,282,0,0,3,187,5,55,3,242,California
Alpine,2021-02-05,31,328,0,15,31,313,0,0,12,180,19,74,12,254,California
Alpine,2021-02-06,1,329,1,16,0,313,0,0,1,181,0,74,1,255,California
Alpine,2021-02-07,1,330,1,17,0,313,0,0,1,182,0,74,1,256,California
Alpine,2021-02-08,32,362,0,17,32,345,0,0,4,158,28,102,4,260,California
Alpine,2021-02-10,34,396,0,17,34,379,0,0,0,124,34,136,0,260,California
Alpine,2021-02-11,6,402,0,17,6,385,0,0,3,124,3,139,3,263,California
Alpine,2021-02-12,1,403,0,17,1,386,0,0,0,123,1,140,0,263,California
Alpine,2021-02-17,23,426,0,17,23,409,0,0,3,106,20,160,3,266,California
Alpine,2021-02-18,2,428,0,17,2,411,0,0,1,106,1,161,1,267,California
Alpine,2021-02-19,34,462,1,18,33,444,0,0,2,76,32,193,2,269,California
Alpine,2021-02-22,27,489,0,18,27,471,0,0,8,65,19,212,8,277,California
Alpine,2021-02-24,1,490,1,19,0,471,0,0,1,66,0,212,1,278,California
Alpine,2021-02-25,6,496,1,20,5,476,0,0,6,72,0,212,6,284,California
Alpine,2021-02-26,29,525,1,21,28,504,0,0,28,99,1,213,28,312,California
Alpine,2021-02-27,1,526,0,21,1,505,0,0,1,100,0,213,1,313,California
Alpine,2021-03-01,35,561,0,21,35,540,0,0,25,115,10,223,25,338,California
Alpine,2021-03-02,1,562,1,22,0,540,0,0,0,114,1,224,0,338,California
Alpine,2021-03-03,30,592,1,23,29,569,0,0,18,120,12,236,18,356,California
Alpine,2021-03-04,11,603,1,24,10,579,0,0,11,131,0,236,11,367,California
Alpine,2021-03-05,30,633,0,24,30,609,0,0,22,145,8,244,22,389,California
Alpine,2021-03-08,31,664,0,24,31,640,0,0,29,172,2,246,29,418,California
Alpine,2021-03-10,73,737,0,24,73,713,0,0,73,245,0,246,73,491,California
Alpine,2021-03-11,36,773,0,24,36,749,0,0,32,273,4,250,32,523,California
Alpine,2021-03-12,19,792,0,24,19,768,0,0,17,288,2,252,17,540,California
Alpine,2021-03-15,21,813,1,25,20,788,0,0,20,307,1,253,20,560,California
Alpine,2021-03-17,23,836,0,25,22,810,1,1,19,323,4,257,20,580,California
Alpine,2021-03-18,38,874,3,28,35,845,0,1,35,355,3,260,35,615,California
Alpine,2021-03-19,2,876,1,29,1,846,0,1,1,355,1,261,1,616,California
Alpine,2021-03-22,24,900,0,29,24,870,0,1,15,361,9,270,15,631,California
Alpine,2021-03-24,19,919,0,29,19,889,0,1,9,360,10,280,9,640,California
Alpine,2021-03-25,35,954,1,30,33,922,1,2,28,382,7,287,29,669,California
Alpine,2021-03-27,1,955,0,30,1,923,0,2,0,381,1,288,0,669,California
Alpine,2021-03-28,1,956,1,31,0,923,0,2,1,382,0,288,1,670,California
Alpine,2021-03-29,19,975,0,31,18,941,1,3,2,368,17,305,3,673,California
Alpine,2021-04-01,16,991,0,31,16,957,0,3,7,366,9,314,7,680,California
Alpine,2021-04-02,100,1091,1,32,99,1056,0,3,46,359,53,367,46,726,California
Alpine,2021-04-05,4,1095,1,33,3,1059,0,3,0,355,4,371,0,726,California
Alpine,2021-04-06,3,1098,2,35,1,1060,0,3,2,356,1,372,2,728,California
Alpine,2021-04-07,117,1215,0,35,116,1176,1,4,30,301,86,458,31,759,California
Alpine,2021-04-08,38,1253,0,35,36,1212,2,6,10,285,28,486,12,771,California
Alpine,2021-04-09,1,1254,0,35,1,1213,0,6,1,286,0,486,1,772,California
Alpine,2021-04-14,47,1301,0,35,47,1260,0,6,10,259,37,523,10,782,California
Alpine,2021-04-15,35,1336,0,35,35,1295,0,6,3,230,32,555,3,785,California
Alpine,2021-04-16,1,1337,0,35,1,1296,0,6,1,231,0,555,1,786,California
Alpine,2021-04-19,1,1338,0,35,1,1297,0,6,1,232,0,555,1,787,California
Alpine,2021-04-21,31,1369,0,35,31,1328,0,6,15,231,16,571,15,802,California
Alpine,2021-04-22,24,1393,0,35,24,1352,0,6,1,209,23,594,1,803,California
Alpine,2021-04-24,2,1395,2,37,0,1352,0,6,0,208,2,596,1,804,California
Alpine,2021-04-25,1,1396,1,38,0,1352,0,6,0,207,1,597,0,804,California
Alpine,2021-04-27,2,1398,1,39,1,1353,0,6,1,207,1,598,1,805,California
Alpine,2021-04-28,36,1434,0,39,36,1389,0,6,6,183,30,628,6,811,California
Alpine,2021-04-29,6,1440,1,40,5,1394,0,6,2,181,4,632,2,813,California
Alpine,2021-04-30,2,1442,1,41,0,1394,1,7,1,182,1,633,2,815,California
Alpine,2021-05-02,1,1443,0,41,0,1394,1,8,0,182,1,634,1,816,California
Alpine,2021-05-05,17,1460,0,41,17,1411,0,8,4,173,13,647,4,820,California
Amador,2020-12-16,2,2,2,2,0,0,0,0,2,2,0,0,2,2,California
Amador,2020-12-17,5,7,5,7,0,0,0,0,5,7,0,0,5,7,California
Amador,2020-12-18,45,52,45,52,0,0,0,0,45,52,0,0,45,52,California
Amador,2020-12-19,17,69,17,69,0,0,0,0,17,69,0,0,17,69,California
Amador,2020-12-20,4,73,4,73,0,0,0,0,4,73,0,0,4,73,California
Amador,2020-12-21,31,104,31,104,0,0,0,0,31,104,0,0,31,104,California
Amador,2020-12-22,35,139,34,138,1,1,0,0,35,139,0,0,35,139,California
Amador,2020-12-23,39,178,38,176,1,2,0,0,39,178,0,0,39,178,California
Amador,2020-12-24,5,183,3,179,2,4,0,0,5,183,0,0,5,183,California
Amador,2020-12-26,5,188,4,183,1,5,0,0,5,188,0,0,5,188,California
Amador,2020-12-27,1,189,0,183,1,6,0,0,1,189,0,0,1,189,California
Amador,2020-12-28,31,220,27,210,4,10,0,0,31,220,0,0,31,220,California
Amador,2020-12-29,26,246,19,229,7,17,0,0,26,246,0,0,26,246,California
Amador,2020-12-30,124,370,78,307,46,63,0,0,124,370,0,0,124,370,California
Amador,2020-12-31,191,561,166,473,25,88,0,0,191,561,0,0,191,561,California
Amador,2021-01-01,2,563,0,473,2,90,0,0,2,563,0,0,2,563,California
Amador,2021-01-02,56,619,56,529,0,90,0,0,56,619,0,0,56,619,California
Amador,2021-01-03,65,684,17,546,48,138,0,0,65,684,0,0,65,684,California
Amador,2021-01-04,124,808,1,547,123,261,0,0,124,808,0,0,124,808,California
Amador,2021-01-05,33,841,3,550,30,291,0,0,31,838,2,2,32,840,California
Amador,2021-01-06,40,881,10,560,30,321,0,0,36,870,4,6,36,876,California
Amador,2021-01-07,228,1109,69,629,159,480,0,0,216,1074,12,18,216,1092,California
Amador,2021-01-08,84,1193,70,699,14,494,0,0,40,1071,44,62,41,1133,California
Amador,2021-01-09,11,1204,11,710,0,494,0,0,2,1064,9,71,2,1135,California
Amador,2021-01-10,6,1210,4,714,2,496,0,0,2,1062,4,75,2,1137,California
Amador,2021-01-11,124,1334,44,758,80,576,0,0,88,1115,36,111,89,1226,California
Amador,2021-01-12,64,1398,49,807,15,591,0,0,40,1131,24,135,40,1266,California
Amador,2021-01-13,38,1436,23,830,15,606,0,0,26,1145,12,147,26,1292,California
Amador,2021-01-14,146,1582,20,850,126,732,0,0,136,1271,10,157,136,1428,California
Amador,2021-01-15,55,1637,24,874,31,763,0,0,48,1312,7,164,48,1476,California
Amador,2021-01-16,19,1656,12,886,7,770,0,0,13,1320,6,170,14,1490,California
Amador,2021-01-17,26,1682,6,892,20,790,0,0,26,1346,0,170,26,1516,California
Amador,2021-01-18,32,1714,28,920,4,794,0,0,10,1334,22,192,10,1526,California
Amador,2021-01-19,121,1835,96,1016,25,819,0,0,77,1367,44,236,77,1603,California
Amador,2021-01-20,184,2019,34,1050,150,969,0,0,168,1520,15,251,168,1771,California
Amador,2021-01-21,253,2272,222,1272,31,1000,0,0,144,1556,109,360,145,1916,California
Amador,2021-01-22,134,2406,72,1344,62,1062,0,0,127,1676,7,367,127,2043,California
Amador,2021-01-23,52,2458,32,1376,20,1082,0,0,50,1724,2,369,50,2093,California
Amador,2021-01-24,28,2486,12,1388,16,1098,0,0,25,1746,3,372,25,2118,California
Amador,2021-01-25,59,2545,28,1416,31,1129,0,0,42,1771,17,389,42,2160,California
Amador,2021-01-26,244,2789,16,1432,228,1357,0,0,234,1995,10,399,234,2394,California
Amador,2021-01-27,296,3085,30,1462,266,1623,0,0,249,2200,45,444,250,2644,California
Amador,2021-01-28,346,3431,76,1538,270,1893,0,0,285,2425,61,505,286,2930,California
Amador,2021-01-29,96,3527,31,1569,65,1958,0,0,81,2491,15,520,81,3011,California
Amador,2021-01-30,168,3695,35,1604,133,2091,0,0,163,2649,5,525,163,3174,California
Amador,2021-01-31,32,3727,28,1632,4,2095,0,0,31,2679,1,526,31,3205,California
Amador,2021-02-01,63,3790,23,1655,40,2135,0,0,36,2688,27,553,36,3241,California
Amador,2021-02-02,211,4001,63,1718,148,2283,0,0,126,2732,82,635,126,3367,California
Amador,2021-02-03,141,4142,38,1756,103,2386,0,0,90,2772,50,685,90,3457,California
Amador,2021-02-04,250,4392,74,1830,176,2562,0,0,164,2852,86,771,166,3623,California
Amador,2021-02-05,331,4723,63,1893,268,2830,0,0,315,3151,16,787,315,3938,California
Amador,2021-02-06,99,4822,80,1973,19,2849,0,0,95,3242,4,791,95,4033,California
Amador,2021-02-07,39,4861,35,2008,4,2853,0,0,35,3274,4,795,36,4069,California
Amador,2021-02-08,90,4951,62,2070,28,2881,0,0,73,3330,17,812,73,4142,California
Amador,2021-02-09,175,5126,83,2153,92,2973,0,0,110,3375,65,877,110,4252,California
Amador,2021-02-10,978,6104,80,2233,898,3871,0,0,945,4287,33,910,945,5197,California
Amador,2021-02-11,307,6411,119,2352,188,4059,0,0,201,4383,105,1015,201,5398,California
Amador,2021-02-12,327,6738,120,2472,207,4266,0,0,255,4566,72,1087,255,5653,California
Amador,2021-02-13,165,6903,81,2553,84,4350,0,0,139,4679,26,1113,139,5792,California
Amador,2021-02-14,124,7027,54,2607,70,4420,0,0,107,4769,17,1130,107,5899,California
Amador,2021-02-15,185,7212,60,2667,125,4545,0,0,168,4921,16,1146,168,6067,California
Amador,2021-02-16,464,7676,53,2720,411,4956,0,0,425,5308,39,1185,426,6493,California
Amador,2021-02-17,260,7936,81,2801,179,5135,0,0,164,5376,96,1281,164,6657,California
Amador,2021-02-18,398,8334,99,2900,299,5434,0,0,336,5651,62,1343,337,6994,California
Amador,2021-02-19,194,8528,77,2977,117,5551,0,0,111,5679,83,1426,111,7105,California
Amador,2021-02-20,92,8620,31,3008,61,5612,0,0,64,5715,28,1454,64,7169,California
Amador,2021-02-21,45,8665,34,3042,11,5623,0,0,15,5700,30,1484,15,7184,California
Amador,2021-02-22,63,8728,24,3066,39,5662,0,0,32,5702,30,1514,32,7216,California
Amador,2021-02-23,318,9046,54,3120,264,5926,0,0,138,5661,180,1694,139,7355,California
Amador,2021-02-24,393,9439,56,3176,337,6263,0,0,263,5798,126,1820,263,7618,California
Amador,2021-02-25,521,9960,116,3292,405,6668,0,0,280,5838,240,2060,280,7898,California
Amador,2021-02-26,609,10569,75,3367,534,7202,0,0,503,6236,106,2166,504,8402,California
Amador,2021-02-27,288,10857,93,3460,195,7397,0,0,100,6151,187,2353,102,8504,California
Amador,2021-02-28,102,10959,51,3511,51,7448,0,0,56,6163,46,2399,58,8562,California
Amador,2021-03-01,188,11147,66,3577,122,7570,0,0,119,6214,69,2468,120,8682,California
Amador,2021-03-02,379,11526,63,3640,316,7886,0,0,329,6494,50,2518,330,9012,California
Amador,2021-03-03,242,11768,79,3719,163,8049,0,0,167,6588,74,2592,168,9180,California
Amador,2021-03-04,497,12265,117,3836,380,8429,0,0,393,6878,103,2695,393,9573,California
Amador,2021-03-05,511,12776,77,3913,434,8863,0,0,293,6956,217,2912,295,9868,California
Amador,2021-03-06,99,12875,45,3958,53,8916,1,1,54,6966,45,2957,55,9923,California
Amador,2021-03-07,63,12938,42,4000,21,8937,0,1,20,6943,43,3000,20,9943,California
Amador,2021-03-08,152,13090,71,4071,80,9017,1,2,91,6974,61,3061,92,10035,California
Amador,2021-03-09,370,13460,50,4121,320,9337,0,2,292,7191,75,3136,292,10327,California
Amador,2021-03-10,510,13970,75,4196,433,9770,2,4,111,6906,399,3535,114,10441,California
Amador,2021-03-11,471,14441,115,4311,345,10115,11,15,299,7048,171,3706,313,10754,California
Amador,2021-03-12,568,15009,65,4376,495,10610,8,23,337,7168,230,3936,350,11104,California
Amador,2021-03-13,114,15123,18,4394,89,10699,7,30,74,7213,40,3976,85,11189,California
Amador,2021-03-14,90,15213,19,4413,68,10767,3,33,21,7168,69,4045,24,11213,California
Amador,2021-03-15,176,15389,25,4438,144,10911,7,40,53,7107,123,4168,62,11275,California
Amador,2021-03-16,447,15836,54,4492,383,11294,10,50,137,6946,308,4476,147,11422,California
Amador,2021-03-17,192,16028,42,4534,147,11441,3,53,116,6990,76,4552,120,11542,California
Amador,2021-03-18,476,16504,98,4632,374,11815,4,57,249,7021,227,4779,258,11800,California
Amador,2021-03-19,540,17044,56,4688,467,12282,17,74,391,7285,147,4926,411,12211,California
Amador,2021-03-20,110,17154,45,4733,64,12346,1,75,47,7273,62,4988,50,12261,California
Amador,2021-03-21,48,17202,36,4769,11,12357,1,76,31,7291,16,5004,34,12295,California
Amador,2021-03-22,113,17315,32,4801,52,12409,29,105,49,7305,64,5068,78,12373,California
Amador,2021-03-23,432,17747,47,4848,377,12786,8,113,275,7432,156,5224,283,12656,California
Amador,2021-03-24,341,18088,35,4883,54,12840,252,365,34,7412,306,5530,286,12942,California
Amador,2021-03-25,600,18688,81,4964,513,13353,6,371,389,7597,210,5740,395,13337,California
Amador,2021-03-26,739,19427,44,5008,689,14042,6,377,283,7435,454,6194,292,13629,California
Amador,2021-03-27,91,19518,15,5023,74,14116,2,379,27,7402,64,6258,31,13660,California
Amador,2021-03-28,68,19586,15,5038,51,14167,2,381,14,7366,53,6311,17,13677,California
Amador,2021-03-29,179,19765,26,5064,152,14319,1,382,81,7357,96,6407,87,13764,California
Amador,2021-03-30,527,20292,27,5091,499,14818,1,383,291,7414,235,6642,292,14056,California
Amador,2021-03-31,199,20491,56,5147,138,14956,5,388,43,7306,156,6798,48,14104,California
Amador,2021-04-01,612,21103,87,5234,525,15481,0,388,263,7224,347,7145,265,14369,California
Amador,2021-04-02,599,21702,36,5270,551,16032,12,400,380,7399,218,7363,393,14762,California
Amador,2021-04-03,82,21784,19,5289,43,16075,20,420,20,7378,62,7425,41,14803,California
Amador,2021-04-04,38,21822,3,5292,29,16104,6,426,15,7376,23,7448,21,14824,California
Amador,2021-04-05,145,21967,53,5345,75,16179,17,443,50,7351,94,7542,69,14893,California
Amador,2021-04-06,501,22468,37,5382,445,16624,19,462,221,7313,278,7820,240,15133,California
Amador,2021-04-07,100,22568,34,5416,47,16671,19,481,44,7322,54,7874,63,15196,California
Amador,2021-04-08,493,23061,83,5499,389,17060,21,502,220,7291,272,8146,241,15437,California
Amador,2021-04-09,481,23542,21,5520,441,17501,19,521,212,7252,268,8414,229,15666,California
Amador,2021-04-10,50,23592,14,5534,27,17528,9,530,22,7255,28,8442,31,15697,California
Amador,2021-04-11,49,23641,24,5558,21,17549,4,534,23,7256,26,8468,27,15724,California
Amador,2021-04-12,98,23739,26,5584,62,17611,10,544,42,7252,56,8524,52,15776,California
Amador,2021-04-13,343,24082,50,5634,293,17904,0,544,68,7046,274,8798,68,15844,California
Amador,2021-04-14,276,24358,26,5660,250,18154,0,544,175,7121,100,8898,175,16019,California
Amador,2021-04-15,329,24687,72,5732,257,18411,0,544,73,6943,251,9149,73,16092,California
Amador,2021-04-16,483,25170,29,5761,454,18865,0,544,385,7232,96,9245,385,16477,California
Amador,2021-04-17,61,25231,35,5796,26,18891,0,544,27,7225,34,9279,27,16504,California
Amador,2021-04-18,25,25256,5,5801,20,18911,0,544,11,7222,14,9293,11,16515,California
Amador,2021-04-19,69,25325,27,5828,42,18953,0,544,31,7218,37,9330,33,16548,California
Amador,2021-04-20,436,25761,54,5882,382,19335,0,544,111,7013,318,9648,113,16661,California
Amador,2021-04-21,86,25847,34,5916,52,19387,0,544,44,7016,41,9689,44,16705,California
Amador,2021-04-22,490,26337,73,5989,416,19803,1,545,105,6744,378,10067,106,16811,California
Amador,2021-04-23,355,26692,44,6033,311,20114,0,545,285,6962,69,10136,287,17098,California
Amador,2021-04-24,45,26737,23,6056,22,20136,0,545,25,6967,20,10156,25,17123,California
Amador,2021-04-25,37,26774,19,6075,18,20154,0,545,25,6980,12,10168,25,17148,California
Amador,2021-04-26,81,26855,26,6101,54,20208,1,546,39,6979,41,10209,40,17188,California
Amador,2021-04-27,481,27336,36,6137,445,20653,0,546,85,6670,394,10603,85,17273,California
Amador,2021-04-28,65,27401,28,6165,34,20687,3,549,38,6684,27,10630,41,17314,California
Amador,2021-04-29,215,27616,66,6231,42,20729,107,656,58,6692,157,10787,165,17479,California
Amador,2021-04-30,332,27948,23,6254,305,21034,4,660,95,6554,237,11024,99,17578,California
Amador,2021-05-01,44,27992,18,6272,22,21056,4,664,23,6562,19,11043,27,17605,California
Amador,2021-05-02,24,28016,13,6285,8,21064,3,667,7,6556,17,11060,11,17616,California
Amador,2021-05-03,30,28046,18,6303,9,21073,3,670,21,6571,9,11069,24,17640,California
Amador,2021-05-04,445,28491,20,6323,421,21494,4,674,65,6260,380,11449,69,17709,California
Amador,2021-05-05,162,28653,146,6469,10,21504,6,680,144,6392,18,11467,150,17859,California
Butte,2020-12-16,3,3,3,3,0,0,0,0,3,3,0,0,3,3,California
Butte,2020-12-17,21,24,21,24,0,0,0,0,21,24,0,0,21,24,California
Butte,2020-12-18,50,74,50,74,0,0,0,0,50,74,0,0,50,74,California
Butte,2020-12-19,7,81,7,81,0,0,0,0,7,81,0,0,7,81,California
Butte,2020-12-20,10,91,10,91,0,0,0,0,10,91,0,0,10,91,California
Butte,2020-12-21,634,725,634,725,0,0,0,0,634,725,0,0,634,725,California
Butte,2020-12-22,617,1342,615,1340,2,2,0,0,617,1342,0,0,617,1342,California
Butte,2020-12-23,869,2211,853,2193,16,18,0,0,869,2211,0,0,869,2211,California
Butte,2020-12-24,159,2370,156,2349,3,21,0,0,159,2370,0,0,159,2370,California
Butte,2020-12-26,93,2463,91,2440,2,23,0,0,93,2463,0,0,93,2463,California
Butte,2020-12-27,35,2498,34,2474,1,24,0,0,35,2498,0,0,35,2498,California
Butte,2020-12-28,279,2777,273,2747,6,30,0,0,279,2777,0,0,279,2777,California
Butte,2020-12-29,203,2980,179,2926,24,54,0,0,203,2980,0,0,203,2980,California
Butte,2020-12-30,514,3494,291,3217,223,277,0,0,514,3494,0,0,514,3494,California
Butte,2020-12-31,211,3705,18,3235,193,470,0,0,211,3705,0,0,211,3705,California
Butte,2021-01-01,8,3713,1,3236,7,477,0,0,8,3713,0,0,8,3713,California
Butte,2021-01-02,41,3754,38,3274,3,480,0,0,41,3754,0,0,41,3754,California
Butte,2021-01-03,4,3758,1,3275,3,483,0,0,4,3758,0,0,4,3758,California
Butte,2021-01-04,208,3966,175,3450,33,516,0,0,208,3966,0,0,208,3966,California
Butte,2021-01-05,196,4162,151,3601,45,561,0,0,195,4160,1,1,195,4161,California
Butte,2021-01-06,623,4785,397,3998,226,787,0,0,618,4774,5,6,619,4780,California
Butte,2021-01-07,762,5547,370,4368,392,1179,0,0,742,5496,20,26,742,5522,California
Butte,2021-01-08,656,6203,529,4897,127,1306,0,0,610,6060,46,72,610,6132,California
Butte,2021-01-09,12,6215,7,4904,5,1311,0,0,7,6062,5,77,7,6139,California
Butte,2021-01-10,19,6234,5,4909,14,1325,0,0,14,6071,5,82,14,6153,California
Butte,2021-01-11,985,7219,949,5858,36,1361,0,0,357,5803,628,710,360,6513,California
Butte,2021-01-12,697,7916,652,6510,45,1406,0,0,274,5654,423,1133,274,6787,California
Butte,2021-01-13,1449,9365,955,7465,494,1900,0,0,615,5437,834,1967,617,7404,California
Butte,2021-01-14,1637,11002,896,8361,741,2641,0,0,1440,6681,196,2163,1440,8844,California
Butte,2021-01-15,1168,12170,926,9287,242,2883,0,0,1059,7630,110,2273,1059,9903,California
Butte,2021-01-16,586,12756,300,9587,286,3169,0,0,541,8126,45,2318,541,10444,California
Butte,2021-01-17,239,12995,64,9651,175,3344,0,0,202,8291,37,2355,202,10646,California
Butte,2021-01-18,342,13337,301,9952,41,3385,0,0,275,8500,66,2421,275,10921,California
Butte,2021-01-19,494,13831,429,10381,65,3450,0,0,221,8448,273,2694,221,11142,California
Butte,2021-01-20,1346,15177,665,11046,681,4131,0,0,1043,9188,303,2997,1043,12185,California
Butte,2021-01-21,1474,16651,866,11912,608,4739,0,0,1366,10447,107,3104,1366,13551,California
Butte,2021-01-22,1113,17764,454,12366,659,5398,0,0,1060,11454,53,3157,1060,14611,California
Butte,2021-01-23,127,17891,85,12451,42,5440,0,0,101,11529,26,3183,101,14712,California
Butte,2021-01-24,9,17900,7,12458,2,5442,0,0,9,11538,0,3183,9,14721,California
Butte,2021-01-25,656,18556,336,12794,320,5762,0,0,493,11868,163,3346,493,15214,California
Butte,2021-01-26,1467,20023,377,13171,1090,6852,0,0,1330,13061,137,3483,1330,16544,California
Butte,2021-01-27,2092,22115,705,13876,1387,8239,0,0,1362,13694,729,4212,1362,17906,California
Butte,2021-01-28,2263,24378,262,14138,2001,10240,0,0,1952,15336,310,4522,1952,19858,California
Butte,2021-01-29,1686,26064,488,14626,1198,11438,0,0,1307,16265,378,4900,1307,21165,California
Butte,2021-01-30,32,26096,9,14635,23,11461,0,0,29,16291,3,4903,29,21194,California
Butte,2021-01-31,17,26113,15,14650,2,11463,0,0,16,16306,1,4904,16,21210,California
Butte,2021-02-01,1749,27862,406,15056,1343,12806,0,0,1361,17281,386,5290,1361,22571,California
Butte,2021-02-02,1930,29792,362,15418,1568,14374,0,0,1627,18604,304,5594,1627,24198,California
Butte,2021-02-03,2733,32525,772,16190,1961,16335,0,0,1843,19559,888,6482,1843,26041,California
Butte,2021-02-04,2959,35484,327,16517,2632,18967,0,0,2404,21410,553,7035,2404,28445,California
Butte,2021-02-05,1252,36736,663,17180,589,19556,0,0,549,21264,703,7738,557,29002,California
Butte,2021-02-06,144,36880,103,17283,41,19597,0,0,62,21244,82,7820,62,29064,California
Butte,2021-02-07,37,36917,33,17316,4,19601,0,0,13,21233,24,7844,13,29077,California
Butte,2021-02-08,690,37607,541,17857,149,19750,0,0,238,21019,452,8296,238,29315,California
Butte,2021-02-09,951,38558,457,18314,494,20244,0,0,724,21516,227,8523,724,30039,California
Butte,2021-02-10,1706,40264,1190,19504,516,20760,0,0,697,21206,1007,9530,697,30736,California
Butte,2021-02-11,2200,42464,1348,20852,852,21612,0,0,1004,21014,1196,10726,1004,31740,California
Butte,2021-02-12,984,43448,416,21268,568,22180,0,0,332,20706,650,11376,342,32082,California
Butte,2021-02-13,252,43700,44,21312,208,22388,0,0,150,20754,102,11478,150,32232,California
Butte,2021-02-14,161,43861,9,21321,152,22540,0,0,156,20905,5,11483,156,32388,California
Butte,2021-02-15,264,44125,48,21369,216,22756,0,0,198,21037,66,11549,198,32586,California
Butte,2021-02-16,733,44858,432,21801,301,23057,0,0,275,20855,459,12008,277,32863,California
Butte,2021-02-17,1513,46371,847,22648,666,23723,0,0,841,21026,670,12678,841,33704,California
Butte,2021-02-18,1555,47926,761,23409,794,24517,0,0,747,20965,808,13486,747,34451,California
Butte,2021-02-19,1166,49092,387,23796,779,25296,0,0,401,20608,758,14244,401,34852,California
Butte,2021-02-20,474,49566,29,23825,445,25741,0,0,121,20377,352,14596,121,34973,California
Butte,2021-02-21,16,49582,14,23839,2,25743,0,0,11,20383,5,14601,11,34984,California
Butte,2021-02-22,1497,51079,296,24135,1201,26944,0,0,380,19649,1114,15715,380,35364,California
Butte,2021-02-23,1633,52712,297,24432,1336,28280,0,0,463,18947,1165,16880,463,35827,California
Butte,2021-02-24,2135,54847,597,25029,1538,29818,0,0,729,18278,1398,18278,729,36556,California
Butte,2021-02-25,2074,56921,575,25604,1499,31317,0,0,651,17512,1418,19696,652,37208,California
Butte,2021-02-26,922,57843,312,25916,610,31927,0,0,399,17391,520,20216,399,37607,California
Butte,2021-02-27,234,58077,47,25963,187,32114,0,0,186,17531,46,20262,186,37793,California
Butte,2021-02-28,140,58217,16,25979,124,32238,0,0,132,17655,8,20270,132,37925,California
Butte,2021-03-01,1627,59844,178,26157,1448,33686,1,1,328,16688,1296,21566,329,38254,California
Butte,2021-03-02,1742,61586,196,26353,1546,35232,0,1,309,15568,1429,22995,309,38563,California
Butte,2021-03-03,2782,64368,847,27200,1935,37167,0,1,481,13749,2300,25295,481,39044,California
Butte,2021-03-04,3139,67507,676,27876,2463,39630,0,1,620,11851,2518,27813,620,39664,California
Butte,2021-03-05,1348,68855,617,28493,730,40360,1,2,735,11977,610,28423,736,40400,California
Butte,2021-03-06,248,69103,28,28521,197,40557,23,25,186,12125,61,28484,209,40609,California
Butte,2021-03-07,55,69158,3,28524,35,40592,17,42,30,12147,25,28509,47,40656,California
Butte,2021-03-08,1265,70423,129,28653,1059,41651,77,119,1100,13162,162,28671,1177,41833,California
Butte,2021-03-09,1899,72322,279,28932,1517,43168,103,222,1412,14192,485,29156,1515,43348,California
Butte,2021-03-10,2319,74641,965,29897,1254,44422,100,322,1580,15137,734,29890,1679,45027,California
Butte,2021-03-11,2804,77445,1312,31209,1366,45788,126,448,1979,16428,814,30704,2105,47132,California
Butte,2021-03-12,1144,78589,329,31538,466,46254,349,797,355,16349,783,31487,704,47836,California
Butte,2021-03-13,253,78842,67,31605,137,46391,49,846,64,16272,189,31676,112,47948,California
Butte,2021-03-14,161,79003,15,31620,104,46495,42,888,21,16196,139,31815,63,48011,California
Butte,2021-03-15,1719,80722,359,31979,1067,47562,293,1181,1126,17027,588,32403,1419,49430,California
Butte,2021-03-16,1630,82352,417,32396,1135,48697,78,1259,1090,17657,537,32940,1167,50597,California
Butte,2021-03-17,1953,84305,1359,33755,513,49210,81,1340,1134,18060,811,33751,1214,51811,California
Butte,2021-03-18,1800,86105,1457,35212,214,49424,129,1469,1061,18516,733,34484,1189,53000,California
Butte,2021-03-19,699,86804,313,35525,302,49726,84,1553,345,18600,345,34829,429,53429,California
Butte,2021-03-20,205,87009,32,35557,157,49883,16,1569,93,18597,112,34941,109,53538,California
Butte,2021-03-21,58,87067,27,35584,2,49885,29,1598,15,18598,43,34984,44,53582,California
Butte,2021-03-22,1461,88528,353,35937,1014,50899,94,1692,1196,19625,263,35247,1290,54872,California
Butte,2021-03-23,1806,90334,492,36429,1200,52099,114,1806,1456,20848,347,35594,1570,56442,California
Butte,2021-03-24,2249,92583,1266,37695,857,52956,126,1932,1703,22134,542,36136,1828,58270,California
Butte,2021-03-25,1484,94067,1201,38896,192,53148,91,2023,1023,22790,458,36594,1114,59384,California
Butte,2021-03-26,1214,95281,443,39339,525,53673,246,2269,568,22966,638,37232,814,60198,California
Butte,2021-03-27,299,95580,83,39422,192,53865,24,2293,132,22956,164,37396,154,60352,California
Butte,2021-03-28,226,95806,43,39465,175,54040,8,2301,101,22942,122,37518,108,60460,California
Butte,2021-03-29,1720,97526,381,39846,1269,55309,70,2371,1306,23908,410,37928,1376,61836,California
Butte,2021-03-30,1039,98565,468,40314,481,55790,90,2461,496,23957,537,38465,586,62422,California
Butte,2021-03-31,1777,100342,1305,41619,405,56195,67,2528,1088,24429,683,39148,1155,63577,California
Butte,2021-04-01,3278,103620,2660,44279,491,56686,127,2655,2210,25704,1063,40211,2338,65915,California
Butte,2021-04-02,999,104619,418,44697,461,57147,120,2775,560,25952,431,40642,679,66594,California
Butte,2021-04-03,344,104963,45,44742,224,57371,75,2850,165,26013,179,40821,240,66834,California
Butte,2021-04-04,186,105149,23,44765,140,57511,23,2873,108,26068,76,40897,131,66965,California
Butte,2021-04-05,1959,107108,420,45185,1370,58881,169,3042,601,25486,1351,42248,769,67734,California
Butte,2021-04-06,2184,109292,617,45802,1147,60028,420,3462,785,25296,1393,43641,1203,68937,California
Butte,2021-04-07,3003,112295,1313,47115,1297,61325,393,3855,692,24076,2305,45946,1085,70022,California
Butte,2021-04-08,2720,115015,1186,48301,1269,62594,265,4120,437,22499,2279,48225,702,70724,California
Butte,2021-04-09,1364,116379,346,48647,538,63132,480,4600,326,22267,1035,49260,803,71527,California
Butte,2021-04-10,216,116595,46,48693,74,63206,96,4696,95,22337,120,49380,190,71717,California
Butte,2021-04-11,103,116698,42,48735,51,63257,10,4706,79,22404,22,49402,89,71806,California
Butte,2021-04-12,1408,118106,317,49052,958,64215,133,4839,254,21637,1154,50556,387,72193,California
Butte,2021-04-13,1637,119743,571,49623,1060,65275,6,4845,348,20710,1282,51838,355,72548,California
Butte,2021-04-14,2831,122574,2341,51964,490,65765,0,4845,1315,20515,1511,53349,1316,73864,California
Butte,2021-04-15,634,123208,390,52354,244,66009,0,4845,480,20844,151,53500,480,74344,California
Butte,2021-04-16,808,124016,415,52769,393,66402,0,4845,474,20987,331,53831,474,74818,California
Butte,2021-04-17,338,124354,61,52830,277,66679,0,4845,236,21123,100,53931,236,75054,California
Butte,2021-04-18,38,124392,8,52838,30,66709,0,4845,34,21153,4,53935,34,75088,California
Butte,2021-04-19,1558,125950,381,53219,1177,67886,0,4845,449,20496,1106,55041,449,75537,California
Butte,2021-04-20,1970,127920,718,53937,1252,69138,0,4845,778,20087,1187,56228,778,76315,California
Butte,2021-04-21,2051,129971,1166,55103,885,70023,0,4845,481,19004,1564,57792,481,76796,California
Butte,2021-04-22,2182,132153,1904,57007,278,70301,0,4845,607,18040,1571,59363,607,77403,California
Butte,2021-04-23,937,133090,437,57444,500,70801,0,4845,488,18080,448,59811,488,77891,California
Butte,2021-04-24,347,133437,140,57584,207,71008,0,4845,191,18115,156,59967,191,78082,California
Butte,2021-04-25,171,133608,67,57651,104,71112,0,4845,63,18070,108,60075,63,78145,California
Butte,2021-04-26,1468,135076,408,58059,1055,72167,5,4850,409,17428,1056,61131,414,78559,California
Butte,2021-04-27,903,135979,616,58675,262,72429,25,4875,547,17648,352,61483,572,79131,California
Butte,2021-04-28,1320,137299,878,59553,418,72847,24,4899,452,17261,863,62346,476,79607,California
Butte,2021-04-29,788,138087,463,60016,298,73145,27,4926,241,16986,543,62889,268,79875,California
Butte,2021-04-30,848,138935,369,60385,458,73603,21,4947,423,17009,420,63309,443,80318,California
Butte,2021-05-01,225,139160,61,60446,149,73752,15,4962,66,16932,158,63467,81,80399,California
Butte,2021-05-02,144,139304,57,60503,72,73824,15,4977,39,16881,105,63572,54,80453,California
Butte,2021-05-03,455,139759,155,60658,269,74093,31,5008,128,16720,320,63892,159,80612,California
Butte,2021-05-04,596,140355,204,60862,367,74460,25,5033,163,16483,425,64317,188,80800,California
Butte,2021-05-05,981,141336,858,61720,103,74563,20,5053,150,15825,828,65145,170,80970,California
Calaveras,2020-12-16,5,5,5,5,0,0,0,0,5,5,0,0,5,5,California
Calaveras,2020-12-17,3,8,3,8,0,0,0,0,3,8,0,0,3,8,California
Calaveras,2020-12-18,38,46,38,46,0,0,0,0,38,46,0,0,38,46,California
Calaveras,2020-12-19,3,49,3,49,0,0,0,0,3,49,0,0,3,49,California
Calaveras,2020-12-20,3,52,3,52,0,0,0,0,3,52,0,0,3,52,California
Calaveras,2020-12-21,55,107,48,100,7,7,0,0,55,107,0,0,55,107,California
Calaveras,2020-12-22,82,189,78,178,4,11,0,0,83,190,0,0,83,190,California
Calaveras,2020-12-23,76,265,74,252,2,13,0,0,76,266,0,0,76,266,California
Calaveras,2020-12-24,2,267,2,254,0,13,0,0,2,268,0,0,2,268,California
Calaveras,2020-12-26,3,270,3,257,0,13,0,0,3,271,0,0,3,271,California
Calaveras,2020-12-28,22,292,18,275,4,17,0,0,21,291,1,1,21,292,California
Calaveras,2020-12-29,168,460,148,423,20,37,0,0,168,459,0,1,168,460,California
Calaveras,2020-12-30,94,554,82,505,12,49,0,0,94,553,0,1,94,554,California
Calaveras,2020-12-31,35,589,25,530,10,59,0,0,35,588,0,1,35,589,California
Calaveras,2021-01-02,11,600,11,541,0,59,0,0,11,599,0,1,11,600,California
Calaveras,2021-01-03,10,610,4,545,6,65,0,0,10,609,0,1,10,610,California
Calaveras,2021-01-04,33,643,5,550,28,93,0,0,33,642,0,1,33,643,California
Calaveras,2021-01-05,40,683,9,559,31,124,0,0,32,671,8,9,37,680,California
Calaveras,2021-01-06,107,790,30,589,77,201,0,0,97,758,10,19,97,777,California
Calaveras,2021-01-07,105,895,26,615,79,280,0,0,92,840,11,30,93,870,California
Calaveras,2021-01-08,68,963,38,653,30,310,0,0,45,863,23,53,46,916,California
Calaveras,2021-01-09,5,968,5,658,0,310,0,0,2,862,3,56,2,918,California
Calaveras,2021-01-10,2,970,0,658,2,312,0,0,2,864,0,56,2,920,California
Calaveras,2021-01-11,65,1035,59,717,6,318,0,0,27,856,37,93,29,949,California
Calaveras,2021-01-12,85,1120,52,769,33,351,0,0,52,876,33,126,53,1002,California
Calaveras,2021-01-13,109,1229,44,813,65,416,0,0,75,918,34,160,76,1078,California
Calaveras,2021-01-14,137,1366,41,854,96,512,0,0,104,991,32,192,105,1183,California
Calaveras,2021-01-15,91,1457,29,883,62,574,0,0,71,1042,20,212,71,1254,California
Calaveras,2021-01-16,13,1470,2,885,11,585,0,0,12,1053,1,213,12,1266,California
Calaveras,2021-01-17,9,1479,1,886,8,593,0,0,9,1062,0,213,9,1275,California
Calaveras,2021-01-18,131,1610,19,905,112,705,0,0,118,1170,13,226,121,1396,California
Calaveras,2021-01-19,204,1814,174,1079,30,735,0,0,62,1092,141,367,63,1459,California
Calaveras,2021-01-20,376,2190,82,1161,294,1029,0,0,291,1308,84,451,300,1759,California
Calaveras,2021-01-21,462,2652,40,1201,422,1451,0,0,435,1722,27,478,441,2200,California
Calaveras,2021-01-22,401,3053,23,1224,378,1829,0,0,391,2110,10,488,398,2598,California
Calaveras,2021-01-23,22,3075,10,1234,12,1841,0,0,18,2124,4,492,18,2616,California
Calaveras,2021-01-24,13,3088,8,1242,5,1846,0,0,11,2133,2,494,11,2627,California
Calaveras,2021-01-25,85,3173,8,1250,77,1923,0,0,80,2208,5,499,80,2707,California
Calaveras,2021-01-26,47,3220,15,1265,32,1955,0,0,39,2239,8,507,39,2746,California
Calaveras,2021-01-27,133,3353,43,1308,90,2045,0,0,105,2317,27,534,105,2851,California
Calaveras,2021-01-28,163,3516,23,1331,140,2185,0,0,140,2437,23,557,143,2994,California
Calaveras,2021-01-29,386,3902,13,1344,373,2558,0,0,362,2783,24,581,370,3364,California
Calaveras,2021-01-30,27,3929,10,1354,17,2575,0,0,25,2808,0,581,25,3389,California
Calaveras,2021-01-31,6,3935,4,1358,2,2577,0,0,5,2812,1,582,5,3394,California
Calaveras,2021-02-01,24,3959,11,1369,13,2590,0,0,18,2824,6,588,18,3412,California
Calaveras,2021-02-02,108,4067,22,1391,86,2676,0,0,70,2861,34,622,71,3483,California
Calaveras,2021-02-03,429,4496,42,1433,387,3063,0,0,346,3126,82,704,347,3830,California
Calaveras,2021-02-04,379,4875,24,1457,355,3418,0,0,297,3341,82,786,297,4127,California
Calaveras,2021-02-05,78,4953,22,1479,56,3474,0,0,40,3344,38,824,41,4168,California
Calaveras,2021-02-06,21,4974,12,1491,9,3483,0,0,21,3365,0,824,21,4189,California
Calaveras,2021-02-07,4,4978,1,1492,3,3486,0,0,2,3365,2,826,2,4191,California
Calaveras,2021-02-08,38,5016,17,1509,21,3507,0,0,30,3389,6,832,30,4221,California
Calaveras,2021-02-09,190,5206,74,1583,116,3623,0,0,129,3463,55,887,129,4350,California
Calaveras,2021-02-10,512,5718,29,1612,483,4106,0,0,442,3838,70,957,445,4795,California
Calaveras,2021-02-11,583,6301,81,1693,502,4608,0,0,474,4208,106,1063,476,5271,California
Calaveras,2021-02-12,569,6870,325,2018,244,4852,0,0,493,4629,74,1137,495,5766,California
Calaveras,2021-02-13,193,7063,37,2055,156,5008,0,0,178,4792,15,1152,178,5944,California
Calaveras,2021-02-14,220,7283,71,2126,149,5157,0,0,206,4984,14,1166,206,6150,California
Calaveras,2021-02-15,383,7666,22,2148,361,5518,0,0,263,5130,117,1283,263,6413,California
Calaveras,2021-02-16,267,7933,143,2291,124,5642,0,0,231,5325,36,1319,231,6644,California
Calaveras,2021-02-17,509,8442,38,2329,471,6113,0,0,211,5247,290,1609,212,6856,California
Calaveras,2021-02-18,499,8941,91,2420,408,6521,0,0,99,4956,390,1999,99,6955,California
Calaveras,2021-02-19,439,9380,43,2463,396,6917,0,0,98,4723,331,2330,98,7053,California
Calaveras,2021-02-20,59,9439,15,2478,44,6961,0,0,48,4760,11,2341,48,7101,California
Calaveras,2021-02-21,23,9462,14,2492,9,6970,0,0,19,4775,4,2345,19,7120,California
Calaveras,2021-02-22,62,9524,38,2530,24,6994,0,0,33,4779,29,2374,33,7153,California
Calaveras,2021-02-23,125,9649,40,2570,85,7079,0,0,89,4833,36,2410,90,7243,California
Calaveras,2021-02-24,96,9745,47,2617,49,7128,0,0,66,4870,29,2439,66,7309,California
Calaveras,2021-02-25,548,10293,98,2715,450,7578,0,0,358,5041,187,2626,358,7667,California
Calaveras,2021-02-26,704,10997,46,2761,658,8236,0,0,368,5090,321,2947,370,8037,California
Calaveras,2021-02-27,203,11200,22,2783,181,8417,0,0,180,5247,23,2970,180,8217,California
Calaveras,2021-02-28,98,11298,15,2798,83,8500,0,0,93,5336,4,2974,93,8310,California
Calaveras,2021-03-01,226,11524,40,2838,186,8686,0,0,146,5404,79,3053,147,8457,California
Calaveras,2021-03-02,243,11767,91,2929,152,8838,0,0,201,5566,40,3093,202,8659,California
Calaveras,2021-03-03,510,12277,103,3032,407,9245,0,0,213,5486,293,3386,213,8872,California
Calaveras,2021-03-04,738,13015,64,3096,673,9918,1,1,349,5454,383,3769,351,9223,California
Calaveras,2021-03-05,456,13471,271,3367,181,10099,4,5,141,5288,311,4080,145,9368,California
Calaveras,2021-03-06,155,13626,42,3409,107,10206,6,11,122,5383,33,4113,128,9496,California
Calaveras,2021-03-07,75,13701,32,3441,36,10242,7,18,34,5383,41,4154,41,9537,California
Calaveras,2021-03-08,162,13863,26,3467,128,10370,8,26,128,5486,33,4187,136,9673,California
Calaveras,2021-03-09,361,14224,136,3603,219,10589,6,32,32,5198,326,4513,38,9711,California
Calaveras,2021-03-10,415,14639,27,3630,385,10974,3,35,57,4904,354,4867,60,9771,California
Calaveras,2021-03-11,845,15484,418,4048,414,11388,13,48,429,4933,413,5280,442,10213,California
Calaveras,2021-03-12,399,15883,212,4260,177,11565,10,58,326,5203,72,5352,342,10555,California
Calaveras,2021-03-13,176,16059,16,4276,152,11717,8,66,142,5322,33,5385,152,10707,California
Calaveras,2021-03-14,155,16214,10,4286,144,11861,1,67,17,5209,138,5523,25,10732,California
Calaveras,2021-03-15,331,16545,47,4333,258,12119,26,93,52,5013,278,5801,82,10814,California
Calaveras,2021-03-16,685,17230,550,4883,115,12234,20,113,545,5440,138,5939,565,11379,California
Calaveras,2021-03-17,279,17509,52,4935,213,12447,14,127,51,5280,226,6165,66,11445,California
Calaveras,2021-03-18,665,18174,570,5505,80,12527,15,142,550,5732,115,6280,567,12012,California
Calaveras,2021-03-19,231,18405,50,5555,107,12634,74,216,56,5690,171,6451,129,12141,California
Calaveras,2021-03-20,80,18485,21,5576,58,12692,1,217,23,5658,57,6508,25,12166,California
Calaveras,2021-03-21,48,18533,31,5607,6,12698,11,228,13,5647,35,6543,24,12190,California
Calaveras,2021-03-22,79,18612,36,5643,22,12720,21,249,25,5639,54,6597,46,12236,California
Calaveras,2021-03-23,292,18904,204,5847,78,12798,10,259,114,5593,170,6767,124,12360,California
Calaveras,2021-03-24,132,19036,50,5897,72,12870,10,269,43,5558,88,6855,53,12413,California
Calaveras,2021-03-25,738,19774,100,5997,635,13505,3,272,446,5718,289,7144,449,12862,California
Calaveras,2021-03-26,426,20200,28,6025,392,13897,6,278,89,5481,334,7478,97,12959,California
Calaveras,2021-03-27,212,20412,19,6044,189,14086,4,282,38,5354,171,7649,44,13003,California
Calaveras,2021-03-28,112,20524,12,6056,98,14184,2,284,8,5262,103,7752,11,13014,California
Calaveras,2021-03-29,175,20699,21,6077,151,14335,3,287,56,5205,117,7869,60,13074,California
Calaveras,2021-03-30,530,21229,22,6099,491,14826,17,304,354,5401,175,8044,371,13445,California
Calaveras,2021-03-31,321,21550,139,6238,172,14998,10,314,155,5401,166,8210,166,13611,California
Calaveras,2021-04-01,681,22231,439,6677,241,15239,1,315,186,5097,494,8704,190,13801,California
Calaveras,2021-04-02,394,22625,231,6908,155,15394,8,323,118,4951,273,8977,127,13928,California
Calaveras,2021-04-03,144,22769,32,6940,108,15502,4,327,40,4891,104,9081,44,13972,California
Calaveras,2021-04-04,78,22847,25,6965,53,15555,0,327,50,4913,28,9109,50,14022,California
Calaveras,2021-04-05,208,23055,79,7044,120,15675,9,336,99,4913,109,9218,109,14131,California
Calaveras,2021-04-06,648,23703,573,7617,62,15737,13,349,109,4499,536,9754,122,14253,California
Calaveras,2021-04-07,752,24455,654,8271,62,15799,36,385,615,5014,137,9891,652,14905,California
Calaveras,2021-04-08,941,25396,852,9123,68,15867,21,406,432,4962,507,10398,455,15360,California
Calaveras,2021-04-09,152,25548,58,9181,47,15914,47,453,56,4971,95,10493,104,15464,California
Calaveras,2021-04-10,186,25734,41,9222,127,16041,18,471,145,5094,41,10534,164,15628,California
Calaveras,2021-04-11,68,25802,43,9265,23,16064,2,473,47,5122,21,10555,49,15677,California
Calaveras,2021-04-12,104,25906,47,9312,38,16102,19,492,55,5148,49,10604,75,15752,California
Calaveras,2021-04-13,421,26327,366,9678,55,16157,0,492,362,5455,57,10661,364,16116,California
Calaveras,2021-04-14,180,26507,29,9707,151,16308,0,492,134,5544,46,10707,135,16251,California
Calaveras,2021-04-15,336,26843,287,9994,49,16357,0,492,253,5717,80,10787,253,16504,California
Calaveras,2021-04-16,98,26941,24,10018,74,16431,0,492,46,5715,48,10835,46,16550,California
Calaveras,2021-04-17,330,27271,128,10146,202,16633,0,492,288,5962,41,10876,288,16838,California
Calaveras,2021-04-18,18,27289,5,10151,13,16646,0,492,11,5966,7,10883,11,16849,California
Calaveras,2021-04-19,66,27355,24,10175,42,16688,0,492,40,5982,25,10908,41,16890,California
Calaveras,2021-04-20,258,27613,92,10267,166,16854,0,492,193,6112,63,10971,193,17083,California
Calaveras,2021-04-21,211,27824,143,10410,68,16922,0,492,86,6076,123,11094,87,17170,California
Calaveras,2021-04-22,539,28363,93,10503,446,17368,0,492,144,5829,394,11488,147,17317,California
Calaveras,2021-04-23,157,28520,80,10583,77,17445,0,492,64,5802,91,11579,64,17381,California
Calaveras,2021-04-24,172,28692,36,10619,136,17581,0,492,129,5890,42,11621,130,17511,California
Calaveras,2021-04-25,43,28735,28,10647,15,17596,0,492,22,5893,21,11642,24,17535,California
Calaveras,2021-04-26,94,28829,60,10707,34,17630,0,492,29,5858,65,11707,30,17565,California
Calaveras,2021-04-27,423,29252,58,10765,351,17981,14,506,65,5581,356,12063,79,17644,California
Calaveras,2021-04-28,584,29836,518,11283,38,18019,28,534,52,5140,532,12595,91,17735,California
Calaveras,2021-04-29,503,30339,437,11720,47,18066,19,553,70,4804,432,13027,96,17831,California
Calaveras,2021-04-30,144,30483,57,11777,82,18148,5,558,64,4801,80,13107,77,17908,California
Calaveras,2021-05-01,197,30680,109,11886,86,18234,2,560,130,4871,66,13173,136,18044,California
Calaveras,2021-05-02,51,30731,33,11919,17,18251,1,561,19,4861,31,13204,21,18065,California
Calaveras,2021-05-03,42,30773,29,11948,10,18261,3,564,23,4869,19,13223,27,18092,California
Calaveras,2021-05-04,350,31123,284,12232,32,18293,34,598,30,4616,319,13542,66,18158,California
Calaveras,2021-05-05,41,31164,9,12241,3,18296,29,627,7,4617,34,13576,35,18193,California
Colusa,2020-12-18,1,1,1,1,0,0,0,0,1,1,0,0,1,1,California
Colusa,2020-12-21,2,3,2,3,0,0,0,0,2,3,0,0,2,3,California
Colusa,2020-12-22,10,13,10,13,0,0,0,0,10,13,0,0,10,13,California
Colusa,2020-12-23,10,23,10,23,0,0,0,0,10,23,0,0,10,23,California
Colusa,2020-12-24,2,25,1,24,1,1,0,0,2,25,0,0,2,25,California
Colusa,2020-12-27,1,26,1,25,0,1,0,0,1,26,0,0,1,26,California
Colusa,2020-12-28,7,33,3,28,4,5,0,0,7,33,0,0,7,33,California
Colusa,2020-12-29,11,44,8,36,3,8,0,0,11,44,0,0,11,44,California
Colusa,2020-12-30,50,94,13,49,37,45,0,0,50,94,0,0,50,94,California
Colusa,2020-12-31,18,112,1,50,17,62,0,0,18,112,0,0,18,112,California
Colusa,2021-01-04,4,116,0,50,4,66,0,0,4,116,0,0,4,116,California
Colusa,2021-01-05,67,183,1,51,66,132,0,0,67,183,0,0,67,183,California
Colusa,2021-01-06,15,198,9,60,6,138,0,0,15,198,0,0,15,198,California
Colusa,2021-01-07,38,236,4,64,34,172,0,0,37,234,1,1,37,235,California
Colusa,2021-01-08,9,245,7,71,2,174,0,0,8,241,1,2,8,243,California
Colusa,2021-01-09,2,247,1,72,1,175,0,0,2,243,0,2,2,245,California
Colusa,2021-01-10,1,248,0,72,1,176,0,0,1,244,0,2,1,246,California
Colusa,2021-01-11,12,260,6,78,6,182,0,0,7,246,5,7,7,253,California
Colusa,2021-01-12,11,271,9,87,2,184,0,0,6,247,5,12,6,259,California
Colusa,2021-01-13,21,292,13,100,8,192,0,0,13,252,8,20,13,272,California
Colusa,2021-01-14,35,327,28,128,7,199,0,0,33,283,2,22,33,305,California
Colusa,2021-01-15,41,368,5,133,36,235,0,0,39,320,2,24,39,344,California
Colusa,2021-01-16,12,380,1,134,11,246,0,0,11,330,1,25,11,355,California
Colusa,2021-01-17,3,383,2,136,1,247,0,0,2,331,1,26,2,357,California
Colusa,2021-01-18,4,387,0,136,4,251,0,0,4,335,0,26,4,361,California
Colusa,2021-01-19,9,396,8,144,1,252,0,0,5,336,4,30,5,366,California
Colusa,2021-01-20,115,511,101,245,14,266,0,0,102,425,13,43,102,468,California
Colusa,2021-01-21,56,567,41,286,15,281,0,0,55,479,1,44,55,523,California
Colusa,2021-01-22,40,607,17,303,23,304,0,0,35,509,5,49,35,558,California
Colusa,2021-01-23,35,642,6,309,29,333,0,0,35,544,0,49,35,593,California
Colusa,2021-01-25,7,649,0,309,7,340,0,0,7,551,0,49,7,600,California
Colusa,2021-01-26,8,657,5,314,3,343,0,0,5,553,3,52,5,605,California
Colusa,2021-01-27,109,766,31,345,78,421,0,0,107,658,2,54,107,712,California
Colusa,2021-01-28,79,845,46,391,33,454,0,0,72,723,7,61,72,784,California
Colusa,2021-01-29,41,886,7,398,34,488,0,0,40,762,1,62,40,824,California
Colusa,2021-01-30,27,913,4,402,23,511,0,0,27,789,0,62,27,851,California
Colusa,2021-01-31,7,920,7,409,0,511,0,0,7,796,0,62,7,858,California
Colusa,2021-02-01,27,947,10,419,17,528,0,0,22,813,5,67,22,880,California
Colusa,2021-02-02,42,989,8,427,34,562,0,0,36,843,6,73,36,916,California
Colusa,2021-02-03,69,1058,10,437,59,621,0,0,59,892,10,83,59,975,California
Colusa,2021-02-04,143,1201,81,518,62,683,0,0,115,979,28,111,115,1090,California
Colusa,2021-02-05,32,1233,8,526,24,707,0,0,29,1005,3,114,29,1119,California
Colusa,2021-02-06,284,1517,8,534,276,983,0,0,273,1267,11,125,273,1392,California
Colusa,2021-02-07,2,1519,1,535,1,984,0,0,0,1265,2,127,0,1392,California
Colusa,2021-02-08,40,1559,5,540,35,1019,0,0,37,1299,3,130,37,1429,California
Colusa,2021-02-09,231,1790,14,554,217,1236,0,0,176,1420,55,185,176,1605,California
Colusa,2021-02-10,116,1906,41,595,75,1311,0,0,73,1450,43,228,73,1678,California
Colusa,2021-02-11,97,2003,36,631,61,1372,0,0,72,1497,25,253,72,1750,California
Colusa,2021-02-12,117,2120,9,640,108,1480,0,0,79,1537,39,292,79,1829,California
Colusa,2021-02-13,60,2180,8,648,52,1532,0,0,52,1581,8,300,52,1881,California
Colusa,2021-02-14,20,2200,8,656,12,1544,0,0,14,1589,6,306,14,1895,California
Colusa,2021-02-15,45,2245,10,666,35,1579,0,0,38,1620,7,313,38,1933,California
Colusa,2021-02-16,67,2312,4,670,63,1642,0,0,66,1685,1,314,66,1999,California
Colusa,2021-02-17,206,2518,143,813,63,1705,0,0,60,1599,146,460,60,2059,California
Colusa,2021-02-18,135,2653,35,848,100,1805,0,0,112,1688,23,483,112,2171,California
Colusa,2021-02-19,155,2808,19,867,136,1941,0,0,129,1791,26,509,129,2300,California
Colusa,2021-02-20,28,2836,6,873,22,1963,0,0,12,1787,16,525,12,2312,California
Colusa,2021-02-21,1,2837,1,874,0,1963,0,0,0,1786,1,526,0,2312,California
Colusa,2021-02-22,43,2880,26,900,17,1980,0,0,29,1801,14,540,29,2341,California
Colusa,2021-02-23,22,2902,6,906,16,1996,0,0,18,1815,4,544,18,2359,California
Colusa,2021-02-24,300,3202,54,960,246,2242,0,0,158,1831,142,686,158,2517,California
Colusa,2021-02-25,102,3304,55,1015,47,2289,0,0,66,1861,36,722,66,2583,California
Colusa,2021-02-26,98,3402,13,1028,85,2374,0,0,59,1881,39,761,59,2642,California
Colusa,2021-02-27,55,3457,4,1032,51,2425,0,0,40,1906,15,776,40,2682,California
Colusa,2021-02-28,26,3483,14,1046,12,2437,0,0,18,1916,8,784,18,2700,California
Colusa,2021-03-01,46,3529,15,1061,31,2468,0,0,29,1928,17,801,29,2729,California
Colusa,2021-03-02,49,3578,13,1074,36,2504,0,0,26,1931,23,824,26,2755,California
Colusa,2021-03-03,242,3820,43,1117,199,2703,0,0,185,2059,57,881,185,2940,California
Colusa,2021-03-04,138,3958,58,1175,80,2783,0,0,80,2081,58,939,80,3020,California
Colusa,2021-03-05,98,4056,25,1200,64,2847,9,9,53,2098,45,984,62,3082,California
Colusa,2021-03-06,274,4330,9,1209,265,3112,0,9,37,1898,237,1221,37,3119,California
Colusa,2021-03-07,8,4338,5,1214,3,3115,0,9,6,1902,2,1223,6,3125,California
Colusa,2021-03-08,88,4426,20,1234,33,3148,35,44,44,1937,44,1267,79,3204,California
Colusa,2021-03-09,274,4700,72,1306,179,3327,23,67,83,1852,191,1458,106,3310,California
Colusa,2021-03-10,289,4989,37,1343,216,3543,36,103,203,2005,86,1544,239,3549,California
Colusa,2021-03-11,419,5408,59,1402,339,3882,21,124,338,2281,81,1625,357,3906,California
Colusa,2021-03-12,109,5517,18,1420,78,3960,13,137,19,2223,90,1715,32,3938,California
Colusa,2021-03-13,61,5578,16,1436,36,3996,9,146,18,2207,43,1758,27,3965,California
Colusa,2021-03-14,20,5598,0,1436,18,4014,2,148,6,2202,13,1771,8,3973,California
Colusa,2021-03-15,69,5667,26,1462,35,4049,8,156,14,2169,55,1826,22,3995,California
Colusa,2021-03-16,296,5963,16,1478,234,4283,46,202,189,2297,107,1933,235,4230,California
Colusa,2021-03-17,195,6158,49,1527,146,4429,0,202,111,2324,84,2017,111,4341,California
Colusa,2021-03-18,319,6477,33,1560,216,4645,70,272,197,2469,122,2139,267,4608,California
Colusa,2021-03-19,78,6555,20,1580,56,4701,2,274,54,2501,24,2163,56,4664,California
Colusa,2021-03-20,49,6604,7,1587,41,4742,1,275,36,2525,13,2176,37,4701,California
Colusa,2021-03-21,6,6610,4,1591,2,4744,0,275,4,2527,2,2178,4,4705,California
Colusa,2021-03-22,62,6672,10,1601,43,4787,9,284,40,2554,22,2200,49,4754,California
Colusa,2021-03-23,81,6753,16,1617,63,4850,2,286,54,2583,27,2227,56,4810,California
Colusa,2021-03-24,337,7090,57,1674,274,5124,6,292,69,2389,268,2495,74,4884,California
Colusa,2021-03-25,109,7199,60,1734,44,5168,5,297,52,2389,57,2552,57,4941,California
Colusa,2021-03-26,298,7497,47,1781,247,5415,4,301,245,2585,53,2605,249,5190,California
Colusa,2021-03-27,63,7560,5,1786,58,5473,0,301,25,2572,38,2643,25,5215,California
Colusa,2021-03-28,15,7575,6,1792,9,5482,0,301,7,2571,8,2651,7,5222,California
Colusa,2021-03-29,70,7645,19,1811,45,5527,6,307,31,2569,39,2690,37,5259,California
Colusa,2021-03-30,147,7792,78,1889,67,5594,2,309,75,2574,72,2762,77,5336,California
Colusa,2021-03-31,235,8027,42,1931,193,5787,0,309,75,2491,158,2920,75,5411,California
Colusa,2021-04-01,426,8453,67,1998,304,6091,55,364,303,2726,122,3042,357,5768,California
Colusa,2021-04-02,81,8534,12,2010,55,6146,14,378,37,2733,44,3086,51,5819,California
Colusa,2021-04-03,62,8596,10,2020,29,6175,23,401,14,2722,48,3134,37,5856,California
Colusa,2021-04-04,18,8614,0,2020,8,6183,10,411,3,2720,15,3149,13,5869,California
Colusa,2021-04-05,95,8709,25,2045,55,6238,15,426,39,2718,56,3205,54,5923,California
Colusa,2021-04-06,128,8837,33,2078,45,6283,50,476,43,2726,85,3290,93,6016,California
Colusa,2021-04-07,357,9194,40,2118,294,6577,23,499,131,2655,226,3516,155,6171,California
Colusa,2021-04-08,426,9620,33,2151,366,6943,27,526,121,2501,302,3818,148,6319,California
Colusa,2021-04-09,76,9696,21,2172,32,6975,23,549,28,2504,48,3866,51,6370,California
Colusa,2021-04-10,45,9741,9,2181,16,6991,20,569,13,2505,32,3898,33,6403,California
Colusa,2021-04-11,15,9756,2,2183,11,7002,2,571,7,2506,8,3906,9,6412,California
Colusa,2021-04-12,31,9787,3,2186,28,7030,0,571,24,2523,7,3913,24,6436,California
Colusa,2021-04-13,278,10065,23,2209,255,7285,0,571,93,2432,184,4097,93,6529,California
Colusa,2021-04-14,94,10159,19,2228,75,7360,0,571,33,2404,61,4158,33,6562,California
Colusa,2021-04-15,318,10477,42,2270,276,7636,0,571,130,2346,188,4346,130,6692,California
Colusa,2021-04-16,80,10557,11,2281,69,7705,0,571,36,2339,43,4389,36,6728,California
Colusa,2021-04-17,53,10610,7,2288,46,7751,0,571,31,2348,22,4411,31,6759,California
Colusa,2021-04-18,9,10619,2,2290,7,7758,0,571,7,2353,2,4413,7,6766,California
Colusa,2021-04-19,61,10680,22,2312,39,7797,0,571,17,2326,44,4457,17,6783,California
Colusa,2021-04-20,176,10856,32,2344,144,7941,0,571,128,2406,48,4505,128,6911,California
Colusa,2021-04-21,170,11026,59,2403,111,8052,0,571,110,2456,60,4565,110,7021,California
Colusa,2021-04-22,416,11442,25,2428,390,8442,1,572,213,2467,202,4767,213,7234,California
Colusa,2021-04-23,90,11532,17,2445,73,8515,0,572,36,2449,54,4821,36,7270,California
Colusa,2021-04-24,237,11769,19,2464,217,8732,1,573,204,2621,33,4854,205,7475,California
Colusa,2021-04-25,11,11780,5,2469,6,8738,0,573,8,2626,3,4857,8,7483,California
Colusa,2021-04-26,22,11802,4,2473,17,8755,1,574,6,2617,15,4872,6,7489,California
Colusa,2021-04-27,92,11894,21,2494,67,8822,4,578,43,2615,49,4921,47,7536,California
Colusa,2021-04-28,172,12066,27,2521,142,8964,3,581,124,2695,47,4968,127,7663,California
Colusa,2021-04-29,269,12335,13,2534,252,9216,4,585,34,2507,234,5202,46,7709,California
Colusa,2021-04-30,57,12392,17,2551,40,9256,0,585,35,2520,22,5224,35,7744,California
Colusa,2021-05-01,18,12410,8,2559,7,9263,3,588,7,2519,11,5235,10,7754,California
Colusa,2021-05-02,3,12413,0,2559,2,9265,1,589,2,2521,1,5236,3,7757,California
Colusa,2021-05-03,13,12426,1,2560,11,9276,1,590,3,2515,10,5246,4,7761,California
Colusa,2021-05-04,73,12499,34,2594,38,9314,1,591,55,2553,18,5264,56,7817,California
Colusa,2021-05-05,33,12532,5,2599,27,9341,1,592,12,2545,21,5285,13,7830,California
Contra Costa,2020-12-15,18,18,18,18,0,0,0,0,18,18,0,0,18,18,California
Contra Costa,2020-12-16,523,541,523,541,0,0,0,0,523,541,0,0,523,541,California
Contra Costa,2020-12-17,908,1449,908,1449,0,0,0,0,908,1449,0,0,908,1449,California
Contra Costa,2020-12-18,1591,3040,1590,3039,1,1,0,0,1591,3040,0,0,1591,3040,California
Contra Costa,2020-12-19,1101,4141,1100,4139,1,2,0,0,1101,4141,0,0,1101,4141,California
Contra Costa,2020-12-20,584,4725,583,4722,1,3,0,0,584,4725,0,0,584,4725,California
Contra Costa,2020-12-21,1652,6377,1650,6372,2,5,0,0,1652,6377,0,0,1652,6377,California
Contra Costa,2020-12-22,1665,8042,1561,7933,104,109,0,0,1665,8042,0,0,1665,8042,California
Contra Costa,2020-12-23,1589,9631,1340,9273,249,358,0,0,1589,9631,0,0,1589,9631,California
Contra Costa,2020-12-24,654,10285,336,9609,318,676,0,0,654,10285,0,0,654,10285,California
Contra Costa,2020-12-25,39,10324,17,9626,22,698,0,0,39,10324,0,0,39,10324,California
Contra Costa,2020-12-26,641,10965,131,9757,510,1208,0,0,641,10965,0,0,641,10965,California
Contra Costa,2020-12-27,240,11205,87,9844,153,1361,0,0,240,11205,0,0,240,11205,California
Contra Costa,2020-12-28,1830,13035,860,10704,970,2331,0,0,1830,13035,0,0,1830,13035,California
Contra Costa,2020-12-29,1830,14865,824,11528,1006,3337,0,0,1830,14865,0,0,1830,14865,California
Contra Costa,2020-12-30,2394,17259,1216,12744,1178,4515,0,0,2393,17258,0,0,2393,17258,California
Contra Costa,2020-12-31,915,18174,308,13052,607,5122,0,0,914,18172,0,0,914,18172,California
Contra Costa,2021-01-01,60,18234,23,13075,37,5159,0,0,60,18232,0,0,60,18232,California
Contra Costa,2021-01-02,335,18569,173,13248,162,5321,0,0,335,18567,0,0,335,18567,California
Contra Costa,2021-01-03,175,18744,117,13365,58,5379,0,0,174,18741,0,0,174,18741,California
Contra Costa,2021-01-04,1907,20651,1253,14618,654,6033,0,0,1885,20606,20,20,1885,20626,California
Contra Costa,2021-01-05,2103,22754,1258,15876,845,6878,0,0,1844,22193,258,278,1845,22471,California
Contra Costa,2021-01-06,3277,26031,2244,18120,1033,7911,0,0,2516,23957,755,1033,2519,24990,California
Contra Costa,2021-01-07,3092,29123,2058,20178,1034,8945,0,0,1882,24632,1207,2240,1882,26872,California
Contra Costa,2021-01-08,3382,32505,2390,22568,992,9937,0,0,1820,24898,1557,3797,1823,28695,California
Contra Costa,2021-01-09,1584,34089,1132,23700,452,10389,0,0,748,24813,835,4632,750,29445,California
Contra Costa,2021-01-10,362,34451,286,23986,76,10465,0,0,153,24757,209,4841,153,29598,California
Contra Costa,2021-01-11,3838,38289,3146,27132,692,11157,0,0,2234,25390,1604,6445,2237,31835,California
Contra Costa,2021-01-12,3905,42194,2928,30060,977,12134,0,0,2580,26648,1325,7770,2583,34418,California
Contra Costa,2021-01-13,4678,46872,2889,32949,1789,13923,0,0,3737,29449,937,8707,3738,38156,California
Contra Costa,2021-01-14,4306,51178,1554,34503,2752,16675,0,0,3924,32991,382,9089,3924,42080,California
Contra Costa,2021-01-15,5336,56514,2459,36962,2877,19552,0,0,5013,37686,322,9411,5017,47097,California
Contra Costa,2021-01-16,1718,58232,552,37514,1166,20718,0,0,1643,39254,75,9486,1643,48740,California
Contra Costa,2021-01-17,1634,59866,974,38488,660,21378,0,0,1511,40645,123,9609,1514,50254,California
Contra Costa,2021-01-18,3201,63067,1259,39747,1942,23320,0,0,2578,42607,617,10226,2579,52833,California
Contra Costa,2021-01-19,7068,70135,3161,42908,3907,27227,0,0,6063,47673,1002,11228,6068,58901,California
Contra Costa,2021-01-20,6619,76754,4060,46968,2559,29786,0,0,5385,51833,1230,12458,5390,64291,California
Contra Costa,2021-01-21,6969,83723,3106,50074,3863,33649,0,0,6243,57363,721,13179,6251,70542,California
Contra Costa,2021-01-22,6364,90087,2701,52775,3663,37312,0,0,5507,62025,848,14027,5510,76052,California
Contra Costa,2021-01-23,2023,92110,358,53133,1665,38977,0,0,1765,63536,256,14283,1767,77819,California
Contra Costa,2021-01-24,1581,93691,219,53352,1362,40339,0,0,1436,64831,145,14428,1440,79259,California
Contra Costa,2021-01-25,6654,100345,3019,56371,3635,43974,0,0,5090,68362,1562,15990,5093,84352,California
Contra Costa,2021-01-26,8088,108433,4686,61057,3402,47376,0,0,6245,72776,1835,17825,6249,90601,California
Contra Costa,2021-01-27,8243,116676,5501,66558,2742,50118,0,0,6340,77298,1822,19647,6344,96945,California
Contra Costa,2021-01-28,7443,124119,4083,70641,3360,53478,0,0,5839,81543,1598,21245,5843,102788,California
Contra Costa,2021-01-29,7441,131560,3890,74531,3551,57029,0,0,6129,86366,1308,22553,6131,108919,California
Contra Costa,2021-01-30,2083,133643,596,75127,1487,58516,0,0,1716,87722,360,22913,1716,110635,California
Contra Costa,2021-01-31,699,134342,480,75607,219,58735,0,0,573,88172,123,23036,573,111208,California
Contra Costa,2021-02-01,5524,139866,3764,79371,1760,60495,0,0,3892,90440,1627,24663,3895,115103,California
Contra Costa,2021-02-02,7757,147623,5270,84641,2487,62982,0,0,5905,94496,1850,26513,5906,121009,California
Contra Costa,2021-02-03,8272,155895,5461,90102,2811,65793,0,0,5633,97502,2628,29141,5634,126643,California
Contra Costa,2021-02-04,7443,163338,3535,93637,3908,69701,0,0,5718,101501,1721,30862,5720,132363,California
Contra Costa,2021-02-05,8426,171764,4820,98457,3606,73307,0,0,5716,104514,2703,33565,5716,138079,California
Contra Costa,2021-02-06,3470,175234,2155,100612,1315,74622,0,0,2818,106682,651,34216,2819,140898,California
Contra Costa,2021-02-07,981,176215,710,101322,271,74893,0,0,603,106908,377,34593,603,141501,California
Contra Costa,2021-02-08,5810,182025,3441,104763,2369,77262,0,0,4331,109766,1474,36067,4332,145833,California
Contra Costa,2021-02-09,8658,190683,4775,109538,3883,81145,0,0,5765,112644,2888,38955,5766,151599,California
Contra Costa,2021-02-10,8631,199314,4649,114187,3982,85127,0,0,5403,114838,3213,42168,5407,157006,California
Contra Costa,2021-02-11,9311,208625,4214,118401,5097,90224,0,0,5269,116076,4036,46204,5274,162280,California
Contra Costa,2021-02-12,10071,218696,4612,123013,5459,95683,0,0,5459,116933,4605,50809,5462,167742,California
Contra Costa,2021-02-13,4878,223574,1366,124379,3512,99195,0,0,3406,118871,1469,52278,3407,171149,California
Contra Costa,2021-02-14,2086,225660,864,125243,1222,100417,0,0,1224,119235,860,53138,1224,172373,California
Contra Costa,2021-02-15,4450,230110,2466,127709,1984,102401,0,0,2346,119485,2097,55235,2347,174720,California
Contra Costa,2021-02-16,10418,240528,4910,132619,5508,107909,0,0,4641,118360,5770,61005,4645,179365,California
Contra Costa,2021-02-17,12277,252805,6131,138750,6146,114055,0,0,5626,117351,6636,67641,5627,184992,California
Contra Costa,2021-02-18,11468,264273,5966,144716,5502,119557,0,0,5321,116538,6136,73777,5323,190315,California
Contra Costa,2021-02-19,11404,275677,7106,151822,4298,123855,0,0,5172,115496,6215,79992,5173,195488,California
Contra Costa,2021-02-20,6441,282118,2889,154711,3552,127407,0,0,4565,118203,1860,81852,4567,200055,California
Contra Costa,2021-02-21,1806,283924,1259,155970,547,127954,0,0,1091,118580,714,82566,1091,201146,California
Contra Costa,2021-02-22,7536,291460,5100,161070,2436,130390,0,0,3462,117982,4062,86628,3464,204610,California
Contra Costa,2021-02-23,11904,303364,7250,168320,4654,135044,0,0,5922,117940,5968,92596,5926,210536,California
Contra Costa,2021-02-24,10479,313843,7681,176001,2798,137842,0,0,5053,117586,5409,98005,5055,215591,California
Contra Costa,2021-02-25,11460,325303,7205,183206,4255,142097,0,0,5200,116550,6240,104245,5204,220795,California
Contra Costa,2021-02-26,10698,336001,6746,189952,3952,146049,0,0,5302,116472,5381,109626,5303,226098,California
Contra Costa,2021-02-27,6620,342621,4208,194160,2412,148461,0,0,4108,118076,2505,112131,4109,230207,California
Contra Costa,2021-02-28,3788,346409,3119,197279,669,149130,0,0,3190,120672,595,112726,3191,233398,California
Contra Costa,2021-03-01,8098,354507,6084,203363,2010,151140,4,4,4973,122541,3110,115836,4979,238377,California
Contra Costa,2021-03-02,10144,364651,6320,209683,3823,154963,1,5,5254,122922,4874,120710,5255,243632,California
Contra Costa,2021-03-03,11161,375812,6983,216666,4177,159140,1,6,6247,124271,4900,125610,6249,249881,California
Contra Costa,2021-03-04,11882,387694,7094,223760,4788,163928,0,6,6152,124712,5711,131321,6152,256033,California
Contra Costa,2021-03-05,11235,398929,6669,230429,4560,168488,6,12,6396,126290,4824,136145,6402,262435,California
Contra Costa,2021-03-06,7296,406225,4010,234439,2976,171464,310,322,4715,128744,2569,138714,5023,267458,California
Contra Costa,2021-03-07,3624,409849,2272,236711,1292,172756,60,382,2952,131085,671,139385,3012,270470,California
Contra Costa,2021-03-08,8058,417907,3766,240477,3989,176745,303,685,5371,134087,2676,142061,5678,276148,California
Contra Costa,2021-03-09,10199,428106,5007,245484,4898,181643,294,979,5041,134272,5151,147212,5336,281484,California
Contra Costa,2021-03-10,12140,440246,5964,251448,4680,186323,1496,2475,5473,134575,6657,153869,6960,288444,California
Contra Costa,2021-03-11,12464,452710,6564,258012,5340,191663,560,3035,6362,135416,6081,159950,6922,295366,California
Contra Costa,2021-03-12,12536,465246,5146,263158,6846,198509,544,3579,6266,135970,6254,166204,6808,302174,California
Contra Costa,2021-03-13,7761,473007,3073,266231,4264,202773,424,4003,3079,134802,4665,170869,3497,305671,California
Contra Costa,2021-03-14,4345,477352,2544,268775,1318,204091,483,4486,2070,135086,2268,173137,2552,308223,California
Contra Costa,2021-03-15,9375,486727,5056,273831,3565,207656,754,5240,4748,135977,4611,177748,5502,313725,California
Contra Costa,2021-03-16,14255,500982,8464,282295,5395,213051,396,5636,7268,136677,6964,184712,7664,321389,California
Contra Costa,2021-03-17,14993,515975,10342,292637,4437,217488,214,5850,8575,139075,6397,191109,8795,330184,California
Contra Costa,2021-03-18,15358,531333,8531,301168,6347,223835,480,6330,8788,141799,6542,197651,9266,339450,California
Contra Costa,2021-03-19,15493,546826,8895,310063,5208,229043,1390,7720,8296,144305,7185,204836,9691,349141,California
Contra Costa,2021-03-20,10612,557438,6333,316396,3975,233018,304,8024,5241,144496,5355,210191,5546,354687,California
Contra Costa,2021-03-21,4439,561877,3888,320284,464,233482,87,8111,2085,144320,2347,212538,2171,356858,California
Contra Costa,2021-03-22,11520,573397,8684,328968,2586,236068,250,8361,7084,147228,4424,216962,7332,364190,California
Contra Costa,2021-03-23,15587,588984,10738,339706,4679,240747,170,8531,9497,150835,6063,223025,9670,373860,California
Contra Costa,2021-03-24,14977,603961,11680,351386,3085,243832,212,8743,9203,154510,5741,228766,9416,383276,California
Contra Costa,2021-03-25,15260,619221,11887,363273,3088,246920,285,9028,9426,158422,5797,234563,9709,392985,California
Contra Costa,2021-03-26,14926,634147,10693,373966,3838,250758,395,9423,8808,161528,6093,240656,9199,402184,California
Contra Costa,2021-03-27,10422,644569,6746,380712,3166,253924,510,9933,5774,163167,4638,245294,6277,408461,California
Contra Costa,2021-03-28,4122,648691,2919,383631,1150,255074,53,9986,1765,162638,2347,247641,1818,410279,California
Contra Costa,2021-03-29,10820,659511,8445,392076,2260,257334,115,10101,7073,166095,3733,251374,7190,417469,California
Contra Costa,2021-03-30,16717,676228,9116,401192,6248,263582,1353,11454,11034,172814,5668,257042,12387,429856,California
Contra Costa,2021-03-31,17932,694160,12554,413746,3938,267520,1440,12894,11515,179385,6384,263426,12955,442811,California
Contra Costa,2021-04-01,17401,711561,12183,425929,3857,271377,1361,14255,11334,186034,6044,269470,12693,455504,California
Contra Costa,2021-04-02,17385,728946,12836,438765,3542,274919,1007,15262,11563,192791,5811,275281,12568,468072,California
Contra Costa,2021-04-03,10768,739714,6417,445182,2818,277737,1533,16795,6178,195925,4577,279858,7711,475783,California
Contra Costa,2021-04-04,3318,743032,1310,446492,1414,279151,594,17389,893,194993,2419,282277,1487,477270,California
Contra Costa,2021-04-05,12039,755071,7853,454345,3215,282366,971,18360,6581,197099,5446,287723,7552,484822,California
Contra Costa,2021-04-06,17287,772358,11999,466344,3011,285377,2277,20637,9767,201641,7501,295224,12043,496865,California
Contra Costa,2021-04-07,18471,790829,12509,478853,3161,288538,2801,23438,10495,207018,7957,303181,13334,510199,California
Contra Costa,2021-04-08,18655,809484,12460,491313,3284,291822,2911,26349,10048,211383,8581,311762,12946,523145,California
Contra Costa,2021-04-09,18695,828179,11970,503283,4253,296075,2472,28821,10009,215202,8661,320423,12480,535625,California
Contra Costa,2021-04-10,10509,838688,3817,507100,2153,298228,4539,33360,3301,215838,7193,327616,7829,543454,California
Contra Costa,2021-04-11,3329,842017,1995,509095,684,298912,650,34010,1136,215438,2187,329803,1787,545241,California
Contra Costa,2021-04-12,11851,853868,7856,516951,2961,301873,1034,35044,5602,215843,6235,336038,6640,551881,California
Contra Costa,2021-04-13,17801,871669,10890,527841,6906,308779,5,35049,11898,221870,5882,341920,11909,563790,California
Contra Costa,2021-04-14,17519,889188,10987,538828,6531,315310,1,35050,9698,223772,7800,349720,9702,573492,California
Contra Costa,2021-04-15,17466,906654,10707,549535,6758,322068,1,35051,8108,222570,9329,359049,8127,581619,California
Contra Costa,2021-04-16,16844,923498,10516,560051,6327,328395,1,35052,7604,220965,9215,368264,7610,589229,California
Contra Costa,2021-04-17,11385,934883,6262,566313,5123,333518,0,35052,6113,221825,5258,373522,6118,595347,California
Contra Costa,2021-04-18,2731,937614,2111,568424,620,334138,0,35052,1782,222665,942,374464,1782,597129,California
Contra Costa,2021-04-19,11321,948935,8468,576892,2853,336991,0,35052,3549,218468,7748,382212,3551,600680,California
Contra Costa,2021-04-20,16615,965550,10796,587688,5819,342810,0,35052,6247,214376,10343,392555,6251,606931,California
Contra Costa,2021-04-21,17278,982828,14102,601790,3176,345986,0,35052,6148,209437,11095,403650,6156,613087,California
Contra Costa,2021-04-22,17113,999941,13867,615657,3245,349231,1,35053,6060,204486,11022,414672,6071,619158,California
Contra Costa,2021-04-23,16928,1016869,13468,629125,3460,352691,0,35053,5466,198531,11428,426100,5473,624631,California
Contra Costa,2021-04-24,10868,1027737,8408,637533,2460,355151,0,35053,4149,195986,6698,432798,4153,628784,California
Contra Costa,2021-04-25,3218,1030955,2168,639701,1048,356199,2,35055,2027,196831,1187,433985,2032,630816,California
Contra Costa,2021-04-26,9514,1040469,8068,647769,1422,357621,24,35079,2782,192932,6715,440700,2816,633632,California
Contra Costa,2021-04-27,14125,1054594,10423,658192,3553,361174,149,35228,3793,186571,10313,451013,3952,637584,California
Contra Costa,2021-04-28,13671,1068265,10678,668870,2718,363892,275,35503,3400,180012,10238,461251,3679,641263,California
Contra Costa,2021-04-29,11452,1079717,8792,677662,2507,366399,153,35656,2511,173762,8917,470168,2667,643930,California
Contra Costa,2021-04-30,12686,1092403,10008,687670,2439,368838,239,35895,2897,167137,9767,479935,3142,647072,California
Contra Costa,2021-05-01,8049,1100452,5898,693568,1841,370679,310,36205,1901,163220,6131,486066,2214,649286,California
Contra Costa,2021-05-02,2221,1102673,1489,695057,654,371333,78,36283,945,162977,1267,487333,1024,650310,California
Contra Costa,2021-05-03,7764,1110437,7052,702109,670,372003,42,36325,1626,158523,6127,493460,1673,651983,California
Contra Costa,2021-05-04,12698,1123135,11246,713355,1216,373219,236,36561,1851,149779,10832,504292,2088,654071,California
Contra Costa,2021-05-05,10820,1133955,9863,723218,830,374049,127,36688,1727,142564,9070,513362,1855,655926,California
Del Norte,2020-12-21,23,23,23,23,0,0,0,0,23,23,0,0,23,23,California
Del Norte,2020-12-22,46,69,46,69,0,0,0,0,46,69,0,0,46,69,California
Del Norte,2020-12-23,58,127,48,117,10,10,0,0,56,125,0,0,56,125,California
Del Norte,2020-12-28,34,161,34,151,0,10,0,0,34,159,0,0,34,159,California
Del Norte,2020-12-29,4,165,4,155,0,10,0,0,4,163,0,0,4,163,California
Del Norte,2020-12-30,67,232,55,210,12,22,0,0,68,231,0,0,68,231,California
Del Norte,2020-12-31,16,248,13,223,3,25,0,0,16,247,0,0,16,247,California
Del Norte,2021-01-04,102,350,49,272,53,78,0,0,102,349,0,0,102,349,California
Del Norte,2021-01-05,32,382,0,272,32,110,0,0,32,381,0,0,32,381,California
Del Norte,2021-01-06,77,459,18,290,59,169,0,0,77,458,0,0,77,458,California
Del Norte,2021-01-07,21,480,1,291,20,189,0,0,21,479,0,0,21,479,California
Del Norte,2021-01-08,78,558,7,298,71,260,0,0,78,557,0,0,78,557,California
Del Norte,2021-01-11,40,598,21,319,19,279,0,0,18,554,22,22,19,576,California
Del Norte,2021-01-12,51,649,32,351,19,298,0,0,30,563,21,43,30,606,California
Del Norte,2021-01-13,86,735,40,391,46,344,0,0,53,583,33,76,53,659,California
Del Norte,2021-01-14,52,787,14,405,38,382,0,0,46,623,6,82,46,705,California
Del Norte,2021-01-15,107,894,18,423,89,471,0,0,95,706,12,94,95,800,California
Del Norte,2021-01-17,1,895,1,424,0,471,0,0,1,707,0,94,1,801,California
Del Norte,2021-01-18,2,897,0,424,2,473,0,0,2,709,0,94,2,803,California
Del Norte,2021-01-19,119,1016,56,480,63,536,0,0,77,744,42,136,77,880,California
Del Norte,2021-01-20,158,1174,84,564,74,610,0,0,96,778,62,198,96,976,California
Del Norte,2021-01-21,43,1217,40,604,3,613,0,0,32,799,11,209,32,1008,California
Del Norte,2021-01-22,20,1237,17,621,3,616,0,0,13,805,7,216,13,1021,California
Del Norte,2021-01-23,1,1238,0,621,1,617,0,0,1,806,0,216,1,1022,California
Del Norte,2021-01-24,1,1239,0,621,1,618,0,0,1,807,0,216,1,1023,California
Del Norte,2021-01-25,100,1339,82,703,18,636,0,0,56,819,44,260,56,1079,California
Del Norte,2021-01-26,18,1357,11,714,7,643,0,0,7,815,11,271,7,1086,California
Del Norte,2021-01-27,64,1421,21,735,43,686,0,0,61,873,3,274,61,1147,California
Del Norte,2021-01-28,291,1712,20,755,271,957,0,0,286,1154,5,279,286,1433,California
Del Norte,2021-01-29,55,1767,21,776,34,991,0,0,44,1187,11,290,44,1477,California
Del Norte,2021-01-30,8,1775,1,777,7,998,0,0,8,1195,0,290,8,1485,California
Del Norte,2021-02-01,41,1816,1,778,40,1038,0,0,26,1206,15,305,26,1511,California
Del Norte,2021-02-02,142,1958,34,812,108,1146,0,0,73,1211,68,373,73,1584,California
Del Norte,2021-02-03,126,2084,40,852,86,1232,0,0,71,1227,55,428,71,1655,California
Del Norte,2021-02-04,71,2155,29,881,42,1274,0,0,42,1240,29,457,42,1697,California
Del Norte,2021-02-05,184,2339,22,903,162,1436,0,0,119,1295,64,521,119,1816,California
Del Norte,2021-02-06,312,2651,6,909,306,1742,0,0,312,1607,0,521,312,2128,California
Del Norte,2021-02-07,2,2653,1,910,1,1743,0,0,2,1609,0,521,2,2130,California
Del Norte,2021-02-08,36,2689,1,911,35,1778,0,0,32,1637,4,525,32,2162,California
Del Norte,2021-02-09,8,2697,5,916,3,1781,0,0,2,1633,6,531,2,2164,California
Del Norte,2021-02-10,143,2840,20,936,123,1904,0,0,86,1663,56,587,86,2250,California
Del Norte,2021-02-11,177,3017,59,995,118,2022,0,0,64,1614,113,700,64,2314,California
Del Norte,2021-02-12,121,3138,14,1009,107,2129,0,0,67,1627,54,754,67,2381,California
Del Norte,2021-02-13,2,3140,1,1010,1,2130,0,0,2,1629,0,754,2,2383,California
Del Norte,2021-02-14,3,3143,1,1011,2,2132,0,0,2,1630,1,755,2,2385,California
Del Norte,2021-02-15,4,3147,0,1011,4,2136,0,0,2,1630,2,757,2,2387,California
Del Norte,2021-02-16,132,3279,1,1012,131,2267,0,0,13,1524,119,876,13,2400,California
Del Norte,2021-02-17,91,3370,20,1032,71,2338,0,0,24,1481,67,943,24,2424,California
Del Norte,2021-02-18,77,3447,24,1056,53,2391,0,0,51,1506,26,969,51,2475,California
Del Norte,2021-02-19,43,3490,17,1073,26,2417,0,0,33,1529,10,979,33,2508,California
Del Norte,2021-02-20,8,3498,5,1078,3,2420,0,0,6,1533,2,981,6,2514,California
Del Norte,2021-02-22,2,3500,0,1078,2,2422,0,0,2,1535,0,981,2,2516,California
Del Norte,2021-02-23,107,3607,89,1167,18,2440,0,0,31,1491,76,1057,32,2548,California
Del Norte,2021-02-24,152,3759,98,1265,54,2494,0,0,79,1497,73,1130,79,2627,California
Del Norte,2021-02-25,476,4235,131,1396,345,2839,0,0,213,1449,261,1391,213,2840,California
Del Norte,2021-02-26,212,4447,176,1572,36,2875,0,0,166,1569,46,1437,166,3006,California
Del Norte,2021-02-27,152,4599,145,1717,6,2881,1,1,141,1700,11,1448,142,3148,California
Del Norte,2021-02-28,4,4603,1,1718,3,2884,0,1,3,1702,1,1449,3,3151,California
Del Norte,2021-03-01,28,4631,2,1720,26,2910,0,1,4,1682,24,1473,4,3155,California
Del Norte,2021-03-02,220,4851,141,1861,79,2989,0,1,187,1836,33,1506,187,3342,California
Del Norte,2021-03-03,167,5018,99,1960,68,3057,0,1,126,1921,41,1547,126,3468,California
Del Norte,2021-03-04,120,5138,83,2043,37,3094,0,1,91,1984,28,1575,91,3559,California
Del Norte,2021-03-05,119,5257,9,2052,110,3204,0,1,71,2007,48,1623,71,3630,California
Del Norte,2021-03-06,466,5723,78,2130,338,3542,50,51,164,1876,302,1925,171,3801,California
Del Norte,2021-03-07,2,5725,1,2131,1,3543,0,51,1,1876,1,1926,1,3802,California
Del Norte,2021-03-08,28,5753,1,2132,25,3568,2,53,5,1860,23,1949,7,3809,California
Del Norte,2021-03-09,194,5947,112,2244,79,3647,3,56,183,2035,11,1960,186,3995,California
Del Norte,2021-03-10,233,6180,96,2340,109,3756,28,84,134,2098,99,2059,162,4157,California
Del Norte,2021-03-11,151,6331,55,2395,91,3847,5,89,103,2158,48,2107,108,4265,California
Del Norte,2021-03-12,178,6509,89,2484,89,3936,0,89,125,2230,53,2160,125,4390,California
Del Norte,2021-03-13,94,6603,93,2577,1,3937,0,89,91,2318,3,2163,91,4481,California
Del Norte,2021-03-14,1,6604,0,2577,1,3938,0,89,1,2318,1,2164,1,4482,California
Del Norte,2021-03-15,38,6642,0,2577,38,3976,0,89,34,2348,4,2168,34,4516,California
Del Norte,2021-03-16,280,6922,135,2712,145,4121,0,89,259,2586,21,2189,259,4775,California
Del Norte,2021-03-17,282,7204,95,2807,185,4306,2,91,168,2642,114,2303,170,4945,California
Del Norte,2021-03-18,285,7489,107,2914,175,4481,3,94,149,2659,135,2438,152,5097,California
Del Norte,2021-03-19,266,7755,159,3073,101,4582,6,100,91,2581,175,2613,97,5194,California
Del Norte,2021-03-20,157,7912,154,3227,3,4585,0,100,15,2454,142,2755,15,5209,California
Del Norte,2021-03-21,4,7916,2,3229,2,4587,0,100,2,2454,2,2757,2,5211,California
Del Norte,2021-03-22,42,7958,3,3232,38,4625,1,101,39,2491,3,2760,40,5251,California
Del Norte,2021-03-23,335,8293,164,3396,153,4778,18,119,165,2505,168,2928,182,5433,California
Del Norte,2021-03-24,397,8690,107,3503,249,5027,41,160,236,2621,161,3089,277,5710,California
Del Norte,2021-03-25,193,8883,89,3592,104,5131,0,160,85,2599,107,3196,85,5795,California
Del Norte,2021-03-26,231,9114,112,3704,119,5250,0,160,197,2762,34,3230,197,5992,California
Del Norte,2021-03-27,108,9222,87,3791,4,5254,17,177,17,2705,91,3321,34,6026,California
Del Norte,2021-03-28,4,9226,2,3793,2,5256,0,177,1,2703,3,3324,1,6027,California
Del Norte,2021-03-29,57,9283,6,3799,34,5290,17,194,32,2727,25,3349,49,6076,California
Del Norte,2021-03-30,339,9622,118,3917,210,5500,11,205,128,2655,211,3560,139,6215,California
Del Norte,2021-03-31,350,9972,99,4016,234,5734,17,222,195,2714,153,3713,212,6427,California
Del Norte,2021-04-01,165,10137,59,4075,72,5806,34,256,70,2724,94,3807,104,6531,California
Del Norte,2021-04-02,230,10367,78,4153,103,5909,49,305,47,2638,183,3990,97,6628,California
Del Norte,2021-04-03,106,10473,82,4235,2,5911,22,327,4,2563,101,4091,26,6654,California
Del Norte,2021-04-04,4,10477,0,4235,0,5911,4,331,0,2563,4,4095,4,6658,California
Del Norte,2021-04-05,50,10527,5,4240,41,5952,4,335,42,2602,7,4102,46,6704,California
Del Norte,2021-04-06,378,10905,119,4359,222,6174,37,372,145,2556,229,4331,183,6887,California
Del Norte,2021-04-07,428,11333,114,4473,253,6427,61,433,281,2752,146,4477,342,7229,California
Del Norte,2021-04-08,233,11566,54,4527,111,6538,68,501,111,2809,122,4599,179,7408,California
Del Norte,2021-04-09,204,11770,47,4574,80,6618,77,578,98,2877,105,4704,173,7581,California
Del Norte,2021-04-10,47,11817,26,4600,4,6622,17,595,27,2901,20,4724,44,7625,California
Del Norte,2021-04-11,12,11829,3,4603,2,6624,7,602,2,2900,10,4734,9,7634,California
Del Norte,2021-04-12,28,11857,1,4604,9,6633,18,620,1,2893,26,4760,19,7653,California
Del Norte,2021-04-13,297,12154,49,4653,248,6881,0,620,155,2906,142,4902,155,7808,California
Del Norte,2021-04-14,327,12481,23,4676,304,7185,0,620,137,2858,190,5092,142,7950,California
Del Norte,2021-04-15,163,12644,30,4706,133,7318,0,620,44,2784,119,5211,45,7995,California
Del Norte,2021-04-16,160,12804,39,4745,121,7439,0,620,58,2741,102,5313,59,8054,California
Del Norte,2021-04-17,100,12904,69,4814,31,7470,0,620,95,2831,5,5318,95,8149,California
Del Norte,2021-04-18,4,12908,3,4817,1,7471,0,620,3,2833,1,5319,3,8152,California
Del Norte,2021-04-19,50,12958,6,4823,44,7515,0,620,8,2799,42,5361,8,8160,California
Del Norte,2021-04-20,209,13167,40,4863,169,7684,0,620,74,2738,135,5496,74,8234,California
Del Norte,2021-04-21,287,13454,22,4885,265,7949,0,620,63,2580,224,5720,66,8300,California
Del Norte,2021-04-22,114,13568,15,4900,99,8048,0,620,62,2590,52,5772,62,8362,California
Del Norte,2021-04-23,151,13719,20,4920,131,8179,0,620,39,2517,112,5884,39,8401,California
Del Norte,2021-04-24,24,13743,14,4934,10,8189,0,620,19,2531,5,5889,19,8420,California
Del Norte,2021-04-25,2,13745,0,4934,2,8191,0,620,2,2533,0,5889,2,8422,California
Del Norte,2021-04-26,29,13774,0,4934,29,8220,0,620,7,2518,22,5911,7,8429,California
Del Norte,2021-04-27,173,13947,19,4953,149,8369,5,625,47,2444,126,6037,52,8481,California
Del Norte,2021-04-28,269,14216,29,4982,236,8605,4,629,52,2287,214,6251,57,8538,California
Del Norte,2021-04-29,87,14303,7,4989,77,8682,3,632,23,2249,64,6315,26,8564,California
Del Norte,2021-04-30,82,14385,6,4995,66,8748,10,642,43,2263,39,6354,53,8617,California
Del Norte,2021-05-01,8,14393,3,4998,5,8753,0,642,6,2267,2,6356,6,8623,California
Del Norte,2021-05-02,8,14401,1,4999,7,8760,0,642,8,2275,0,6356,8,8631,California
Del Norte,2021-05-03,25,14426,0,4999,23,8783,2,644,1,2255,23,6379,3,8634,California
Del Norte,2021-05-04,183,14609,37,5036,141,8924,5,649,40,2157,143,6522,45,8679,California
Del Norte,2021-05-05,115,14724,1,5037,111,9035,3,652,38,2121,77,6599,41,8720,California
El Dorado,2020-12-15,12,12,12,12,0,0,0,0,12,12,0,0,12,12,California
El Dorado,2020-12-16,40,52,40,52,0,0,0,0,40,52,0,0,40,52,California
El Dorado,2020-12-17,31,83,31,83,0,0,0,0,31,83,0,0,31,83,California
El Dorado,2020-12-18,236,319,236,319,0,0,0,0,236,319,0,0,236,319,California
El Dorado,2020-12-19,116,435,116,435,0,0,0,0,116,435,0,0,116,435,California
El Dorado,2020-12-20,85,520,85,520,0,0,0,0,85,520,0,0,85,520,California
El Dorado,2020-12-21,308,828,307,827,1,1,0,0,308,828,0,0,308,828,California
El Dorado,2020-12-22,238,1066,214,1041,24,25,0,0,238,1066,0,0,238,1066,California
El Dorado,2020-12-23,189,1255,140,1181,49,74,0,0,189,1255,0,0,189,1255,California
El Dorado,2020-12-24,87,1342,66,1247,21,95,0,0,87,1342,0,0,87,1342,California
El Dorado,2020-12-25,8,1350,8,1255,0,95,0,0,8,1350,0,0,8,1350,California
El Dorado,2020-12-26,44,1394,26,1281,18,113,0,0,44,1394,0,0,44,1394,California
El Dorado,2020-12-27,37,1431,33,1314,4,117,0,0,37,1431,0,0,37,1431,California
El Dorado,2020-12-28,216,1647,169,1483,47,164,0,0,216,1647,0,0,216,1647,California
El Dorado,2020-12-29,457,2104,141,1624,316,480,0,0,457,2104,0,0,457,2104,California
El Dorado,2020-12-30,506,2610,136,1760,370,850,0,0,506,2610,0,0,506,2610,California
El Dorado,2020-12-31,110,2720,70,1830,40,890,0,0,110,2720,0,0,110,2720,California
El Dorado,2021-01-01,7,2727,4,1834,3,893,0,0,7,2727,0,0,7,2727,California
El Dorado,2021-01-02,152,2879,140,1974,12,905,0,0,152,2879,0,0,152,2879,California
El Dorado,2021-01-03,92,2971,17,1991,75,980,0,0,92,2971,0,0,92,2971,California
El Dorado,2021-01-04,189,3160,62,2053,127,1107,0,0,189,3160,0,0,189,3160,California
El Dorado,2021-01-05,204,3364,50,2103,154,1261,0,0,188,3332,16,16,188,3348,California
El Dorado,2021-01-06,262,3626,189,2292,73,1334,0,0,198,3466,64,80,198,3546,California
El Dorado,2021-01-07,330,3956,136,2428,194,1528,0,0,259,3654,71,151,259,3805,California
El Dorado,2021-01-08,976,4932,501,2929,475,2003,0,0,773,4225,203,354,774,4579,California
El Dorado,2021-01-09,194,5126,157,3086,37,2040,0,0,126,4283,68,422,126,4705,California
El Dorado,2021-01-10,180,5306,129,3215,51,2091,0,0,110,4324,70,492,111,4816,California
El Dorado,2021-01-11,659,5965,293,3508,366,2457,0,0,460,4587,198,690,461,5277,California
El Dorado,2021-01-12,695,6660,422,3930,273,2730,0,0,446,4784,249,939,446,5723,California
El Dorado,2021-01-13,699,7359,296,4226,403,3133,0,0,538,5161,161,1100,538,6261,California
El Dorado,2021-01-14,691,8050,219,4445,472,3605,0,0,596,5662,95,1195,596,6857,California
El Dorado,2021-01-15,683,8733,185,4630,498,4103,0,0,611,6201,72,1267,611,7468,California
El Dorado,2021-01-16,173,8906,104,4734,69,4172,0,0,146,6320,27,1294,146,7614,California
El Dorado,2021-01-17,100,9006,47,4781,53,4225,0,0,83,6386,17,1311,83,7697,California
El Dorado,2021-01-18,421,9427,138,4919,283,4508,0,0,353,6671,68,1379,353,8050,California
El Dorado,2021-01-19,650,10077,352,5271,298,4806,0,0,501,7024,149,1528,502,8552,California
El Dorado,2021-01-20,1010,11087,686,5957,324,5130,0,0,898,7811,111,1639,898,9450,California
El Dorado,2021-01-21,1157,12244,573,6530,584,5714,0,0,951,8597,165,1804,951,10401,California
El Dorado,2021-01-22,1103,13347,710,7240,393,6107,0,0,1049,9593,53,1857,1049,11450,California
El Dorado,2021-01-23,736,14083,617,7857,119,6226,0,0,625,10107,111,1968,625,12075,California
El Dorado,2021-01-24,126,14209,76,7933,50,6276,0,0,107,10195,19,1987,107,12182,California
El Dorado,2021-01-25,612,14821,206,8139,406,6682,0,0,524,10631,88,2075,524,12706,California
El Dorado,2021-01-26,675,15496,364,8503,311,6993,0,0,571,11099,104,2179,572,13278,California
El Dorado,2021-01-27,928,16424,329,8832,599,7592,0,0,592,11354,337,2516,592,13870,California
El Dorado,2021-01-28,1106,17530,453,9285,653,8245,0,0,745,11738,361,2877,745,14615,California
El Dorado,2021-01-29,976,18506,490,9775,486,8731,0,0,746,12256,229,3106,747,15362,California
El Dorado,2021-01-30,611,19117,359,10134,252,8983,0,0,450,12545,161,3267,450,15812,California
El Dorado,2021-01-31,209,19326,188,10322,21,9004,0,0,180,12696,29,3296,180,15992,California
El Dorado,2021-02-01,799,20125,368,10690,431,9435,0,0,655,13208,143,3439,655,16647,California
El Dorado,2021-02-02,837,20962,367,11057,470,9905,0,0,677,13725,160,3599,677,17324,California
El Dorado,2021-02-03,899,21861,475,11532,424,10329,0,0,686,14198,213,3812,686,18010,California
El Dorado,2021-02-04,1267,23128,723,12255,544,10873,0,0,871,14674,395,4207,871,18881,California
El Dorado,2021-02-05,1484,24612,598,12853,886,11759,0,0,868,14961,581,4788,868,19749,California
El Dorado,2021-02-06,640,25252,334,13187,306,12065,0,0,531,15384,109,4897,532,20281,California
El Dorado,2021-02-07,258,25510,178,13365,80,12145,0,0,194,15514,64,4961,194,20475,California
El Dorado,2021-02-08,880,26390,417,13782,463,12608,0,0,607,15848,273,5234,607,21082,California
El Dorado,2021-02-09,909,27299,487,14269,422,13030,0,0,487,15913,422,5656,487,21569,California
El Dorado,2021-02-10,1247,28546,729,14998,518,13548,0,0,656,15979,590,6246,656,22225,California
El Dorado,2021-02-11,2153,30699,891,15889,1262,14810,0,0,963,15756,1187,7433,964,23189,California
El Dorado,2021-02-12,1570,32269,824,16713,746,15556,0,0,679,15545,891,8324,680,23869,California
El Dorado,2021-02-13,978,33247,669,17382,309,15865,0,0,434,15438,541,8865,434,24303,California
El Dorado,2021-02-14,482,33729,153,17535,329,16194,0,0,396,15748,86,8951,396,24699,California
El Dorado,2021-02-15,1185,34914,387,17922,798,16992,0,0,825,16216,360,9311,828,25527,California
El Dorado,2021-02-16,1199,36113,530,18452,669,17661,0,0,675,16369,523,9834,676,26203,California
El Dorado,2021-02-17,902,37015,374,18826,528,18189,0,0,422,16313,480,10314,424,26627,California
El Dorado,2021-02-18,2086,39101,1012,19838,1074,19263,0,0,1352,16932,733,11047,1352,27979,California
El Dorado,2021-02-19,1168,40269,604,20442,564,19827,0,0,647,17060,520,11567,648,28627,California
El Dorado,2021-02-20,916,41185,435,20877,481,20308,0,0,668,17486,242,11809,668,29295,California
El Dorado,2021-02-21,282,41467,225,21102,57,20365,0,0,99,17403,182,11991,99,29394,California
El Dorado,2021-02-22,868,42335,434,21536,434,20799,0,0,285,17106,582,12573,285,29679,California
El Dorado,2021-02-23,843,43178,472,22008,371,21170,0,0,349,16962,493,13066,349,30028,California
El Dorado,2021-02-24,1027,44205,439,22447,588,21758,0,0,432,16800,595,13661,433,30461,California
El Dorado,2021-02-25,1634,45839,887,23334,747,22505,0,0,724,16622,904,14565,726,31187,California
El Dorado,2021-02-26,2354,48193,1482,24816,872,23377,0,0,1589,17448,763,15328,1589,32776,California
El Dorado,2021-02-27,1658,49851,439,25255,1219,24596,0,0,1219,18231,436,15764,1219,33995,California
El Dorado,2021-02-28,586,50437,204,25459,382,24978,0,0,433,18512,153,15917,434,34429,California
El Dorado,2021-03-01,1139,51576,453,25912,685,25663,1,1,626,18627,512,16429,627,35056,California
El Dorado,2021-03-02,901,52477,266,26178,635,26298,0,1,461,18650,438,16867,461,35517,California
El Dorado,2021-03-03,1680,54157,463,26641,1217,27515,0,1,1152,19283,521,17388,1154,36671,California
El Dorado,2021-03-04,2513,56670,1550,28191,963,28478,0,1,1227,19227,1283,18671,1227,37898,California
El Dorado,2021-03-05,1574,58244,422,28613,1147,29625,5,6,1042,19747,527,19198,1047,38945,California
El Dorado,2021-03-06,740,58984,210,28823,495,30120,35,41,392,19826,348,19546,427,39372,California
El Dorado,2021-03-07,404,59388,197,29020,189,30309,18,59,241,19924,161,19707,259,39631,California
El Dorado,2021-03-08,1326,60714,364,29384,890,31199,72,131,856,20384,467,20174,927,40558,California
El Dorado,2021-03-09,978,61692,225,29609,686,31885,67,198,580,20648,383,20557,647,41205,California
El Dorado,2021-03-10,945,62637,344,29953,545,32430,56,254,545,20854,394,20951,600,41805,California
El Dorado,2021-03-11,2998,65635,1828,31781,988,33418,182,436,1365,20783,1617,22568,1546,43351,California
El Dorado,2021-03-12,1779,67414,619,32400,913,34331,247,683,742,20752,1019,23587,988,44339,California
El Dorado,2021-03-13,1063,68477,344,32744,436,34767,283,966,375,20723,685,24272,656,44995,California
El Dorado,2021-03-14,791,69268,207,32951,472,35239,112,1078,280,20604,511,24783,392,45387,California
El Dorado,2021-03-15,1401,70669,303,33254,972,36211,126,1204,612,20558,785,25568,739,46126,California
El Dorado,2021-03-16,1210,71879,407,33661,659,36870,144,1348,569,20636,635,26203,713,46839,California
El Dorado,2021-03-17,1091,72970,351,34012,646,37516,94,1442,704,21047,387,26590,798,47637,California
El Dorado,2021-03-18,2971,75941,1750,35762,1176,38692,45,1487,1982,22092,982,27572,2027,49664,California
El Dorado,2021-03-19,1104,77045,363,36125,597,39289,144,1631,629,22391,475,28047,774,50438,California
El Dorado,2021-03-20,946,77991,269,36394,660,39949,17,1648,367,22207,568,28615,384,50822,California
El Dorado,2021-03-21,1028,79019,419,36813,604,40553,5,1653,938,23062,88,28703,943,51765,California
El Dorado,2021-03-22,1500,80519,488,37301,930,41483,82,1735,1191,24031,304,29007,1273,53038,California
El Dorado,2021-03-23,1143,81662,449,37750,602,42085,92,1827,735,24461,397,29404,827,53865,California
El Dorado,2021-03-24,1453,83115,621,38371,636,42721,196,2023,661,24554,764,30168,857,54722,California
El Dorado,2021-03-25,2483,85598,1672,40043,708,43429,103,2126,1367,24914,1110,31278,1470,56192,California
El Dorado,2021-03-26,1813,87411,694,40737,1010,44439,109,2235,947,25126,845,32123,1057,57249,California
El Dorado,2021-03-27,1312,88723,189,40926,1119,45558,4,2239,335,24494,971,33094,339,57588,California
El Dorado,2021-03-28,619,89342,181,41107,429,45987,9,2248,202,24291,414,33508,211,57799,California
El Dorado,2021-03-29,1309,90651,431,41538,862,46849,16,2264,823,24647,483,33991,839,58638,California
El Dorado,2021-03-30,1358,92009,411,41949,855,47704,92,2356,703,24793,648,34639,794,59432,California
El Dorado,2021-03-31,1560,93569,583,42532,914,48618,63,2419,704,24704,854,35493,765,60197,California
El Dorado,2021-04-01,3206,96775,1746,44278,1378,49996,82,2501,1518,24619,1686,37179,1601,61798,California
El Dorado,2021-04-02,1879,98654,556,44834,1228,51224,95,2596,754,24347,1121,38300,849,62647,California
El Dorado,2021-04-03,745,99399,290,45124,334,51558,121,2717,225,24174,518,38818,345,62992,California
El Dorado,2021-04-04,271,99670,85,45209,139,51697,47,2764,98,24147,172,38990,145,63137,California
El Dorado,2021-04-05,1419,101089,423,45632,902,52599,94,2858,591,24008,823,39813,684,63821,California
El Dorado,2021-04-06,1413,102502,523,46155,669,53268,221,3079,454,23725,957,40770,674,64495,California
El Dorado,2021-04-07,1575,104077,553,46708,576,53844,446,3525,556,23708,1016,41786,999,65494,California
El Dorado,2021-04-08,2668,106745,1721,48429,711,54555,236,3761,1116,23515,1543,43329,1350,66844,California
El Dorado,2021-04-09,1409,108154,440,48869,750,55305,219,3980,561,23447,845,44174,777,67621,California
El Dorado,2021-04-10,818,108972,219,49088,490,55795,109,4089,474,23687,342,44516,582,68203,California
El Dorado,2021-04-11,697,109669,452,49540,229,56024,16,4105,205,23417,491,45007,221,68424,California
El Dorado,2021-04-12,1279,110948,500,50040,631,56655,148,4253,562,23416,710,45717,709,69133,California
El Dorado,2021-04-13,1113,112061,608,50648,505,57160,0,4253,507,23321,602,46319,507,69640,California
El Dorado,2021-04-14,1066,113127,436,51084,629,57789,1,4254,364,22997,689,47008,365,70005,California
El Dorado,2021-04-15,2489,115616,1671,52755,818,58607,0,4254,968,22448,1518,48526,969,70974,California
El Dorado,2021-04-16,1453,117069,515,53270,938,59545,0,4254,606,22213,842,49368,607,71581,California
El Dorado,2021-04-17,768,117837,196,53466,572,60117,0,4254,486,22420,279,49647,486,72067,California
El Dorado,2021-04-18,969,118806,80,53546,889,61006,0,4254,401,22254,567,50214,401,72468,California
El Dorado,2021-04-19,1701,120507,435,53981,1266,62272,0,4254,691,21941,1004,51218,691,73159,California
El Dorado,2021-04-20,1107,121614,357,54338,750,63022,0,4254,459,21756,644,51862,459,73618,California
El Dorado,2021-04-21,1152,122766,464,54802,684,63706,4,4258,588,21788,557,52419,589,74207,California
El Dorado,2021-04-22,2532,125298,1664,56466,868,64574,0,4258,1070,21397,1461,53880,1070,75277,California
El Dorado,2021-04-23,1390,126688,494,56960,896,65470,0,4258,712,21435,675,54555,713,75990,California
El Dorado,2021-04-24,961,127649,510,57470,451,65921,0,4258,731,21938,228,54783,731,76721,California
El Dorado,2021-04-25,612,128261,433,57903,179,66100,0,4258,441,22208,171,54954,441,77162,California
El Dorado,2021-04-26,1029,129290,429,58332,584,66684,16,4274,501,22198,527,55481,517,77679,California
El Dorado,2021-04-27,947,130237,355,58687,564,67248,28,4302,437,22158,505,55986,465,78144,California
El Dorado,2021-04-28,982,131219,333,59020,608,67856,41,4343,363,21945,617,56603,404,78548,California
El Dorado,2021-04-29,1779,132998,1231,60251,520,68376,28,4371,444,21084,1333,57936,472,79020,California
El Dorado,2021-04-30,1979,134977,1216,61467,721,69097,42,4413,1237,21631,732,58668,1279,80299,California
El Dorado,2021-05-01,610,135587,283,61750,302,69399,25,4438,277,21607,326,58994,302,80601,California
El Dorado,2021-05-02,270,135857,192,61942,52,69451,26,4464,89,21543,178,59172,114,80715,California
El Dorado,2021-05-03,419,136276,207,62149,191,69642,21,4485,196,21539,222,59394,218,80933,California
El Dorado,2021-05-04,404,136680,225,62374,168,69810,11,4496,170,21487,233,59627,181,81114,California
El Dorado,2021-05-05,301,136981,172,62546,109,69919,20,4516,99,21406,200,59827,119,81233,California
Fresno,2020-12-15,2,2,2,2,0,0,0,0,2,2,0,0,2,2,California
Fresno,2020-12-16,121,123,121,123,0,0,0,0,121,123,0,0,121,123,California
Fresno,2020-12-17,120,243,120,243,0,0,0,0,120,243,0,0,120,243,California
Fresno,2020-12-18,343,586,343,586,0,0,0,0,343,586,0,0,343,586,California
Fresno,2020-12-19,157,743,157,743,0,0,0,0,157,743,0,0,157,743,California
Fresno,2020-12-20,258,1001,256,999,2,2,0,0,258,1001,0,0,258,1001,California
Fresno,2020-12-21,926,1927,925,1924,1,3,0,0,957,1958,0,0,957,1958,California
Fresno,2020-12-22,901,2828,872,2796,29,32,0,0,905,2863,0,0,905,2863,California
Fresno,2020-12-23,1087,3915,1046,3842,41,73,0,0,1088,3951,0,0,1088,3951,California
Fresno,2020-12-24,581,4496,562,4404,19,92,0,0,581,4532,0,0,581,4532,California
Fresno,2020-12-25,2,4498,1,4405,1,93,0,0,2,4534,0,0,2,4534,California
Fresno,2020-12-26,722,5220,713,5118,9,102,0,0,722,5256,0,0,722,5256,California
Fresno,2020-12-27,300,5520,204,5322,96,198,0,0,300,5556,0,0,300,5556,California
Fresno,2020-12-28,1062,6582,775,6097,287,485,0,0,1063,6619,0,0,1063,6619,California
Fresno,2020-12-29,1770,8352,1040,7137,730,1215,0,0,1768,8386,1,1,1768,8387,California
Fresno,2020-12-30,981,9333,478,7615,503,1718,0,0,981,9367,0,1,981,9368,California
Fresno,2020-12-31,897,10230,310,7925,587,2305,0,0,896,10263,0,1,896,10264,California
Fresno,2021-01-01,9,10239,3,7928,6,2311,0,0,9,10272,0,1,9,10273,California
Fresno,2021-01-02,1031,11270,717,8645,314,2625,0,0,1031,11303,0,1,1031,11304,California
Fresno,2021-01-03,153,11423,128,8773,25,2650,0,0,153,11456,0,1,153,11457,California
Fresno,2021-01-04,617,12040,376,9149,241,2891,0,0,617,12073,0,1,617,12074,California
Fresno,2021-01-05,778,12818,312,9461,466,3357,0,0,704,12703,74,75,704,12778,California
Fresno,2021-01-06,975,13793,346,9807,629,3986,0,0,803,13334,172,247,803,13581,California
Fresno,2021-01-07,1886,15679,915,10722,971,4957,0,0,1633,14717,253,500,1636,15217,California
Fresno,2021-01-08,1784,17463,613,11335,1171,6128,0,0,1420,15775,362,862,1420,16637,California
Fresno,2021-01-09,628,18091,386,11721,242,6370,0,0,354,15855,274,1136,354,16991,California
Fresno,2021-01-10,515,18606,485,12206,30,6400,0,0,202,15744,313,1449,202,17193,California
Fresno,2021-01-11,2158,20764,1751,13957,407,6807,0,0,1465,16519,693,2142,1468,18661,California
Fresno,2021-01-12,2524,23288,1826,15783,698,7505,0,0,1677,17349,849,2991,1679,20340,California
Fresno,2021-01-13,3538,26826,2423,18206,1115,8620,0,0,2682,19177,856,3847,2684,23024,California
Fresno,2021-01-14,4152,30978,2200,20406,1952,10572,0,0,3682,22390,469,4316,3682,26706,California
Fresno,2021-01-15,3648,34626,2533,22939,1115,11687,0,0,3290,25326,358,4674,3294,30000,California
Fresno,2021-01-16,3150,37776,2308,25247,842,12529,0,0,2686,27550,463,5137,2687,32687,California
Fresno,2021-01-17,977,38753,556,25803,421,12950,0,0,779,28131,198,5335,779,33466,California
Fresno,2021-01-18,3075,41828,2368,28171,707,13657,0,0,2410,29880,663,5998,2412,35878,California
Fresno,2021-01-19,4329,46157,2542,30713,1787,15444,0,0,3678,32911,651,6649,3682,39560,California
Fresno,2021-01-20,2994,49151,1186,31899,1808,17252,0,0,2693,35305,302,6951,2696,42256,California
Fresno,2021-01-21,4374,53525,2022,33921,2352,19604,0,0,4025,39005,330,7281,4030,46286,California
Fresno,2021-01-22,3311,56836,1347,35268,1964,21568,0,0,2922,41556,372,7653,2923,49209,California
Fresno,2021-01-23,3043,59879,1970,37238,1073,22641,0,0,2320,43161,722,8375,2327,51536,California
Fresno,2021-01-24,553,60432,373,37611,180,22821,0,0,348,43307,205,8580,351,51887,California
Fresno,2021-01-25,2344,62776,865,38476,1479,24300,0,0,1856,44679,488,9068,1860,53747,California
Fresno,2021-01-26,2021,64797,584,39060,1437,25737,0,0,1316,45293,703,9771,1317,55064,California
Fresno,2021-01-27,2269,67066,1164,40224,1105,26842,0,0,1747,46522,521,10292,1750,56814,California
Fresno,2021-01-28,4494,71560,3056,43280,1438,28280,0,0,3475,48985,1015,11307,3478,60292,California
Fresno,2021-01-29,1704,73264,983,44263,721,29001,0,0,1407,50099,294,11601,1408,61700,California
Fresno,2021-01-30,1452,74716,552,44815,900,29901,0,0,1035,50717,417,12018,1035,62735,California
Fresno,2021-01-31,226,74942,217,45032,9,29910,0,0,72,50635,154,12172,72,62807,California
Fresno,2021-02-01,3336,78278,1666,46698,1670,31580,0,0,1821,50960,1514,13686,1839,64646,California
Fresno,2021-02-02,2719,80997,550,47248,2169,33749,0,0,1586,51444,1118,14804,1602,66248,California
Fresno,2021-02-03,3541,84538,2096,49344,1445,35194,0,0,1525,50968,2002,16806,1526,67774,California
Fresno,2021-02-04,4198,88736,1899,51243,2299,37493,0,0,1931,50667,2237,19043,1936,69710,California
Fresno,2021-02-05,5331,94067,2726,53969,2605,40098,0,0,2307,49959,3019,22062,2311,72021,California
Fresno,2021-02-06,2936,97003,2048,56017,888,40986,0,0,977,48982,1956,24018,979,73000,California
Fresno,2021-02-07,470,97473,289,56306,181,41167,0,0,275,49063,194,24212,275,73275,California
Fresno,2021-02-08,4275,101748,2292,58598,1983,43150,0,0,1812,48445,2439,26651,1821,75096,California
Fresno,2021-02-09,5332,107080,2084,60682,3248,46398,0,0,3120,49437,2136,28787,3128,78224,California
Fresno,2021-02-10,3881,110961,1236,61918,2645,49043,0,0,1989,49600,1837,30624,2000,80224,California
Fresno,2021-02-11,6452,117413,2092,64010,4360,53403,0,0,3364,49897,3073,33697,3370,83594,California
Fresno,2021-02-12,5388,122801,1385,65395,4003,57406,0,0,2747,50030,2621,36318,2754,86348,California
Fresno,2021-02-13,3735,126536,1547,66942,2188,59594,0,0,2083,50479,1640,37958,2089,88437,California
Fresno,2021-02-14,1562,128098,282,67224,1280,60874,0,0,848,50616,713,38671,850,89287,California
Fresno,2021-02-15,2887,130985,271,67495,2616,63490,0,0,1783,51303,1100,39771,1787,91074,California
Fresno,2021-02-16,6687,137672,2404,69899,4283,67773,0,0,4250,53140,2419,42190,4256,95330,California
Fresno,2021-02-17,5337,143009,2455,72354,2882,70655,0,0,2986,53825,2306,44496,2991,98321,California
Fresno,2021-02-18,6861,149870,2905,75259,3956,74611,0,0,2574,52172,4238,48734,2585,100906,California
Fresno,2021-02-19,3835,153705,1102,76361,2733,77344,0,0,1830,52010,1995,50729,1833,102739,California
Fresno,2021-02-20,4538,158243,2502,78863,2036,79380,0,0,3056,53597,1475,52204,3062,105801,California
Fresno,2021-02-21,188,158431,171,79034,17,79397,0,0,129,53680,46,52250,129,105930,California
Fresno,2021-02-22,2231,160662,1002,80036,1229,80626,0,0,1224,53910,998,53248,1228,107158,California
Fresno,2021-02-23,3898,164560,1489,81525,2409,83035,0,0,3037,56099,850,54098,3039,110197,California
Fresno,2021-02-24,4182,168742,1499,83024,2683,85718,0,0,3434,58800,736,54834,3437,113634,California
Fresno,2021-02-25,7495,176237,2533,85557,4962,90680,0,0,6038,63452,1393,56227,6045,119679,California
Fresno,2021-02-26,8351,184588,3051,88608,5300,95980,0,0,7060,69249,1269,57496,7066,126745,California
Fresno,2021-02-27,6306,190894,2215,90823,4091,100071,0,0,5613,74186,681,58177,5618,132363,California
Fresno,2021-02-28,1641,192535,535,91358,1106,101177,0,0,1551,75661,77,58254,1552,133915,California
Fresno,2021-03-01,4937,197472,1308,92666,3629,104806,0,0,3624,77992,1302,59556,3633,137548,California
Fresno,2021-03-02,8650,206122,2318,94984,6332,111138,0,0,7280,83949,1346,60902,7303,144851,California
Fresno,2021-03-03,6861,212983,1691,96675,5169,116307,1,1,5847,88910,1001,61903,5962,150813,California
Fresno,2021-03-04,8603,221586,2544,99219,6059,122366,0,1,7076,94493,1501,63404,7084,157897,California
Fresno,2021-03-05,8044,229630,2711,101930,5331,127697,2,3,7020,100699,891,64295,7097,164994,California
Fresno,2021-03-06,6476,236106,3542,105472,2817,130514,117,120,5527,105404,943,65238,5648,170642,California
Fresno,2021-03-07,1479,237585,679,106151,766,131280,34,154,1251,106464,226,65464,1286,171928,California
Fresno,2021-03-08,5076,242661,2018,108169,2905,134185,153,307,3898,109357,1169,66633,4062,175990,California
Fresno,2021-03-09,7171,249832,2419,110588,4482,138667,270,577,3990,110488,3164,69797,4295,180285,California
Fresno,2021-03-10,6628,256460,2752,113340,3483,142150,393,970,5230,114731,1388,71185,5631,185916,California
Fresno,2021-03-11,11451,267911,4563,117903,6321,148471,567,1537,6216,116398,5191,76376,6858,192774,California
Fresno,2021-03-12,11622,279533,4966,122869,6203,154674,453,1990,8626,122638,2980,79356,9220,201994,California
Fresno,2021-03-13,8174,287707,3901,126770,3242,157916,1031,3021,3921,123428,4234,83590,5024,207018,California
Fresno,2021-03-14,1764,289471,473,127243,1001,158917,290,3311,664,123291,1089,84679,952,207970,California
Fresno,2021-03-15,7014,296485,3088,130331,3756,162673,170,3481,4853,126351,2146,86825,5206,213176,California
Fresno,2021-03-16,10078,306563,4423,134754,5261,167934,394,3875,6052,128899,3994,90819,6542,219718,California
Fresno,2021-03-17,8538,315101,3879,138633,3965,171899,694,4569,5760,132974,2758,93577,6833,226551,California
Fresno,2021-03-18,12268,327369,6579,145212,5059,176958,630,5199,8023,137848,4201,97778,9075,235626,California
Fresno,2021-03-19,10787,338156,5631,150843,4542,181500,614,5813,7306,142609,3453,101231,8214,243840,California
Fresno,2021-03-20,7385,345541,4426,155269,2648,184148,311,6124,4518,144863,2844,104075,5098,248938,California
Fresno,2021-03-21,1778,347319,1205,156474,202,184350,371,6495,962,145385,812,104887,1334,250272,California
Fresno,2021-03-22,5648,352967,2890,159364,2163,186513,595,7090,3852,148251,1780,106667,4646,254918,California
Fresno,2021-03-23,10540,363507,5243,164607,4803,191316,494,7584,6067,150785,4453,111120,6987,261905,California
Fresno,2021-03-24,8609,372116,3634,168241,4146,195462,829,8413,4737,152564,3839,114959,5618,267523,California
Fresno,2021-03-25,12058,384174,5576,173817,5700,201162,782,9195,6179,153768,5838,120797,7042,274565,California
Fresno,2021-03-26,12019,396193,5333,179150,6042,207204,644,9839,5277,153015,6693,127490,5940,280505,California
Fresno,2021-03-27,9374,405567,4136,183286,4154,211358,1084,10923,2937,150639,6401,133891,4025,284530,California
Fresno,2021-03-28,3281,408848,1198,184484,1396,212754,687,11610,1257,150825,2017,135908,2203,286733,California
Fresno,2021-03-29,5995,414843,1980,186464,3472,216226,543,12153,2895,151199,3076,138984,3450,290183,California
Fresno,2021-03-30,10773,425616,4213,190677,5676,221902,884,13037,4455,150242,6294,145278,5337,295520,California
Fresno,2021-03-31,9251,434867,3319,193996,4950,226852,982,14019,3786,149581,5427,150705,4766,300286,California
Fresno,2021-04-01,11516,446383,4069,198065,6597,233449,850,14869,3923,146818,7504,158209,4741,305027,California
Fresno,2021-04-02,11567,457950,4407,202472,6372,239821,788,15657,4209,144617,7204,165413,5003,310030,California
Fresno,2021-04-03,6183,464133,3378,205850,2554,242375,251,15908,2220,143177,3950,169363,2510,312540,California
Fresno,2021-04-04,1490,465623,533,206383,913,243288,44,15952,563,142865,919,170282,607,313147,California
Fresno,2021-04-05,8257,473880,4461,210844,2999,246287,797,16749,2525,140533,5722,176004,3390,316537,California
Fresno,2021-04-06,9540,483420,4013,214857,4352,250639,1175,17924,3605,139424,5902,181906,4793,321330,California
Fresno,2021-04-07,10311,493731,5300,220157,3830,254469,1181,19105,3550,137457,6726,188632,4759,326089,California
Fresno,2021-04-08,10793,504524,5116,225273,4542,259011,1135,20240,3506,134896,7246,195878,4685,330774,California
Fresno,2021-04-09,10678,515202,5111,230384,4209,263220,1358,21598,3595,132828,7043,202921,4975,335749,California
Fresno,2021-04-10,7843,523045,5148,235532,2175,265395,520,22118,3716,132959,4106,207027,4237,339986,California
Fresno,2021-04-11,1390,524435,931,236463,370,265765,89,22207,449,132561,936,207963,538,340524,California
Fresno,2021-04-12,7111,531546,3765,240228,2443,268208,903,23110,2318,131012,4770,212733,3221,343745,California
Fresno,2021-04-13,8888,540434,4224,244452,4594,272802,70,23180,3500,129318,5355,218088,3661,347406,California
Fresno,2021-04-14,8830,549264,5139,249591,3690,276492,1,23181,3623,127816,5171,223259,3669,351075,California
Fresno,2021-04-15,7793,557057,3638,253229,4153,280645,2,23183,3020,126094,4747,228006,3025,354100,California
Fresno,2021-04-16,8935,565992,4241,257470,4692,285337,2,23185,3831,124867,5065,233071,3838,357938,California
Fresno,2021-04-17,5569,571561,3734,261204,1835,287172,0,23185,2714,124745,2838,235909,2716,360654,California
Fresno,2021-04-18,1019,572580,552,261756,467,287639,0,23185,474,124677,542,236451,474,361128,California
Fresno,2021-04-19,5396,577976,2914,264670,2478,290117,4,23189,2168,123657,3195,239646,2175,363303,California
Fresno,2021-04-20,6818,584794,3313,267983,3497,293614,8,23197,2535,121943,4258,243904,2544,365847,California
Fresno,2021-04-21,6254,591048,3412,271395,2834,296448,8,23205,2586,120899,3642,247546,2598,368445,California
Fresno,2021-04-22,6319,597367,3136,274531,3182,299630,1,23206,2333,119298,3938,251484,2337,370782,California
Fresno,2021-04-23,7001,604368,3764,278295,3218,302848,19,23225,2713,117769,4249,255733,2720,373502,California
Fresno,2021-04-24,4154,608522,2482,280777,1672,304520,0,23225,1958,117544,2183,257916,1958,375460,California
Fresno,2021-04-25,1362,609884,568,281345,792,305312,2,23227,678,117542,681,258597,679,376139,California
Fresno,2021-04-26,3772,613656,1844,283189,1889,307201,39,23266,1599,117027,2151,260748,1636,377775,California
Fresno,2021-04-27,4333,617989,2129,285318,2100,309301,104,23370,1671,116158,2644,263392,1775,379550,California
Fresno,2021-04-28,4490,622479,2484,287802,1889,311190,117,23487,1850,115504,2620,266012,1966,381516,California
Fresno,2021-04-29,4223,626702,2381,290183,1717,312907,125,23612,1567,114568,2626,268638,1690,383206,California
Fresno,2021-04-30,4973,631675,3014,293197,1833,314740,126,23738,1966,113680,2979,271617,2091,385297,California
Fresno,2021-05-01,4056,635731,3349,296546,574,315314,133,23871,1186,112144,2854,274471,1318,386615,California
Fresno,2021-05-02,1121,636852,668,297214,404,315718,49,23920,537,112155,575,275046,586,387201,California
Fresno,2021-05-03,2610,639462,1629,298843,860,316578,121,24041,843,111361,1755,276801,961,388162,California
Fresno,2021-05-04,3560,643022,1656,300499,1811,318389,93,24134,1084,110076,2464,279265,1179,389341,California
Fresno,2021-05-05,2811,645833,1736,302235,939,319328,136,24270,785,108981,2011,281276,916,390257,California
Glenn,2020-12-17,1,1,1,1,0,0,0,0,1,1,0,0,1,1,California
Glenn,2020-12-19,1,2,1,2,0,0,0,0,1,2,0,0,1,2,California
Glenn,2020-12-20,1,3,1,3,0,0,0,0,1,3,0,0,1,3,California
Glenn,2020-12-21,11,14,11,14,0,0,0,0,11,14,0,0,11,14,California
Glenn,2020-12-22,59,73,59,73,0,0,0,0,59,73,0,0,59,73,California
Glenn,2020-12-23,27,100,27,100,0,0,0,0,27,100,0,0,27,100,California
Glenn,2020-12-24,9,109,9,109,0,0,0,0,9,109,0,0,9,109,California
Glenn,2020-12-26,2,111,2,111,0,0,0,0,2,111,0,0,2,111,California
Glenn,2020-12-27,4,115,4,115,0,0,0,0,4,115,0,0,4,115,California
Glenn,2020-12-28,21,136,21,136,0,0,0,0,21,136,0,0,21,136,California
Glenn,2020-12-29,82,218,82,218,0,0,0,0,82,218,0,0,82,218,California
Glenn,2020-12-30,129,347,106,324,23,23,0,0,129,347,0,0,129,347,California
Glenn,2020-12-31,38,385,9,333,29,52,0,0,38,385,0,0,38,385,California
Glenn,2021-01-02,2,387,2,335,0,52,0,0,2,387,0,0,2,387,California
Glenn,2021-01-04,7,394,5,340,2,54,0,0,7,394,0,0,7,394,California
Glenn,2021-01-05,9,403,8,348,1,55,0,0,9,403,0,0,9,403,California
Glenn,2021-01-06,60,463,8,356,52,107,0,0,60,463,0,0,60,463,California
Glenn,2021-01-07,67,530,12,368,55,162,0,0,65,526,2,2,65,528,California
Glenn,2021-01-08,12,542,9,377,3,165,0,0,12,538,0,2,12,540,California
Glenn,2021-01-10,1,543,1,378,0,165,0,0,0,537,1,3,0,540,California
Glenn,2021-01-11,30,573,30,408,0,165,0,0,12,531,18,21,12,552,California
Glenn,2021-01-12,42,615,37,445,5,170,0,0,14,517,28,49,14,566,California
Glenn,2021-01-13,154,769,89,534,65,235,0,0,110,583,44,93,110,676,California
Glenn,2021-01-14,185,954,96,630,89,324,0,0,175,748,10,103,175,851,California
Glenn,2021-01-15,42,996,34,664,8,332,0,0,37,780,5,108,37,888,California
Glenn,2021-01-16,34,1030,14,678,20,352,0,0,24,794,10,118,24,912,California
Glenn,2021-01-17,4,1034,2,680,2,354,0,0,2,794,2,120,2,914,California
Glenn,2021-01-18,17,1051,16,696,1,355,0,0,9,795,8,128,9,923,California
Glenn,2021-01-19,31,1082,20,716,11,366,0,0,14,792,17,145,14,937,California
Glenn,2021-01-20,163,1245,94,810,69,435,0,0,82,793,81,226,82,1019,California
Glenn,2021-01-21,124,1369,98,908,26,461,0,0,30,729,94,320,30,1049,California
Glenn,2021-01-22,339,1708,65,973,274,735,0,0,332,1054,7,327,332,1381,California
Glenn,2021-01-23,14,1722,7,980,7,742,0,0,12,1064,2,329,12,1393,California
Glenn,2021-01-24,2,1724,2,982,0,742,0,0,2,1066,0,329,2,1395,California
Glenn,2021-01-25,27,1751,9,991,18,760,0,0,24,1087,3,332,24,1419,California
Glenn,2021-01-26,29,1780,13,1004,16,776,0,0,23,1104,6,338,23,1442,California
Glenn,2021-01-27,188,1968,13,1017,175,951,0,0,166,1248,22,360,166,1608,California
Glenn,2021-01-28,146,2114,8,1025,138,1089,0,0,116,1334,30,390,116,1724,California
Glenn,2021-01-29,296,2410,12,1037,284,1373,0,0,282,1602,14,404,282,2006,California
Glenn,2021-01-30,4,2414,0,1037,4,1377,0,0,4,1606,0,404,4,2010,California
Glenn,2021-01-31,1,2415,0,1037,1,1378,0,0,1,1607,0,404,1,2011,California
Glenn,2021-02-01,28,2443,10,1047,18,1396,0,0,16,1611,12,416,16,2027,California
Glenn,2021-02-02,28,2471,13,1060,15,1411,0,0,19,1621,9,425,19,2046,California
Glenn,2021-02-03,207,2678,58,1118,149,1560,0,0,111,1637,96,521,112,2158,California
Glenn,2021-02-04,150,2828,84,1202,66,1626,0,0,45,1577,105,626,45,2203,California
Glenn,2021-02-05,319,3147,24,1226,295,1921,0,0,299,1856,20,646,299,2502,California
Glenn,2021-02-06,14,3161,2,1228,12,1933,0,0,13,1868,1,647,13,2515,California
Glenn,2021-02-07,2,3163,2,1230,0,1933,0,0,2,1870,0,647,2,2517,California
Glenn,2021-02-08,21,3184,17,1247,4,1937,0,0,4,1857,17,664,4,2521,California
Glenn,2021-02-09,49,3233,20,1267,29,1966,0,0,36,1880,13,677,36,2557,California
Glenn,2021-02-10,139,3372,19,1286,120,2086,0,0,65,1871,74,751,65,2622,California
Glenn,2021-02-11,232,3604,132,1418,100,2186,0,0,149,1937,83,834,149,2771,California
Glenn,2021-02-12,420,4024,99,1517,321,2507,0,0,354,2225,66,900,354,3125,California
Glenn,2021-02-13,34,4058,7,1524,27,2534,0,0,16,2223,18,918,16,3141,California
Glenn,2021-02-14,1,4059,0,1524,1,2535,0,0,1,2224,0,918,1,3142,California
Glenn,2021-02-15,8,4067,0,1524,8,2543,0,0,8,2232,0,918,8,3150,California
Glenn,2021-02-16,39,4106,9,1533,30,2573,0,0,21,2235,18,936,21,3171,California
Glenn,2021-02-17,380,4486,15,1548,365,2938,0,0,302,2459,78,1014,302,3473,California
Glenn,2021-02-18,135,4621,100,1648,35,2973,0,0,111,2546,24,1038,111,3584,California
Glenn,2021-02-19,303,4924,17,1665,286,3259,0,0,29,2301,274,1312,29,3613,California
Glenn,2021-02-20,8,4932,0,1665,8,3267,0,0,0,2293,8,1320,0,3613,California
Glenn,2021-02-22,33,4965,14,1679,19,3286,0,0,17,2294,16,1336,17,3630,California
Glenn,2021-02-23,40,5005,10,1689,30,3316,0,0,28,2310,12,1348,28,3658,California
Glenn,2021-02-24,221,5226,15,1704,206,3522,0,0,47,2183,174,1522,47,3705,California
Glenn,2021-02-25,262,5488,148,1852,114,3636,0,0,118,2157,144,1666,118,3823,California
Glenn,2021-02-26,304,5792,24,1876,280,3916,0,0,20,1894,283,1949,20,3843,California
Glenn,2021-02-27,15,5807,5,1881,10,3926,0,0,5,1890,9,1958,5,3848,California
Glenn,2021-02-28,6,5813,3,1884,3,3929,0,0,3,1891,2,1960,3,3851,California
Glenn,2021-03-01,28,5841,6,1890,22,3951,0,0,12,1887,16,1976,12,3863,California
Glenn,2021-03-02,35,5876,7,1897,28,3979,0,0,17,1886,18,1994,17,3880,California
Glenn,2021-03-03,192,6068,37,1934,155,4134,0,0,101,1898,89,2083,101,3981,California
Glenn,2021-03-04,521,6589,176,2110,345,4479,0,0,376,2129,145,2228,376,4357,California
Glenn,2021-03-05,356,6945,48,2158,308,4787,0,0,35,1843,321,2549,35,4392,California
Glenn,2021-03-06,26,6971,3,2161,22,4809,1,1,9,1836,17,2566,10,4402,California
Glenn,2021-03-07,5,6976,0,2161,5,4814,0,1,3,1838,1,2567,3,4405,California
Glenn,2021-03-08,20,6996,2,2163,17,4831,1,2,18,1855,2,2569,19,4424,California
Glenn,2021-03-09,82,7078,11,2174,68,4899,3,5,54,1883,28,2597,56,4480,California
Glenn,2021-03-10,172,7250,68,2242,102,5001,2,7,95,1903,77,2674,97,4577,California
Glenn,2021-03-11,584,7834,170,2412,391,5392,23,30,454,2250,130,2804,477,5054,California
Glenn,2021-03-12,418,8252,14,2426,342,5734,62,92,41,1976,377,3181,103,5157,California
Glenn,2021-03-13,12,8264,1,2427,3,5737,8,100,1,1974,11,3192,9,5166,California
Glenn,2021-03-14,3,8267,1,2428,2,5739,0,100,2,1975,1,3193,2,5168,California
Glenn,2021-03-15,75,8342,15,2443,55,5794,5,105,60,2025,15,3208,65,5233,California
Glenn,2021-03-16,106,8448,33,2476,62,5856,11,116,65,2060,41,3249,76,5309,California
Glenn,2021-03-17,417,8865,97,2573,313,6169,7,123,116,1880,301,3550,121,5430,California
Glenn,2021-03-18,520,9385,214,2787,50,6219,256,379,145,1905,375,3925,400,5830,California
Glenn,2021-03-19,92,9477,16,2803,70,6289,6,385,71,1962,20,3945,77,5907,California
Glenn,2021-03-20,121,9598,1,2804,119,6408,1,386,119,2080,2,3947,120,6027,California
Glenn,2021-03-21,6,9604,5,2809,0,6408,1,387,3,2082,2,3949,4,6031,California
Glenn,2021-03-22,117,9721,54,2863,55,6463,8,395,97,2169,18,3967,105,6136,California
Glenn,2021-03-23,173,9894,66,2929,56,6519,51,446,100,2248,72,4039,151,6287,California
Glenn,2021-03-24,204,10098,99,3028,100,6619,5,451,132,2314,71,4110,137,6424,California
Glenn,2021-03-25,456,10554,227,3255,135,6754,94,545,327,2607,128,4238,421,6845,California
Glenn,2021-03-26,227,10781,35,3290,156,6910,36,581,176,2768,51,4289,212,7057,California
Glenn,2021-03-27,150,10931,21,3311,124,7034,5,586,140,2903,10,4299,145,7202,California
Glenn,2021-03-28,15,10946,10,3321,5,7039,0,586,10,2908,5,4304,10,7212,California
Glenn,2021-03-29,60,11006,20,3341,37,7076,3,589,46,2943,14,4318,49,7261,California
Glenn,2021-03-30,74,11080,42,3383,31,7107,1,590,42,2956,30,4348,43,7304,California
Glenn,2021-03-31,125,11205,35,3418,89,7196,1,591,54,2941,70,4418,55,7359,California
Glenn,2021-04-01,638,11843,183,3601,446,7642,9,600,227,2768,409,4827,236,7595,California
Glenn,2021-04-02,158,12001,25,3626,121,7763,12,612,122,2866,36,4863,134,7729,California
Glenn,2021-04-03,91,12092,4,3630,80,7843,7,619,80,2942,11,4874,87,7816,California
Glenn,2021-04-04,8,12100,3,3633,3,7846,2,621,4,2944,4,4878,6,7822,California
Glenn,2021-04-05,65,12165,25,3658,27,7873,13,634,28,2948,37,4915,41,7863,California
Glenn,2021-04-06,144,12309,52,3710,53,7926,39,673,38,2919,105,5020,76,7939,California
Glenn,2021-04-07,158,12467,46,3756,58,7984,54,727,72,2959,86,5106,126,8065,California
Glenn,2021-04-08,639,13106,189,3945,416,8400,34,761,138,2632,499,5605,172,8237,California
Glenn,2021-04-09,158,13264,58,4003,84,8484,16,777,101,2692,57,5662,117,8354,California
Glenn,2021-04-10,75,13339,1,4004,63,8547,11,788,63,2754,12,5674,74,8428,California
Glenn,2021-04-11,17,13356,8,4012,4,8551,5,793,7,2756,10,5684,12,8440,California
Glenn,2021-04-12,114,13470,25,4037,60,8611,29,822,20,2711,94,5778,49,8489,California
Glenn,2021-04-13,118,13588,63,4100,55,8666,0,822,31,2656,86,5864,31,8520,California
Glenn,2021-04-14,121,13709,46,4146,75,8741,0,822,67,2669,54,5918,67,8587,California
Glenn,2021-04-15,361,14070,275,4421,86,8827,0,822,125,2558,236,6154,125,8712,California
Glenn,2021-04-16,165,14235,40,4461,125,8952,0,822,80,2553,85,6239,80,8792,California
Glenn,2021-04-17,163,14398,16,4477,147,9099,0,822,35,2466,122,6361,35,8827,California
Glenn,2021-04-18,16,14414,3,4480,13,9112,0,822,13,2476,3,6364,13,8840,California
Glenn,2021-04-19,82,14496,17,4497,65,9177,0,822,27,2449,54,6418,27,8867,California
Glenn,2021-04-20,126,14622,81,4578,45,9222,0,822,57,2437,69,6487,57,8924,California
Glenn,2021-04-21,408,15030,305,4883,103,9325,0,822,282,2593,126,6613,282,9206,California
Glenn,2021-04-22,205,15235,45,4928,160,9485,0,822,43,2475,161,6774,43,9249,California
Glenn,2021-04-23,172,15407,24,4952,148,9633,0,822,47,2398,124,6898,47,9296,California
Glenn,2021-04-24,179,15586,32,4984,147,9780,0,822,44,2307,135,7033,44,9340,California
Glenn,2021-04-25,28,15614,16,5000,12,9792,0,822,21,2321,7,7040,21,9361,California
Glenn,2021-04-26,44,15658,9,5009,35,9827,0,822,18,2313,26,7066,18,9379,California
Glenn,2021-04-27,52,15710,39,5048,8,9835,5,827,24,2314,27,7093,28,9407,California
Glenn,2021-04-28,251,15961,174,5222,66,9901,11,838,124,2322,127,7220,135,9542,California
Glenn,2021-04-29,155,16116,18,5240,136,10037,1,839,39,2246,116,7336,40,9582,California
Glenn,2021-04-30,150,16266,30,5270,118,10155,2,841,45,2188,105,7441,47,9629,California
Glenn,2021-05-01,108,16374,12,5282,95,10250,1,842,30,2141,78,7519,31,9660,California
Glenn,2021-05-02,27,16401,9,5291,9,10259,9,851,13,2149,14,7533,22,9682,California
Glenn,2021-05-03,15,16416,2,5293,12,10271,1,852,8,2151,7,7540,9,9691,California
Glenn,2021-05-04,27,16443,8,5301,14,10285,5,857,11,2151,16,7556,16,9707,California
Glenn,2021-05-05,81,16524,15,5316,60,10345,6,863,39,2154,42,7598,45,9752,California
Humboldt,2020-12-15,2,2,2,2,0,0,0,0,2,2,0,0,2,2,California
Humboldt,2020-12-16,15,17,15,17,0,0,0,0,15,17,0,0,15,17,California
Humboldt,2020-12-17,117,134,117,134,0,0,0,0,117,134,0,0,117,134,California
Humboldt,2020-12-18,176,310,176,310,0,0,0,0,176,310,0,0,176,310,California
Humboldt,2020-12-19,10,320,10,320,0,0,0,0,10,320,0,0,10,320,California
Humboldt,2020-12-20,28,348,28,348,0,0,0,0,28,348,0,0,28,348,California
Humboldt,2020-12-21,165,513,165,513,0,0,0,0,165,513,0,0,165,513,California
Humboldt,2020-12-22,296,809,296,809,0,0,0,0,296,809,0,0,296,809,California
Humboldt,2020-12-23,310,1119,262,1071,48,48,0,0,312,1121,0,0,312,1121,California
Humboldt,2020-12-24,25,1144,2,1073,23,71,0,0,25,1146,0,0,25,1146,California
Humboldt,2020-12-25,2,1146,2,1075,0,71,0,0,2,1148,0,0,2,1148,California
Humboldt,2020-12-26,6,1152,5,1080,1,72,0,0,6,1154,0,0,6,1154,California
Humboldt,2020-12-28,156,1308,145,1225,11,83,0,0,156,1310,0,0,156,1310,California
Humboldt,2020-12-29,169,1477,124,1349,45,128,0,0,169,1479,0,0,169,1479,California
Humboldt,2020-12-30,224,1701,125,1474,99,227,0,0,224,1703,0,0,224,1703,California
Humboldt,2020-12-31,242,1943,79,1553,163,390,0,0,242,1945,0,0,242,1945,California
Humboldt,2021-01-01,2,1945,1,1554,1,391,0,0,2,1947,0,0,2,1947,California
Humboldt,2021-01-02,38,1983,1,1555,37,428,0,0,38,1985,0,0,38,1985,California
Humboldt,2021-01-04,217,2200,142,1697,75,503,0,0,218,2203,0,0,218,2203,California
Humboldt,2021-01-05,128,2328,18,1715,110,613,0,0,127,2329,1,1,127,2330,California
Humboldt,2021-01-06,301,2629,203,1918,98,711,0,0,229,2497,61,62,229,2559,California
Humboldt,2021-01-07,418,3047,306,2224,112,823,0,0,305,2704,98,160,305,2864,California
Humboldt,2021-01-08,418,3465,279,2503,139,962,0,0,283,2856,131,291,283,3147,California
Humboldt,2021-01-09,69,3534,45,2548,24,986,0,0,66,2920,3,294,67,3214,California
Humboldt,2021-01-10,84,3618,84,2632,0,986,0,0,4,2844,80,374,4,3218,California
Humboldt,2021-01-11,288,3906,277,2909,11,997,0,0,72,2704,212,586,72,3290,California
Humboldt,2021-01-12,482,4388,319,3228,163,1160,0,0,298,2840,162,748,298,3588,California
Humboldt,2021-01-13,481,4869,275,3503,206,1366,0,0,304,2971,174,922,305,3893,California
Humboldt,2021-01-14,521,5390,164,3667,357,1723,0,0,465,3381,56,978,466,4359,California
Humboldt,2021-01-15,374,5764,39,3706,335,2058,0,0,357,3721,17,995,357,4716,California
Humboldt,2021-01-16,170,5934,6,3712,164,2222,0,0,169,3889,1,996,169,4885,California
Humboldt,2021-01-17,6,5940,4,3716,2,2224,0,0,6,3895,0,996,6,4891,California
Humboldt,2021-01-18,293,6233,258,3974,35,2259,0,0,143,3888,150,1146,143,5034,California
Humboldt,2021-01-19,625,6858,372,4346,253,2512,0,0,498,4265,121,1267,498,5532,California
Humboldt,2021-01-20,913,7771,403,4749,510,3022,0,0,764,4890,141,1408,766,6298,California
Humboldt,2021-01-21,958,8729,260,5009,698,3720,0,0,916,5764,42,1450,916,7214,California
Humboldt,2021-01-22,675,9404,376,5385,299,4019,0,0,667,6423,8,1458,667,7881,California
Humboldt,2021-01-23,801,10205,272,5657,529,4548,0,0,792,7207,9,1467,793,8674,California
Humboldt,2021-01-24,226,10431,1,5658,225,4773,0,0,225,7431,1,1468,225,8899,California
Humboldt,2021-01-25,304,10735,233,5891,71,4844,0,0,149,7425,155,1623,149,9048,California
Humboldt,2021-01-26,526,11261,141,6032,385,5229,0,0,478,7855,48,1671,478,9526,California
Humboldt,2021-01-27,1260,12521,587,6619,673,5902,0,0,1195,8993,58,1729,1196,10722,California
Humboldt,2021-01-28,1456,13977,634,7253,822,6724,0,0,1320,10182,133,1862,1322,12044,California
Humboldt,2021-01-29,1132,15109,546,7799,586,7310,0,0,709,10469,423,2285,710,12754,California
Humboldt,2021-01-30,975,16084,458,8257,517,7827,0,0,962,11419,13,2298,963,13717,California
Humboldt,2021-01-31,312,16396,311,8568,1,7828,0,0,311,11729,1,2299,311,14028,California
Humboldt,2021-02-01,333,16729,192,8760,141,7969,0,0,189,11775,143,2442,189,14217,California
Humboldt,2021-02-02,443,17172,74,8834,369,8338,0,0,339,12015,101,2543,341,14558,California
Humboldt,2021-02-03,657,17829,259,9093,398,8736,0,0,507,12372,150,2693,507,15065,California
Humboldt,2021-02-04,638,18467,262,9355,376,9112,0,0,441,12619,194,2887,441,15506,California
Humboldt,2021-02-05,811,19278,94,9449,717,9829,0,0,625,13058,186,3073,625,16131,California
Humboldt,2021-02-06,1055,20333,444,9893,611,10440,0,0,1014,14033,40,3113,1015,17146,California
Humboldt,2021-02-07,379,20712,9,9902,370,10810,0,0,374,14404,4,3117,375,17521,California
Humboldt,2021-02-08,325,21037,142,10044,183,10993,0,0,184,14448,140,3257,184,17705,California
Humboldt,2021-02-09,493,21530,219,10263,274,11267,0,0,179,14313,314,3571,179,17884,California
Humboldt,2021-02-10,563,22093,370,10633,193,11460,0,0,232,14219,326,3897,232,18116,California
Humboldt,2021-02-11,1294,23387,393,11026,901,12361,0,0,509,13946,782,4679,509,18625,California
Humboldt,2021-02-12,1148,24535,737,11763,411,12772,0,0,708,14214,440,5119,708,19333,California
Humboldt,2021-02-13,1502,26037,554,12317,948,13720,0,0,913,14540,587,5706,913,20246,California
Humboldt,2021-02-14,112,26149,5,12322,107,13827,0,0,109,14647,2,5708,109,20355,California
Humboldt,2021-02-15,292,26441,78,12400,214,14041,0,0,195,14745,97,5805,195,20550,California
Humboldt,2021-02-16,533,26974,117,12517,416,14457,0,0,252,14717,281,6086,253,20803,California
Humboldt,2021-02-17,453,27427,281,12798,172,14629,0,0,137,14539,315,6401,137,20940,California
Humboldt,2021-02-18,968,28395,596,13394,372,15001,0,0,229,14030,738,7139,229,21169,California
Humboldt,2021-02-19,476,28871,434,13828,42,15043,0,0,89,13735,384,7523,89,21258,California
Humboldt,2021-02-20,1587,30458,980,14808,607,15650,0,0,475,13103,1109,8632,477,21735,California
Humboldt,2021-02-21,479,30937,471,15279,8,15658,0,0,183,12991,296,8928,184,21919,California
Humboldt,2021-02-22,127,31064,92,15371,35,15693,0,0,28,12922,97,9025,28,21947,California
Humboldt,2021-02-23,173,31237,70,15441,103,15796,0,0,40,12831,131,9156,40,21987,California
Humboldt,2021-02-24,1163,32400,704,16145,459,16255,0,0,585,12839,577,9733,585,22572,California
Humboldt,2021-02-25,831,33231,316,16461,515,16770,0,0,228,12466,601,10334,228,22800,California
Humboldt,2021-02-26,2144,35375,106,16567,2038,18808,0,0,453,11235,1685,12019,454,23254,California
Humboldt,2021-02-27,1694,37069,1076,17643,618,19426,0,0,871,11289,821,12840,875,24129,California
Humboldt,2021-02-28,122,37191,11,17654,111,19537,0,0,117,11401,5,12845,117,24246,California
Humboldt,2021-03-01,258,37449,47,17701,211,19748,0,0,183,11509,75,12920,183,24429,California
Humboldt,2021-03-02,286,37735,48,17749,238,19986,0,0,156,11535,130,13050,156,24585,California
Humboldt,2021-03-03,1652,39387,1096,18845,556,20542,0,0,1221,12333,424,13474,1222,25807,California
Humboldt,2021-03-04,888,40275,112,18957,776,21318,0,0,269,11985,619,14093,271,26078,California
Humboldt,2021-03-05,936,41211,184,19141,741,22059,11,11,379,11822,553,14646,390,26468,California
Humboldt,2021-03-06,1694,42905,838,19979,807,22866,49,60,711,11600,982,15628,760,27228,California
Humboldt,2021-03-07,363,43268,295,20274,50,22916,18,78,157,11569,206,15834,175,27403,California
Humboldt,2021-03-08,258,43526,6,20280,174,23090,78,156,164,11717,94,15928,242,27645,California
Humboldt,2021-03-09,466,43992,202,20482,119,23209,145,301,221,11840,243,16171,366,28011,California
Humboldt,2021-03-10,681,44673,466,20948,62,23271,153,454,412,12135,268,16439,563,28574,California
Humboldt,2021-03-11,1438,46111,462,21410,877,24148,99,553,621,12039,815,17254,719,29293,California
Humboldt,2021-03-12,1739,47850,1083,22493,435,24583,221,774,1047,12626,684,17938,1271,30564,California
Humboldt,2021-03-13,1569,49419,1021,23514,496,25079,52,826,678,12471,885,18823,730,31294,California
Humboldt,2021-03-14,142,49561,18,23532,115,25194,9,835,28,12394,114,18937,37,31331,California
Humboldt,2021-03-15,271,49832,51,23583,200,25394,20,855,55,12253,216,19153,75,31406,California
Humboldt,2021-03-16,633,50465,200,23783,173,25567,260,1115,259,12397,373,19526,517,31923,California
Humboldt,2021-03-17,731,51196,397,24180,226,25793,108,1223,338,12451,392,19918,446,32369,California
Humboldt,2021-03-18,1735,52931,1166,25346,526,26319,43,1266,1041,12846,689,20607,1084,33453,California
Humboldt,2021-03-19,1074,54005,58,25404,702,27021,314,1580,441,12971,630,21237,755,34208,California
Humboldt,2021-03-20,1376,55381,752,26156,611,27632,13,1593,428,12467,946,22183,442,34650,California
Humboldt,2021-03-21,247,55628,33,26189,185,27817,29,1622,200,12649,47,22230,229,34879,California
Humboldt,2021-03-22,114,55742,15,26204,49,27866,50,1672,57,12701,55,22285,107,34986,California
Humboldt,2021-03-23,410,56152,41,26245,326,28192,43,1715,319,12974,89,22374,362,35348,California
Humboldt,2021-03-24,1416,57568,389,26634,979,29171,48,1763,1039,13690,369,22743,1085,36433,California
Humboldt,2021-03-25,1831,59399,1206,27840,563,29734,62,1825,946,13815,883,23626,1008,37441,California
Humboldt,2021-03-26,2033,61432,438,28278,1539,31273,56,1881,1592,15026,436,24062,1647,39088,California
Humboldt,2021-03-27,1934,63366,1438,29716,327,31600,169,2050,1067,15399,863,24925,1236,40324,California
Humboldt,2021-03-28,267,63633,81,29797,115,31715,71,2121,85,15374,182,25107,157,40481,California
Humboldt,2021-03-29,466,64099,124,29921,247,31962,95,2216,198,15399,267,25374,292,40773,California
Humboldt,2021-03-30,936,65035,304,30225,519,32481,113,2329,562,15703,370,25744,674,41447,California
Humboldt,2021-03-31,1848,66883,518,30743,1234,33715,96,2425,1395,16747,449,26193,1493,42940,California
Humboldt,2021-04-01,2096,68979,703,31446,1303,35018,90,2515,1483,17714,606,26799,1573,44513,California
Humboldt,2021-04-02,1689,70668,1098,32544,487,35505,104,2619,600,17335,1083,27882,704,45217,California
Humboldt,2021-04-03,1651,72319,1494,34038,141,35646,16,2635,659,17028,982,28864,675,45892,California
Humboldt,2021-04-04,477,72796,367,34405,101,35747,9,2644,403,17367,74,28938,413,46305,California
Humboldt,2021-04-05,755,73551,454,34859,253,36000,48,2692,436,17534,317,29255,484,46789,California
Humboldt,2021-04-06,819,74370,318,35177,367,36367,134,2826,582,18017,231,29486,714,47503,California
Humboldt,2021-04-07,1477,75847,1055,36232,284,36651,138,2964,983,18646,492,29978,1121,48624,California
Humboldt,2021-04-08,1717,77564,1083,37315,476,37127,158,3122,729,18546,987,30965,887,49511,California
Humboldt,2021-04-09,1416,78980,438,37753,826,37953,152,3274,1142,19559,274,31239,1287,50798,California
Humboldt,2021-04-10,925,79905,134,37887,616,38569,175,3449,728,20265,195,31434,901,51699,California
Humboldt,2021-04-11,635,80540,136,38023,33,38602,466,3915,125,20345,510,31944,590,52289,California
Humboldt,2021-04-12,427,80967,225,38248,80,38682,122,4037,277,20593,150,32094,398,52687,California
Humboldt,2021-04-13,580,81547,320,38568,257,38939,3,4040,545,21109,31,32125,547,53234,California
Humboldt,2021-04-14,1422,82969,1033,39601,389,39328,0,4040,1312,22312,109,32234,1312,54546,California
Humboldt,2021-04-15,1807,84776,1194,40795,609,39937,4,4044,1242,23009,547,32781,1244,55790,California
Humboldt,2021-04-16,1119,85895,514,41309,605,40542,0,4044,536,22965,580,33361,536,56326,California
Humboldt,2021-04-17,1593,87488,1272,42581,321,40863,0,4044,1011,23400,576,33937,1011,57337,California
Humboldt,2021-04-18,479,87967,340,42921,139,41002,0,4044,93,23111,382,34319,93,57430,California
Humboldt,2021-04-19,187,88154,84,43005,103,41105,0,4044,72,23070,113,34432,72,57502,California
Humboldt,2021-04-20,475,88629,133,43138,342,41447,0,4044,234,23064,240,34672,234,57736,California
Humboldt,2021-04-21,1078,89707,373,43511,705,42152,0,4044,425,22847,643,35315,426,58162,California
Humboldt,2021-04-22,850,90557,498,44009,350,42502,2,4046,429,22857,419,35734,429,58591,California
Humboldt,2021-04-23,2134,92691,294,44303,1840,44342,0,4046,303,21334,1826,37560,303,58894,California
Humboldt,2021-04-24,1009,93700,874,45177,130,44472,5,4051,349,21030,658,38218,354,59248,California
Humboldt,2021-04-25,375,94075,241,45418,134,44606,0,4051,196,21050,176,38394,196,59444,California
Humboldt,2021-04-26,268,94343,188,45606,77,44683,3,4054,81,20947,185,38579,82,59526,California
Humboldt,2021-04-27,633,94976,191,45797,424,45107,18,4072,127,20588,504,39083,145,59671,California
Humboldt,2021-04-28,1411,96387,725,46522,643,45750,43,4115,353,19929,1055,40138,396,60067,California
Humboldt,2021-04-29,1583,97970,517,47039,1035,46785,31,4146,231,18842,1349,41487,262,60329,California
Humboldt,2021-04-30,1213,99183,384,47423,802,47587,27,4173,192,18044,1017,42504,219,60548,California
Humboldt,2021-05-01,461,99644,382,47805,56,47643,23,4196,286,18180,173,42677,309,60857,California
Humboldt,2021-05-02,211,99855,176,47981,27,47670,8,4204,102,18184,107,42784,111,60968,California
Humboldt,2021-05-03,193,100048,62,48043,126,47796,5,4209,59,18114,134,42918,64,61032,California
Humboldt,2021-05-04,395,100443,208,48251,171,47967,16,4225,173,18083,219,43137,188,61220,California
Humboldt,2021-05-05,1163,101606,760,49011,386,48353,17,4242,97,17134,1061,44198,112,61332,California
Imperial,2020-12-16,1,1,1,1,0,0,0,0,1,1,0,0,1,1,California
Imperial,2020-12-17,4,5,4,5,0,0,0,0,4,5,0,0,4,5,California
Imperial,2020-12-18,11,16,11,16,0,0,0,0,11,16,0,0,11,16,California
Imperial,2020-12-20,2,18,2,18,0,0,0,0,2,18,0,0,2,18,California
Imperial,2020-12-21,186,204,186,204,0,0,0,0,186,204,0,0,186,204,California
Imperial,2020-12-22,241,445,239,443,2,2,0,0,241,445,0,0,241,445,California
Imperial,2020-12-23,210,655,209,652,1,3,0,0,209,654,0,0,209,654,California
Imperial,2020-12-24,5,660,5,657,0,3,0,0,5,659,0,0,5,659,California
Imperial,2020-12-26,1,661,0,657,1,4,0,0,1,660,0,0,1,660,California
Imperial,2020-12-27,62,723,0,657,62,66,0,0,62,722,0,0,62,722,California
Imperial,2020-12-28,214,937,114,771,100,166,0,0,214,936,0,0,214,936,California
Imperial,2020-12-29,189,1126,36,807,153,319,0,0,189,1125,0,0,189,1125,California
Imperial,2020-12-30,366,1492,50,857,316,635,0,0,366,1491,0,0,366,1491,California
Imperial,2020-12-31,197,1689,26,883,171,806,0,0,197,1688,0,0,197,1688,California
Imperial,2021-01-01,47,1736,5,888,42,848,0,0,47,1735,0,0,47,1735,California
Imperial,2021-01-02,4,1740,0,888,4,852,0,0,4,1739,0,0,4,1739,California
Imperial,2021-01-03,90,1830,0,888,90,942,0,0,90,1829,0,0,90,1829,California
Imperial,2021-01-04,85,1915,5,893,80,1022,0,0,85,1914,0,0,85,1914,California
Imperial,2021-01-05,173,2088,14,907,159,1181,0,0,173,2087,0,0,173,2087,California
Imperial,2021-01-06,190,2278,25,932,165,1346,0,0,189,2275,1,1,189,2276,California
Imperial,2021-01-07,319,2597,9,941,310,1656,0,0,316,2588,3,4,316,2592,California
Imperial,2021-01-08,190,2787,50,991,140,1796,0,0,181,2760,9,13,181,2773,California
Imperial,2021-01-09,24,2811,21,1012,3,1799,0,0,24,2784,0,13,24,2797,California
Imperial,2021-01-10,1,2812,0,1012,1,1800,0,0,1,2785,0,13,1,2798,California
Imperial,2021-01-11,403,3215,244,1256,159,1959,0,0,175,2732,228,241,175,2973,California
Imperial,2021-01-12,404,3619,302,1558,102,2061,0,0,142,2613,261,502,142,3115,California
Imperial,2021-01-13,379,3998,132,1690,247,2308,0,0,280,2794,99,601,280,3395,California
Imperial,2021-01-14,260,4258,151,1841,109,2417,0,0,254,3043,5,606,254,3649,California
Imperial,2021-01-15,240,4498,182,2023,58,2475,0,0,233,3269,7,613,233,3882,California
Imperial,2021-01-16,77,4575,73,2096,4,2479,0,0,76,3344,1,614,76,3958,California
Imperial,2021-01-17,10,4585,2,2098,8,2487,0,0,10,3354,0,614,10,3968,California
Imperial,2021-01-18,1055,5640,400,2498,655,3142,0,0,957,4214,98,712,958,4926,California
Imperial,2021-01-19,165,5805,129,2627,36,3178,0,0,118,4285,47,759,118,5044,California
Imperial,2021-01-20,292,6097,195,2822,97,3275,0,0,254,4501,38,797,254,5298,California
Imperial,2021-01-21,415,6512,183,3005,232,3507,0,0,395,4876,20,817,395,5693,California
Imperial,2021-01-22,457,6969,189,3194,268,3775,0,0,448,5315,9,826,448,6141,California
Imperial,2021-01-23,1041,8010,290,3484,751,4526,0,0,1040,6354,1,827,1040,7181,California
Imperial,2021-01-24,11,8021,4,3488,7,4533,0,0,11,6365,0,827,11,7192,California
Imperial,2021-01-25,213,8234,5,3493,208,4741,0,0,34,6221,178,1005,34,7226,California
Imperial,2021-01-26,360,8594,185,3678,175,4916,0,0,217,6295,143,1148,217,7443,California
Imperial,2021-01-27,570,9164,162,3840,408,5324,0,0,237,6199,333,1481,237,7680,California
Imperial,2021-01-28,632,9796,159,3999,473,5797,0,0,525,6617,107,1588,525,8205,California
Imperial,2021-01-29,423,10219,296,4295,127,5924,0,0,373,6940,50,1638,373,8578,California
Imperial,2021-01-30,56,10275,31,4326,25,5949,0,0,39,6962,17,1655,39,8617,California
Imperial,2021-01-31,17,10292,7,4333,10,5959,0,0,16,6977,1,1656,16,8633,California
Imperial,2021-02-01,420,10712,54,4387,366,6325,0,0,209,6977,209,1865,209,8842,California
Imperial,2021-02-02,680,11392,54,4441,626,6951,0,0,499,7295,181,2046,499,9341,California
Imperial,2021-02-03,457,11849,48,4489,409,7360,0,0,264,7367,192,2238,264,9605,California
Imperial,2021-02-04,1720,13569,1200,5689,520,7880,0,0,1405,8459,313,2551,1405,11010,California
Imperial,2021-02-05,389,13958,241,5930,148,8028,0,0,152,8376,235,2786,152,11162,California
Imperial,2021-02-06,861,14819,838,6768,23,8051,0,0,824,9164,36,2822,824,11986,California
Imperial,2021-02-07,21,14840,9,6777,12,8063,0,0,20,9183,1,2823,20,12006,California
Imperial,2021-02-08,250,15090,42,6819,208,8271,0,0,182,9297,68,2891,182,12188,California
Imperial,2021-02-09,462,15552,146,6965,316,8587,0,0,304,9443,158,3049,304,12492,California
Imperial,2021-02-10,384,15936,56,7021,328,8915,0,0,94,9248,290,3339,95,12587,California
Imperial,2021-02-11,464,16400,259,7280,205,9120,0,0,89,8962,375,3714,89,12676,California
Imperial,2021-02-12,2130,18530,1411,8691,719,9839,0,0,1778,10389,351,4065,1778,14454,California
Imperial,2021-02-13,42,18572,18,8709,24,9863,0,0,34,10416,8,4073,35,14489,California
Imperial,2021-02-14,24,18596,12,8721,12,9875,0,0,21,10434,3,4076,21,14510,California
Imperial,2021-02-15,30,18626,10,8731,20,9895,0,0,23,10450,7,4083,23,14533,California
Imperial,2021-02-16,515,19141,267,8998,248,10143,0,0,293,10521,222,4305,293,14826,California
Imperial,2021-02-17,439,19580,285,9283,154,10297,0,0,83,10248,356,4661,83,14909,California
Imperial,2021-02-18,646,20226,308,9591,338,10635,0,0,140,9884,504,5165,140,15049,California
Imperial,2021-02-19,766,20992,381,9972,385,11020,0,0,192,9503,573,5738,192,15241,California
Imperial,2021-02-20,1039,22031,191,10163,848,11868,0,0,325,9117,713,6451,327,15568,California
Imperial,2021-02-21,588,22619,554,10717,34,11902,0,0,577,9684,10,6461,577,16145,California
Imperial,2021-02-22,809,23428,569,11286,240,12142,0,0,759,10393,50,6511,759,16904,California
Imperial,2021-02-23,957,24385,392,11678,565,12707,0,0,905,11246,52,6563,905,17809,California
Imperial,2021-02-24,699,25084,284,11962,415,13122,0,0,602,11752,96,6659,602,18411,California
Imperial,2021-02-25,815,25899,337,12299,478,13600,0,0,449,11841,365,7024,454,18865,California
Imperial,2021-02-26,1744,27643,1351,13650,393,13993,0,0,1569,13238,173,7197,1570,20435,California
Imperial,2021-02-27,859,28502,810,14460,49,14042,0,0,121,12622,738,7935,122,20557,California
Imperial,2021-02-28,30,28532,20,14480,10,14052,0,0,20,12632,10,7945,20,20577,California
Imperial,2021-03-01,493,29025,294,14774,198,14250,1,1,427,12997,64,8009,429,21006,California
Imperial,2021-03-02,673,29698,246,15020,427,14677,0,1,384,13095,288,8297,386,21392,California
Imperial,2021-03-03,925,30623,47,15067,877,15554,1,2,556,13297,366,8663,568,21960,California
Imperial,2021-03-04,746,31369,76,15143,669,16223,1,3,485,13553,259,8922,515,22475,California
Imperial,2021-03-05,2570,33939,1937,17080,633,16856,0,3,1245,13478,1322,10244,1247,23722,California
Imperial,2021-03-06,690,34629,238,17318,452,17308,0,3,649,14093,38,10282,653,24375,California
Imperial,2021-03-07,73,34702,40,17358,33,17341,0,3,53,14127,20,10302,54,24429,California
Imperial,2021-03-08,414,35116,331,17689,48,17389,35,38,361,14471,52,10354,396,24825,California
Imperial,2021-03-09,681,35797,310,17999,125,17514,246,284,397,14830,284,10638,643,25468,California
Imperial,2021-03-10,682,36479,312,18311,267,17781,103,387,319,14891,362,11000,423,25891,California
Imperial,2021-03-11,1788,38267,478,18789,1118,18899,192,579,1187,15681,600,11600,1390,27281,California
Imperial,2021-03-12,3702,41969,2540,21329,977,19876,185,764,2102,16372,1597,13197,2288,29569,California
Imperial,2021-03-13,1141,43110,90,21419,828,20704,223,987,855,17169,284,13481,1081,30650,California
Imperial,2021-03-14,169,43279,31,21450,126,20830,12,999,139,17291,30,13511,152,30802,California
Imperial,2021-03-15,670,43949,214,21664,198,21028,258,1257,374,17629,294,13805,632,31434,California
Imperial,2021-03-16,1070,45019,276,21940,341,21369,453,1710,533,18080,535,14340,986,32420,California
Imperial,2021-03-17,1572,46591,691,22631,744,22113,137,1847,994,18637,575,14915,1132,33552,California
Imperial,2021-03-18,1779,48370,1175,23806,544,22657,60,1907,1251,19424,526,15441,1313,34865,California
Imperial,2021-03-19,3338,51708,2446,26252,888,23545,4,1911,1501,19101,1829,17270,1506,36371,California
Imperial,2021-03-20,866,52574,551,26803,310,23855,5,1916,421,19092,441,17711,432,36803,California
Imperial,2021-03-21,217,52791,35,26838,178,24033,4,1920,159,19201,58,17769,167,36970,California
Imperial,2021-03-22,1046,53837,339,27177,700,24733,7,1927,623,19410,422,18191,631,37601,California
Imperial,2021-03-23,1390,55227,411,27588,972,25705,7,1934,890,19812,497,18688,899,38500,California
Imperial,2021-03-24,1870,57097,542,28130,901,26606,427,2361,900,20171,967,19655,1326,39826,California
Imperial,2021-03-25,2893,59990,505,28635,884,27490,1504,3865,1017,20813,1872,21527,2514,42340,California
Imperial,2021-03-26,2485,62475,879,29514,735,28225,871,4736,776,20758,1702,23229,1647,43987,California
Imperial,2021-03-27,595,63070,282,29796,261,28486,52,4788,435,21088,157,23386,487,44474,California
Imperial,2021-03-28,209,63279,51,29847,156,28642,2,4790,172,21226,36,23422,174,44648,California
Imperial,2021-03-29,1210,64489,346,30193,390,29032,474,5264,314,21121,894,24316,789,45437,California
Imperial,2021-03-30,1819,66308,675,30868,592,29624,552,5816,675,21205,1144,25460,1228,46665,California
Imperial,2021-03-31,1525,67833,714,31582,806,30430,5,5821,1008,21702,515,25975,1012,47677,California
Imperial,2021-04-01,1890,69723,464,32046,1184,31614,242,6063,815,21689,1069,27044,1056,48733,California
Imperial,2021-04-02,1261,70984,448,32494,739,32353,74,6137,746,21995,513,27557,819,49552,California
Imperial,2021-04-03,1494,72478,406,32900,1009,33362,79,6216,686,21956,804,28361,765,50317,California
Imperial,2021-04-04,84,72562,40,32940,28,33390,16,6232,25,21938,59,28420,41,50358,California
Imperial,2021-04-05,2111,74673,1280,34220,764,34154,67,6299,402,20706,1702,30122,470,50828,California
Imperial,2021-04-06,1290,75963,526,34746,575,34729,189,6488,678,20965,609,30731,868,51696,California
Imperial,2021-04-07,2147,78110,549,35295,1222,35951,376,6864,1537,22271,607,31338,1913,53609,California
Imperial,2021-04-08,2183,80293,1068,36363,821,36772,294,7158,1075,22534,1105,32443,1368,54977,California
Imperial,2021-04-09,2144,82437,635,36998,893,37665,616,7774,834,22677,1306,33749,1449,56426,California
Imperial,2021-04-10,1275,83712,183,37181,821,38486,271,8045,214,22101,1059,34808,483,56909,California
Imperial,2021-04-11,216,83928,29,37210,155,38641,32,8077,74,22065,142,34950,106,57015,California
Imperial,2021-04-12,1396,85324,761,37971,429,39070,206,8283,792,22466,600,35550,1001,58016,California
Imperial,2021-04-13,2268,87592,1445,39416,821,39891,2,8285,1589,23382,675,36225,1591,59607,California
Imperial,2021-04-14,2005,89597,940,40356,1065,40956,0,8285,1418,24219,582,36807,1419,61026,California
Imperial,2021-04-15,1956,91553,900,41256,1056,42012,0,8285,1369,25007,583,37390,1371,62397,California
Imperial,2021-04-16,2165,93718,1075,42331,1090,43102,0,8285,1280,25406,881,38271,1280,63677,California
Imperial,2021-04-17,1750,95468,878,43209,870,43972,2,8287,1366,26396,379,38650,1369,65046,California
Imperial,2021-04-18,250,95718,69,43278,181,44153,0,8287,90,26327,159,38809,90,65136,California
Imperial,2021-04-19,799,96517,250,43528,549,44702,0,8287,460,26453,338,39147,464,65600,California
Imperial,2021-04-20,1296,97813,513,44041,783,45485,0,8287,757,26674,536,39683,757,66357,California
Imperial,2021-04-21,1323,99136,324,44365,999,46484,0,8287,800,26954,520,40203,800,67157,California
Imperial,2021-04-22,1890,101026,771,45136,1119,47603,0,8287,1351,27773,534,40737,1353,68510,California
Imperial,2021-04-23,1501,102527,400,45536,1101,48704,0,8287,853,27990,640,41377,857,69367,California
Imperial,2021-04-24,527,103054,312,45848,215,48919,0,8287,203,27871,322,41699,203,69570,California
Imperial,2021-04-25,263,103317,96,45944,167,49086,0,8287,135,27879,127,41826,135,69705,California
Imperial,2021-04-26,985,104302,435,46379,547,49633,3,8290,652,28203,331,42157,655,70360,California
Imperial,2021-04-27,916,105218,337,46716,571,50204,8,8298,472,28239,444,42601,480,70840,California
Imperial,2021-04-28,1254,106472,557,47273,671,50875,26,8324,616,28246,635,43236,642,71482,California
Imperial,2021-04-29,1592,108064,754,48027,819,51694,19,8343,721,28122,865,44101,741,72223,California
Imperial,2021-04-30,1350,109414,685,48712,644,52338,21,8364,971,28740,374,44475,992,73215,California
Imperial,2021-05-01,306,109720,118,48830,186,52524,2,8366,162,28760,144,44619,164,73379,California
Imperial,2021-05-02,75,109795,22,48852,50,52574,3,8369,45,28780,29,44648,49,73428,California
Imperial,2021-05-03,1294,111089,447,49299,803,53377,44,8413,287,28112,1002,45650,334,73762,California
Imperial,2021-05-04,1143,112232,542,49841,581,53958,20,8433,417,27828,721,46371,437,74199,California
Imperial,2021-05-05,1006,113238,639,50480,361,54319,6,8439,364,27562,636,47007,370,74569,California
Inyo,2020-12-19,85,85,85,85,0,0,0,0,85,85,0,0,85,85,California
Inyo,2020-12-20,58,143,58,143,0,0,0,0,58,143,0,0,58,143,California
Inyo,2020-12-21,88,231,85,228,3,3,0,0,88,231,0,0,88,231,California
Inyo,2020-12-22,105,336,105,333,0,3,0,0,105,336,0,0,105,336,California
Inyo,2020-12-23,70,406,67,400,3,6,0,0,70,406,0,0,70,406,California
Inyo,2020-12-24,16,422,16,416,0,6,0,0,16,422,0,0,16,422,California
Inyo,2020-12-25,1,423,0,416,1,7,0,0,1,423,0,0,1,423,California
Inyo,2020-12-26,74,497,74,490,0,7,0,0,74,497,0,0,74,497,California
Inyo,2020-12-28,48,545,36,526,12,19,0,0,48,545,0,0,48,545,California
Inyo,2020-12-29,20,565,20,546,0,19,0,0,20,565,0,0,20,565,California
Inyo,2020-12-30,56,621,54,600,2,21,0,0,56,621,0,0,56,621,California
Inyo,2020-12-31,29,650,0,600,29,50,0,0,29,650,0,0,29,650,California
Inyo,2021-01-01,1,651,0,600,1,51,0,0,1,651,0,0,1,651,California
Inyo,2021-01-03,1,652,0,600,1,52,0,0,1,652,0,0,1,652,California
Inyo,2021-01-04,2,654,1,601,1,53,0,0,2,654,0,0,2,654,California
Inyo,2021-01-05,34,688,0,601,34,87,0,0,34,688,0,0,34,688,California
Inyo,2021-01-06,68,756,0,601,68,155,0,0,68,756,0,0,68,756,California
Inyo,2021-01-07,31,787,1,602,30,185,0,0,31,787,0,0,31,787,California
Inyo,2021-01-08,9,796,8,610,1,186,0,0,4,787,5,5,5,792,California
Inyo,2021-01-09,87,883,86,696,1,187,0,0,1,702,86,91,1,793,California
Inyo,2021-01-10,52,935,52,748,0,187,0,0,0,650,52,143,0,793,California
Inyo,2021-01-11,97,1032,82,830,15,202,0,0,16,585,81,224,16,809,California
Inyo,2021-01-12,139,1171,118,948,21,223,0,0,28,502,111,335,28,837,California
Inyo,2021-01-13,86,1257,68,1016,18,241,0,0,21,459,65,400,22,859,California
Inyo,2021-01-14,59,1316,13,1029,46,287,0,0,49,498,10,410,49,908,California
Inyo,2021-01-15,163,1479,28,1057,135,422,0,0,163,661,0,410,163,1071,California
Inyo,2021-01-16,74,1553,73,1130,1,423,0,0,1,589,73,483,1,1072,California
Inyo,2021-01-18,58,1611,36,1166,22,445,0,0,19,569,39,522,19,1091,California
Inyo,2021-01-19,115,1726,72,1238,43,488,0,0,98,650,17,539,98,1189,California
Inyo,2021-01-20,147,1873,71,1309,76,564,0,0,92,687,55,594,92,1281,California
Inyo,2021-01-21,121,1994,57,1366,64,628,0,0,120,806,1,595,120,1401,California
Inyo,2021-01-22,62,2056,0,1366,62,690,0,0,61,866,1,596,61,1462,California
Inyo,2021-01-23,52,2108,52,1418,0,690,0,0,52,918,0,596,52,1514,California
Inyo,2021-01-25,49,2157,6,1424,43,733,0,0,37,943,12,608,37,1551,California
Inyo,2021-01-26,135,2292,54,1478,81,814,0,0,129,1066,6,614,129,1680,California
Inyo,2021-01-27,23,2315,2,1480,21,835,0,0,22,1087,1,615,22,1702,California
Inyo,2021-01-28,92,2407,2,1482,90,925,0,0,63,1121,29,644,63,1765,California
Inyo,2021-01-29,25,2432,3,1485,22,947,0,0,23,1142,2,646,23,1788,California
Inyo,2021-01-30,11,2443,1,1486,10,957,0,0,11,1153,0,646,11,1799,California
Inyo,2021-01-31,32,2475,4,1490,28,985,0,0,4,1129,28,674,4,1803,California
Inyo,2021-02-01,11,2486,9,1499,2,987,0,0,1,1120,10,684,1,1804,California
Inyo,2021-02-02,130,2616,14,1513,116,1103,0,0,104,1198,26,710,104,1908,California
Inyo,2021-02-03,116,2732,0,1513,116,1219,0,0,74,1230,42,752,74,1982,California
Inyo,2021-02-04,149,2881,31,1544,118,1337,0,0,90,1261,59,811,90,2072,California
Inyo,2021-02-05,118,2999,62,1606,56,1393,0,0,116,1375,2,813,116,2188,California
Inyo,2021-02-06,4,3003,2,1608,2,1395,0,0,3,1377,1,814,3,2191,California
Inyo,2021-02-07,4,3007,2,1610,2,1397,0,0,4,1381,0,814,4,2195,California
Inyo,2021-02-08,117,3124,7,1617,110,1507,0,0,97,1458,20,834,97,2292,California
Inyo,2021-02-09,194,3318,51,1668,143,1650,0,0,123,1510,71,905,123,2415,California
Inyo,2021-02-10,143,3461,18,1686,125,1775,0,0,109,1585,34,939,109,2524,California
Inyo,2021-02-11,220,3681,56,1742,164,1939,0,0,126,1617,94,1033,126,2650,California
Inyo,2021-02-12,299,3980,51,1793,248,2187,0,0,167,1652,132,1165,167,2817,California
Inyo,2021-02-13,60,4040,55,1848,5,2192,0,0,8,1608,52,1217,8,2825,California
Inyo,2021-02-14,1,4041,0,1848,1,2193,0,0,1,1609,0,1217,1,2826,California
Inyo,2021-02-15,29,4070,9,1857,20,2213,0,0,5,1590,24,1241,5,2831,California
Inyo,2021-02-16,180,4250,50,1907,130,2343,0,0,92,1595,87,1328,92,2923,California
Inyo,2021-02-17,37,4287,4,1911,33,2376,0,0,7,1572,30,1358,7,2930,California
Inyo,2021-02-18,123,4410,6,1917,117,2493,0,0,79,1607,44,1402,79,3009,California
Inyo,2021-02-19,52,4462,4,1921,48,2541,0,0,9,1573,43,1445,9,3018,California
Inyo,2021-02-20,504,4966,500,2421,4,2545,0,0,502,2073,2,1447,502,3520,California
Inyo,2021-02-21,267,5233,267,2688,0,2545,0,0,267,2340,0,1447,267,3787,California
Inyo,2021-02-22,61,5294,19,2707,42,2587,0,0,27,2333,34,1481,27,3814,California
Inyo,2021-02-23,198,5492,20,2727,178,2765,0,0,94,2324,103,1584,94,3908,California
Inyo,2021-02-24,117,5609,0,2727,117,2882,0,0,57,2321,60,1644,57,3965,California
Inyo,2021-02-25,130,5739,3,2730,127,3009,0,0,62,2315,68,1712,62,4027,California
Inyo,2021-02-26,104,5843,61,2791,43,3052,0,0,19,2249,85,1797,19,4046,California
Inyo,2021-02-27,15,5858,4,2795,11,3063,0,0,3,2240,12,1809,3,4049,California
Inyo,2021-02-28,3,5861,1,2796,2,3065,0,0,2,2241,1,1810,2,4051,California
Inyo,2021-03-01,20,5881,2,2798,18,3083,0,0,17,2255,3,1813,17,4068,California
Inyo,2021-03-02,196,6077,1,2799,195,3278,0,0,111,2281,85,1898,111,4179,California
Inyo,2021-03-03,83,6160,2,2801,81,3359,0,0,40,2278,43,1941,40,4219,California
Inyo,2021-03-04,128,6288,4,2805,124,3483,0,0,46,2242,82,2023,46,4265,California
Inyo,2021-03-05,141,6429,56,2861,85,3568,0,0,38,2177,103,2126,38,4303,California
Inyo,2021-03-06,31,6460,1,2862,30,3598,0,0,30,2206,1,2127,30,4333,California
Inyo,2021-03-07,7,6467,4,2866,3,3601,0,0,5,2209,2,2129,5,4338,California
Inyo,2021-03-08,182,6649,5,2871,177,3778,0,0,91,2209,91,2220,91,4429,California
Inyo,2021-03-09,186,6835,2,2873,184,3962,0,0,71,2165,115,2335,71,4500,California
Inyo,2021-03-10,70,6905,8,2881,61,4023,1,1,30,2156,40,2375,31,4531,California
Inyo,2021-03-11,203,7108,1,2882,197,4220,5,6,73,2104,130,2505,78,4609,California
Inyo,2021-03-12,175,7283,4,2886,166,4386,5,11,77,2088,98,2603,82,4691,California
Inyo,2021-03-13,576,7859,541,3427,25,4411,10,21,77,1677,498,3101,87,4778,California
Inyo,2021-03-14,431,8290,430,3857,1,4412,0,21,168,1583,262,3363,168,4946,California
Inyo,2021-03-15,51,8341,15,3872,34,4446,2,23,30,1594,21,3384,32,4978,California
Inyo,2021-03-16,163,8504,4,3876,153,4599,6,29,63,1564,99,3483,69,5047,California
Inyo,2021-03-17,107,8611,3,3879,97,4696,7,36,92,1648,15,3498,99,5146,California
Inyo,2021-03-18,184,8795,15,3894,162,4858,7,43,103,1677,81,3579,110,5256,California
Inyo,2021-03-19,46,8841,4,3898,38,4896,4,47,36,1707,10,3589,40,5296,California
Inyo,2021-03-20,20,8861,1,3899,10,4906,9,56,1,1698,19,3608,10,5306,California
Inyo,2021-03-22,59,8920,2,3901,52,4958,5,61,39,1722,20,3628,44,5350,California
Inyo,2021-03-23,194,9114,4,3905,186,5144,4,65,104,1740,90,3718,108,5458,California
Inyo,2021-03-24,140,9254,3,3908,133,5277,4,69,87,1778,53,3771,91,5549,California
Inyo,2021-03-25,325,9579,104,4012,217,5494,4,73,259,1975,66,3837,263,5812,California
Inyo,2021-03-26,91,9670,3,4015,84,5578,4,77,71,2030,20,3857,75,5887,California
Inyo,2021-03-27,52,9722,44,4059,5,5583,3,80,46,2073,6,3863,49,5936,California
Inyo,2021-03-28,4,9726,1,4060,2,5585,1,81,1,2072,3,3866,2,5938,California
Inyo,2021-03-29,109,9835,2,4062,102,5687,5,86,82,2133,26,3892,87,6025,California
Inyo,2021-03-30,211,10046,2,4064,204,5891,5,91,101,2129,110,4002,106,6131,California
Inyo,2021-03-31,147,10193,4,4068,138,6029,5,96,106,2199,41,4043,111,6242,California
Inyo,2021-04-01,164,10357,4,4072,159,6188,1,97,115,2266,49,4092,116,6358,California
Inyo,2021-04-02,81,10438,1,4073,78,6266,2,99,52,2291,29,4121,54,6412,California
Inyo,2021-04-03,94,10532,47,4120,33,6299,14,113,6,2224,86,4207,19,6431,California
Inyo,2021-04-04,5,10537,4,4124,0,6299,1,114,1,2222,4,4211,2,6433,California
Inyo,2021-04-05,117,10654,1,4125,112,6411,4,118,29,2167,88,4299,33,6466,California
Inyo,2021-04-06,236,10890,6,4131,167,6578,63,181,105,2204,131,4430,168,6634,California
Inyo,2021-04-07,200,11090,2,4133,72,6650,126,307,44,2218,156,4586,170,6804,California
Inyo,2021-04-08,177,11267,15,4148,145,6795,17,324,80,2218,97,4683,97,6901,California
Inyo,2021-04-09,124,11391,6,4154,95,6890,23,347,37,2192,86,4769,60,6961,California
Inyo,2021-04-10,42,11433,1,4155,24,6914,17,364,3,2173,39,4808,20,6981,California
Inyo,2021-04-11,1,11434,0,4155,1,6915,0,364,1,2174,0,4808,1,6982,California
Inyo,2021-04-12,80,11514,0,4155,75,6990,5,369,41,2181,39,4847,46,7028,California
Inyo,2021-04-13,119,11633,3,4158,113,7103,3,372,61,2188,57,4904,64,7092,California
Inyo,2021-04-14,121,11754,2,4160,119,7222,0,372,38,2143,83,4987,38,7130,California
Inyo,2021-04-15,272,12026,113,4273,159,7381,0,372,83,2037,189,5176,83,7213,California
Inyo,2021-04-16,49,12075,6,4279,43,7424,0,372,21,2030,28,5204,21,7234,California
Inyo,2021-04-17,2,12077,1,4280,1,7425,0,372,1,2030,1,5205,1,7235,California
Inyo,2021-04-19,130,12207,43,4323,87,7512,0,372,44,1988,86,5291,44,7279,California
Inyo,2021-04-20,164,12371,3,4326,161,7673,0,372,81,1986,83,5374,81,7360,California
Inyo,2021-04-21,113,12484,4,4330,109,7782,0,372,32,1937,81,5455,32,7392,California
Inyo,2021-04-22,196,12680,1,4331,195,7977,0,372,52,1845,144,5599,52,7444,California
Inyo,2021-04-23,95,12775,4,4335,91,8068,0,372,22,1794,73,5672,22,7466,California
Inyo,2021-04-24,310,13085,309,4644,1,8069,0,372,305,2094,5,5677,305,7771,California
Inyo,2021-04-25,135,13220,134,4778,1,8070,0,372,135,2229,0,5677,135,7906,California
Inyo,2021-04-26,67,13287,0,4778,66,8136,1,373,8,2179,59,5736,9,7915,California
Inyo,2021-04-27,161,13448,7,4785,149,8285,5,378,47,2117,114,5850,52,7967,California
Inyo,2021-04-28,116,13564,2,4787,114,8399,0,378,18,2037,98,5948,18,7985,California
Inyo,2021-04-29,162,13726,51,4838,110,8509,1,379,74,2024,88,6036,75,8060,California
Inyo,2021-04-30,80,13806,4,4842,73,8582,3,382,23,1993,57,6093,26,8086,California
Inyo,2021-05-01,11,13817,3,4845,8,8590,0,382,9,2000,2,6095,9,8095,California
Inyo,2021-05-02,7,13824,3,4848,2,8592,2,384,5,2005,2,6097,7,8102,California
Inyo,2021-05-03,22,13846,2,4850,15,8607,5,389,8,2004,14,6111,13,8115,California
Inyo,2021-05-04,82,13928,1,4851,77,8684,4,393,15,1956,67,6178,19,8134,California
Inyo,2021-05-05,8,13936,1,4852,4,8688,3,396,4,1959,4,6182,7,8141,California
Kern,2020-12-15,1,1,1,1,0,0,0,0,1,1,0,0,1,1,California
Kern,2020-12-16,18,19,18,19,0,0,0,0,18,19,0,0,18,19,California
Kern,2020-12-17,163,182,163,182,0,0,0,0,163,182,0,0,163,182,California
Kern,2020-12-18,322,504,322,504,0,0,0,0,322,504,0,0,322,504,California
Kern,2020-12-19,98,602,98,602,0,0,0,0,99,603,0,0,99,603,California
Kern,2020-12-20,61,663,61,663,0,0,0,0,61,664,0,0,61,664,California
Kern,2020-12-21,671,1334,670,1333,1,1,0,0,671,1335,0,0,671,1335,California
Kern,2020-12-22,531,1865,528,1861,3,4,0,0,531,1866,0,0,531,1866,California
Kern,2020-12-23,558,2423,419,2280,139,143,0,0,558,2424,0,0,558,2424,California
Kern,2020-12-24,122,2545,43,2323,79,222,0,0,122,2546,0,0,122,2546,California
Kern,2020-12-25,1,2546,1,2324,0,222,0,0,1,2547,0,0,1,2547,California
Kern,2020-12-26,33,2579,1,2325,32,254,0,0,33,2580,0,0,33,2580,California
Kern,2020-12-27,35,2614,3,2328,32,286,0,0,35,2615,0,0,35,2615,California
Kern,2020-12-28,824,3438,660,2988,164,450,0,0,824,3439,0,0,824,3439,California
Kern,2020-12-29,745,4183,452,3440,293,743,0,0,744,4182,1,1,744,4183,California
Kern,2020-12-30,1201,5384,909,4349,292,1035,0,0,1201,5383,0,1,1201,5384,California
Kern,2020-12-31,277,5661,99,4448,178,1213,0,0,277,5660,0,1,277,5661,California
Kern,2021-01-01,13,5674,6,4454,7,1220,0,0,13,5673,0,1,13,5674,California
Kern,2021-01-02,78,5752,18,4472,60,1280,0,0,78,5751,0,1,78,5752,California
Kern,2021-01-03,23,5775,4,4476,19,1299,0,0,23,5774,0,1,23,5775,California
Kern,2021-01-04,553,6328,360,4836,193,1492,0,0,553,6327,0,1,553,6328,California
Kern,2021-01-05,1133,7461,738,5574,395,1887,0,0,1121,7436,12,13,1121,7449,California
Kern,2021-01-06,1167,8628,456,6030,711,2598,0,0,1137,8543,30,43,1137,8586,California
Kern,2021-01-07,1406,10034,493,6523,913,3511,0,0,1238,9614,167,210,1238,9824,California
Kern,2021-01-08,1628,11662,768,7291,860,4371,0,0,1330,10646,299,509,1331,11155,California
Kern,2021-01-09,225,11887,76,7367,149,4520,0,0,191,10803,34,543,191,11346,California
Kern,2021-01-10,195,12082,148,7515,47,4567,0,0,154,10916,41,584,154,11500,California
Kern,2021-01-11,1554,13636,983,8498,571,5138,0,0,999,11360,555,1139,999,12499,California
Kern,2021-01-12,1869,15505,810,9308,1059,6197,0,0,1358,12207,511,1650,1358,13857,California
Kern,2021-01-13,1855,17360,871,10179,984,7181,0,0,1433,13218,422,2072,1433,15290,California
Kern,2021-01-14,2185,19545,645,10824,1540,8721,0,0,2140,15312,46,2118,2140,17430,California
Kern,2021-01-15,2704,22249,858,11682,1846,10567,0,0,2607,17825,95,2213,2608,20038,California
Kern,2021-01-16,671,22920,213,11895,458,11025,0,0,636,18426,35,2248,636,20674,California
Kern,2021-01-17,73,22993,7,11902,66,11091,0,0,71,18495,2,2250,71,20745,California
Kern,2021-01-18,1644,24637,659,12561,985,12076,0,0,1476,19803,168,2418,1476,22221,California
Kern,2021-01-19,1853,26490,1034,13595,819,12895,0,0,1386,20723,467,2885,1387,23608,California
Kern,2021-01-20,2551,29041,1617,15212,934,13829,0,0,1851,21881,695,3580,1853,25461,California
Kern,2021-01-21,2169,31210,922,16134,1247,15076,0,0,1972,23657,196,3776,1972,27433,California
Kern,2021-01-22,2711,33921,1292,17426,1419,16495,0,0,2435,25817,275,4051,2435,29868,California
Kern,2021-01-23,1245,35166,535,17961,710,17205,0,0,1199,26970,46,4097,1199,31067,California
Kern,2021-01-24,160,35326,18,17979,142,17347,0,0,154,27118,6,4103,154,31221,California
Kern,2021-01-25,2385,37711,1086,19065,1299,18646,0,0,1901,28537,483,4586,1902,33123,California
Kern,2021-01-26,2766,40477,1126,20191,1640,20286,0,0,1910,29592,855,5441,1910,35033,California
Kern,2021-01-27,3558,44035,1901,22092,1657,21943,0,0,2858,31753,697,6138,2858,37891,California
Kern,2021-01-28,2862,46897,1353,23445,1509,23452,0,0,2429,33757,428,6566,2432,40323,California
Kern,2021-01-29,3771,50668,1805,25250,1966,25418,0,0,3227,36443,541,7107,3227,43550,California
Kern,2021-01-30,1324,51992,496,25746,828,26246,0,0,1277,37675,45,7152,1277,44827,California
Kern,2021-01-31,403,52395,276,26022,127,26373,0,0,268,37808,135,7287,268,45095,California
Kern,2021-02-01,2409,54804,818,26840,1591,27964,0,0,1858,39119,548,7835,1859,46954,California
Kern,2021-02-02,2923,57727,974,27814,1949,29913,0,0,2060,40317,863,8698,2061,49015,California
Kern,2021-02-03,3653,61380,1548,29362,2105,32018,0,0,2684,42039,962,9660,2684,51699,California
Kern,2021-02-04,3803,65183,1452,30814,2351,34369,0,0,2588,43423,1204,10864,2588,54287,California
Kern,2021-02-05,4847,70030,1988,32802,2859,37228,0,0,3088,44771,1740,12604,3088,57375,California
Kern,2021-02-06,1734,71764,766,33568,968,38196,0,0,1511,46062,220,12824,1511,58886,California
Kern,2021-02-07,284,72048,151,33719,133,38329,0,0,268,46316,14,12838,268,59154,California
Kern,2021-02-08,2560,74608,787,34506,1773,40102,0,0,1253,46281,1289,14127,1254,60408,California
Kern,2021-02-09,3038,77646,986,35492,2052,42154,0,0,1467,46184,1564,15691,1467,61875,California
Kern,2021-02-10,3783,81429,1657,37149,2126,44280,0,0,1871,46160,1896,17587,1872,63747,California
Kern,2021-02-11,4258,85687,1538,38687,2720,47000,0,0,2224,46363,2021,19608,2224,65971,California
Kern,2021-02-12,4950,90637,1891,40578,3059,50059,0,0,2478,46383,2458,22066,2478,68449,California
Kern,2021-02-13,2008,92645,726,41304,1282,51341,0,0,1165,46707,841,22907,1165,69614,California
Kern,2021-02-14,351,92996,12,41316,339,51680,0,0,270,46897,80,22987,270,69884,California
Kern,2021-02-15,2738,95734,889,42205,1849,53529,0,0,1207,46581,1523,24510,1207,71091,California
Kern,2021-02-16,2944,98678,720,42925,2224,55753,0,0,1655,46958,1279,25789,1656,72747,California
Kern,2021-02-17,4067,102745,2077,45002,1990,57743,0,0,1929,46755,2133,27922,1930,74677,California
Kern,2021-02-18,3751,106496,1481,46483,2270,60013,0,0,1616,46249,2122,30044,1616,76293,California
Kern,2021-02-19,4198,110694,1916,48399,2282,62295,0,0,1739,45537,2451,32495,1739,78032,California
Kern,2021-02-20,2570,113264,967,49366,1603,63898,0,0,1339,45648,1228,33723,1339,79371,California
Kern,2021-02-21,247,113511,141,49507,106,64004,0,0,85,45573,160,33883,85,79456,California
Kern,2021-02-22,2656,116167,1148,50655,1508,65512,0,0,1424,45770,1227,35110,1424,80880,California
Kern,2021-02-23,3542,119709,1121,51776,2421,67933,0,0,1975,46181,1565,36675,1976,82856,California
Kern,2021-02-24,5165,124874,2268,54044,2897,70830,0,0,3079,47178,2082,38757,3079,85935,California
Kern,2021-02-25,5356,130230,2448,56492,2908,73738,0,0,3179,48198,2159,40916,3179,89114,California
Kern,2021-02-26,6887,137117,3521,60013,3366,77104,0,0,4360,50039,2520,43436,4361,93475,California
Kern,2021-02-27,3854,140971,1893,61906,1961,79065,0,0,2518,51228,1329,44765,2518,95993,California
Kern,2021-02-28,909,141880,498,62404,410,79475,1,1,690,51702,217,44982,691,96684,California
Kern,2021-03-01,3988,145868,1807,64211,2179,81654,2,3,2692,53108,1288,46270,2694,99378,California
Kern,2021-03-02,4372,150240,1373,65584,2998,84652,1,4,2867,54481,1494,47764,2867,102245,California
Kern,2021-03-03,5802,156042,2701,68285,3101,87753,0,4,3716,56126,2072,49836,3717,105962,California
Kern,2021-03-04,5554,161596,2162,70447,3389,91142,3,7,3558,57704,1982,51818,3560,109522,California
Kern,2021-03-05,6468,168064,2669,73116,3782,94924,17,24,4046,59353,2414,54232,4063,113585,California
Kern,2021-03-06,4713,172777,1911,75027,2701,97625,101,125,3447,61642,1258,55490,3547,117132,California
Kern,2021-03-07,2044,174821,1584,76611,411,98036,49,174,1853,63354,190,55680,1902,119034,California
Kern,2021-03-08,2815,177636,855,77466,1747,99783,213,387,1469,63691,1343,57023,1680,120714,California
Kern,2021-03-09,3623,181259,787,78253,2453,102236,383,770,2231,64915,1387,58410,2611,123325,California
Kern,2021-03-10,6022,187281,2467,80720,2484,104720,1071,1841,3503,66980,2508,60918,4573,127898,California
Kern,2021-03-11,6286,193567,2409,83129,2851,107571,1026,2867,3731,69191,2544,63462,4755,132653,California
Kern,2021-03-12,7661,201228,2920,86049,3388,110959,1353,4220,4153,71192,3496,66958,5497,138150,California
Kern,2021-03-13,4426,205654,2300,88349,1791,112750,335,4555,3008,73117,1412,68370,3337,141487,California
Kern,2021-03-14,2187,207841,1413,89762,534,113284,240,4795,1673,74512,514,68884,1909,143396,California
Kern,2021-03-15,4241,212082,1082,90844,2447,115731,712,5507,2174,75339,2056,70940,2883,146279,California
Kern,2021-03-16,4328,216410,1005,91849,2795,118526,528,6035,2327,76199,1992,72932,2852,149131,California
Kern,2021-03-17,7236,223646,3804,95653,2875,121401,557,6592,4300,78129,2925,75857,4855,153986,California
Kern,2021-03-18,6984,230630,3400,99053,3004,124405,580,7172,4157,80054,2808,78665,4733,158719,California
Kern,2021-03-19,8746,239376,4765,103818,3332,127737,649,7821,4547,81058,4186,82851,5190,163909,California
Kern,2021-03-20,5937,245313,3590,107408,2173,129910,174,7995,3814,82933,2114,84965,3989,167898,California
Kern,2021-03-21,2866,248179,1753,109161,236,130146,877,8872,1685,84319,1175,86140,2561,170459,California
Kern,2021-03-22,3937,252116,1538,110699,2043,132189,356,9228,1916,84579,2012,88152,2272,172731,California
Kern,2021-03-23,4701,256817,1656,112355,2847,135036,198,9426,2495,85093,2177,90329,2691,175422,California
Kern,2021-03-24,6988,263805,3508,115863,3008,138044,472,9898,3662,85913,3312,93641,4132,179554,California
Kern,2021-03-25,6622,270427,2880,118743,3413,141457,329,10227,3266,86165,3340,96981,3592,183146,California
Kern,2021-03-26,9584,280011,4152,122895,4178,145635,1254,11481,4745,87339,4823,101804,5997,189143,California
Kern,2021-03-27,5439,285450,3743,126638,1569,147204,127,11608,3302,88633,2135,103939,3429,192572,California
Kern,2021-03-28,4321,289771,3833,130471,474,147678,14,11622,2769,89865,1551,105490,2783,195355,California
Kern,2021-03-29,4190,293961,1637,132108,2275,149953,278,11900,2609,91179,1570,107060,2884,198239,California
Kern,2021-03-30,5508,299469,1821,133929,3307,153260,380,12280,3068,92189,2436,109496,3446,201685,California
Kern,2021-03-31,8114,307583,4281,138210,3188,156448,645,12925,4293,93315,3810,113306,4936,206621,California
Kern,2021-04-01,7589,315172,3634,141844,3658,160106,297,13222,4094,94221,3481,116787,4387,211008,California
Kern,2021-04-02,8128,323300,4184,146028,3341,163447,603,13825,4076,94859,4037,120824,4675,215683,California
Kern,2021-04-03,5681,328981,3385,149413,2114,165561,182,14007,2592,94549,3082,123906,2772,218455,California
Kern,2021-04-04,1331,330312,865,150278,382,165943,84,14091,550,94404,779,124685,634,219089,California
Kern,2021-04-05,5314,335626,2195,152473,2354,168297,765,14856,2883,95609,2421,127106,3626,222715,California
Kern,2021-04-06,6966,342592,2458,154931,3217,171514,1291,16147,3605,97162,3341,130447,4894,227609,California
Kern,2021-04-07,9194,351786,5347,160278,2892,174406,955,17102,4597,98133,4580,135027,5551,233160,California
Kern,2021-04-08,8570,360356,4738,165016,2932,177338,900,18002,3915,98315,4630,139657,4812,237972,California
Kern,2021-04-09,10081,370437,5087,170103,4013,181351,981,18983,4450,98136,5607,145264,5428,243400,California
Kern,2021-04-10,6525,376962,3434,173537,1854,183205,1237,20220,2297,97446,4218,149482,3528,246928,California
Kern,2021-04-11,3762,380724,2887,176424,358,183563,517,20737,1427,97064,2323,151805,1941,248869,California
Kern,2021-04-12,4345,385069,978,177402,2400,185963,967,21704,1558,96815,2772,154577,2523,251392,California
Kern,2021-04-13,4265,389334,1410,178812,2830,188793,25,21729,2125,96836,2130,156707,2151,253543,California
Kern,2021-04-14,6023,395357,2958,181770,3043,191836,22,21751,3065,96979,2943,159650,3086,256629,California
Kern,2021-04-15,5228,400585,2453,184223,2773,194609,2,21753,2518,96802,2697,162347,2520,259149,California
Kern,2021-04-16,7228,407813,3433,187656,3794,198403,1,21754,3080,95757,4127,166474,3082,262231,California
Kern,2021-04-17,5888,413701,3846,191502,2042,200445,0,21754,2250,94381,3627,170101,2251,264482,California
Kern,2021-04-18,3620,417321,3384,194886,236,200681,0,21754,1055,92878,2558,172659,1055,265537,California
Kern,2021-04-19,3800,421121,1725,196611,2074,202755,1,21755,1439,91976,2341,175000,1439,266976,California
Kern,2021-04-20,4295,425416,1536,198147,2758,205513,1,21756,1658,91010,2626,177626,1660,268636,California
Kern,2021-04-21,5836,431252,3121,201268,2710,208223,5,21761,2250,89697,3567,181193,2254,270890,California
Kern,2021-04-22,4775,436027,2306,203574,2469,210692,0,21761,1774,88492,2980,184173,1775,272665,California
Kern,2021-04-23,6024,442051,2931,206505,3092,213784,1,21762,1990,86483,4001,188174,1992,274657,California
Kern,2021-04-24,3926,445977,2728,209233,1188,214972,10,21772,1481,85543,2431,190605,1491,276148,California
Kern,2021-04-25,1340,447317,1064,210297,276,215248,0,21772,772,85752,563,191168,772,276920,California
Kern,2021-04-26,3645,450962,1753,212050,1839,217087,53,21825,1004,84177,2632,193800,1057,277977,California
Kern,2021-04-27,4476,455438,2184,214234,2190,219277,102,21927,1330,82473,3132,196932,1428,279405,California
Kern,2021-04-28,5854,461292,3407,217641,2328,221605,119,22046,1701,80149,4142,201074,1818,281223,California
Kern,2021-04-29,4723,466015,2639,220280,2001,223606,83,22129,1412,78353,3292,204366,1496,282719,California
Kern,2021-04-30,5203,471218,2947,223227,2104,225710,152,22281,1515,76346,3674,208040,1667,284386,California
Kern,2021-05-01,2569,473787,1798,225025,712,226422,59,22340,959,75763,1600,209640,1017,285403,California
Kern,2021-05-02,1838,475625,1551,226576,268,226690,19,22359,666,75284,1164,210804,685,286088,California
Kern,2021-05-03,1907,477532,732,227308,1077,227767,98,22457,631,74751,1263,212067,730,286818,California
Kern,2021-05-04,2894,480426,1067,228375,1745,229512,82,22539,997,73943,1885,213952,1077,287895,California
Kern,2021-05-05,2601,483027,1522,229897,976,230488,103,22642,787,73030,1804,215756,891,288786,California
Kings,2020-12-16,1,1,1,1,0,0,0,0,1,1,0,0,1,1,California
Kings,2020-12-17,8,9,8,9,0,0,0,0,8,9,0,0,8,9,California
Kings,2020-12-18,12,21,12,21,0,0,0,0,12,21,0,0,12,21,California
Kings,2020-12-19,11,32,11,32,0,0,0,0,11,32,0,0,11,32,California
Kings,2020-12-20,13,45,13,45,0,0,0,0,13,45,0,0,13,45,California
Kings,2020-12-21,156,201,156,201,0,0,0,0,269,314,0,0,269,314,California
Kings,2020-12-22,143,344,143,344,0,0,0,0,140,454,0,0,140,454,California
Kings,2020-12-23,134,478,122,466,12,12,0,0,135,589,0,0,135,589,California
Kings,2020-12-24,11,489,9,475,2,14,0,0,11,600,0,0,11,600,California
Kings,2020-12-26,7,496,4,479,3,17,0,0,7,607,0,0,7,607,California
Kings,2020-12-27,4,500,4,483,0,17,0,0,4,611,0,0,4,611,California
Kings,2020-12-28,131,631,103,586,28,45,0,0,132,743,0,0,132,743,California
Kings,2020-12-29,78,709,51,637,27,72,0,0,79,822,0,0,79,822,California
Kings,2020-12-30,148,857,109,746,39,111,0,0,148,970,0,0,148,970,California
Kings,2020-12-31,45,902,6,752,39,150,0,0,45,1015,0,0,45,1015,California
Kings,2021-01-01,1,903,0,752,1,151,0,0,1,1016,0,0,1,1016,California
Kings,2021-01-02,10,913,9,761,1,152,0,0,10,1026,0,0,10,1026,California
Kings,2021-01-04,112,1025,42,803,70,222,0,0,112,1138,0,0,112,1138,California
Kings,2021-01-05,196,1221,39,842,157,379,0,0,196,1334,0,0,196,1334,California
Kings,2021-01-06,277,1498,178,1020,99,478,0,0,274,1605,3,3,274,1608,California
Kings,2021-01-07,178,1676,81,1101,97,575,0,0,170,1767,8,11,170,1778,California
Kings,2021-01-08,247,1923,54,1155,193,768,0,0,228,1976,19,30,228,2006,California
Kings,2021-01-09,63,1986,9,1164,54,822,0,0,55,2023,8,38,55,2061,California
Kings,2021-01-10,15,2001,3,1167,12,834,0,0,12,2032,3,41,12,2073,California
Kings,2021-01-11,518,2519,354,1521,164,998,0,0,276,2067,242,283,277,2350,California
Kings,2021-01-12,350,2869,253,1774,97,1095,0,0,216,2152,131,414,216,2566,California
Kings,2021-01-13,415,3284,267,2041,148,1243,0,0,324,2385,91,505,324,2890,California
Kings,2021-01-14,208,3492,31,2072,177,1420,0,0,198,2563,21,526,199,3089,California
Kings,2021-01-15,416,3908,29,2101,387,1807,0,0,404,2955,12,538,404,3493,California
Kings,2021-01-16,31,3939,12,2113,19,1826,0,0,30,2984,1,539,30,3523,California
Kings,2021-01-17,9,3948,6,2119,3,1829,0,0,7,2989,2,541,7,3530,California
Kings,2021-01-18,172,4120,40,2159,132,1961,0,0,146,3109,26,567,146,3676,California
Kings,2021-01-19,376,4496,158,2317,218,2179,0,0,248,3229,128,695,248,3924,California
Kings,2021-01-20,233,4729,142,2459,91,2270,0,0,124,3248,105,800,124,4048,California
Kings,2021-01-21,191,4920,36,2495,155,2425,0,0,175,3405,18,818,175,4223,California
Kings,2021-01-22,126,5046,40,2535,86,2511,0,0,126,3526,5,823,126,4349,California
Kings,2021-01-23,26,5072,14,2549,12,2523,0,0,20,3540,6,829,20,4369,California
Kings,2021-01-24,4,5076,4,2553,0,2523,0,0,2,3540,2,831,2,4371,California
Kings,2021-01-25,124,5200,26,2579,98,2621,0,0,90,3596,34,865,90,4461,California
Kings,2021-01-26,154,5354,35,2614,119,2740,0,0,115,3672,39,904,115,4576,California
Kings,2021-01-27,319,5673,34,2648,285,3025,0,0,249,3852,69,973,249,4825,California
Kings,2021-01-28,326,5999,46,2694,280,3305,0,0,271,4068,55,1028,271,5096,California
Kings,2021-01-29,86,6085,26,2720,60,3365,0,0,69,4120,17,1045,69,5165,California
Kings,2021-01-30,1556,7641,31,2751,1525,4890,0,0,1553,5672,3,1048,1555,6720,California
Kings,2021-02-01,199,7840,64,2815,135,5025,0,0,72,5619,125,1173,72,6792,California
Kings,2021-02-02,226,8066,14,2829,212,5237,0,0,82,5558,143,1316,82,6874,California
Kings,2021-02-03,358,8424,192,3021,166,5403,0,0,203,5607,154,1470,203,7077,California
Kings,2021-02-04,395,8819,98,3119,297,5700,0,0,198,5609,196,1666,198,7275,California
Kings,2021-02-05,256,9075,14,3133,242,5942,0,0,100,5555,154,1820,100,7375,California
Kings,2021-02-06,60,9135,10,3143,50,5992,0,0,27,5549,33,1853,27,7402,California
Kings,2021-02-07,5,9140,3,3146,2,5994,0,0,3,5550,2,1855,3,7405,California
Kings,2021-02-08,170,9310,29,3175,141,6135,0,0,68,5516,102,1957,68,7473,California
Kings,2021-02-09,253,9563,57,3232,196,6331,0,0,110,5485,141,2098,110,7583,California
Kings,2021-02-10,287,9850,112,3344,175,6506,0,0,170,5538,117,2215,170,7753,California
Kings,2021-02-11,429,10279,65,3409,364,6870,0,0,316,5742,112,2327,316,8069,California
Kings,2021-02-12,622,10901,36,3445,586,7456,0,0,347,5815,274,2601,347,8416,California
Kings,2021-02-13,103,11004,6,3451,97,7553,0,0,78,5868,25,2626,78,8494,California
Kings,2021-02-14,102,11106,4,3455,98,7651,0,0,94,5954,8,2634,94,8588,California
Kings,2021-02-15,246,11352,5,3460,241,7892,0,0,137,5983,108,2742,137,8725,California
Kings,2021-02-16,485,11837,33,3493,452,8344,0,0,250,5999,234,2976,250,8975,California
Kings,2021-02-17,379,12216,22,3515,357,8701,0,0,242,6105,137,3113,243,9218,California
Kings,2021-02-18,155,12371,23,3538,132,8833,0,0,98,6146,57,3170,98,9316,California
Kings,2021-02-19,158,12529,23,3561,135,8968,0,0,102,6195,53,3223,102,9418,California
Kings,2021-02-20,171,12700,40,3601,131,9099,0,0,134,6292,37,3260,134,9552,California
Kings,2021-02-21,3,12703,2,3603,1,9100,0,0,3,6295,0,3260,3,9555,California
Kings,2021-02-22,110,12813,19,3622,91,9191,0,0,51,6287,59,3319,51,9606,California
Kings,2021-02-23,296,13109,69,3691,227,9418,0,0,179,6349,117,3436,179,9785,California
Kings,2021-02-24,592,13701,154,3845,438,9856,0,0,380,6517,212,3648,380,10165,California
Kings,2021-02-25,665,14366,115,3960,550,10406,0,0,447,6748,216,3864,447,10612,California
Kings,2021-02-26,657,15023,129,4089,528,10934,0,0,594,7280,62,3926,594,11206,California
Kings,2021-02-27,1498,16521,62,4151,1436,12370,0,0,564,6911,933,4859,564,11770,California
Kings,2021-02-28,1172,17693,597,4748,575,12945,0,0,674,7090,495,5354,674,12444,California
Kings,2021-03-01,259,17952,79,4827,180,13125,0,0,214,7259,45,5399,214,12658,California
Kings,2021-03-02,473,18425,206,5033,267,13392,0,0,423,7633,50,5449,424,13082,California
Kings,2021-03-03,627,19052,303,5336,324,13716,0,0,438,7883,188,5637,438,13520,California
Kings,2021-03-04,716,19768,343,5679,373,14089,0,0,620,8408,96,5733,621,14141,California
Kings,2021-03-05,1056,20824,349,6028,698,14787,9,9,940,9242,116,5849,950,15091,California
Kings,2021-03-06,511,21335,184,6212,314,15101,13,22,482,9708,29,5878,495,15586,California
Kings,2021-03-07,366,21701,225,6437,137,15238,4,26,358,10062,8,5886,362,15948,California
Kings,2021-03-08,370,22071,97,6534,220,15458,53,79,261,10266,109,5995,313,16261,California
Kings,2021-03-09,522,22593,238,6772,229,15687,55,134,416,10632,106,6101,472,16733,California
Kings,2021-03-10,505,23098,124,6896,290,15977,91,225,322,10862,182,6283,412,17145,California
Kings,2021-03-11,1021,24119,305,7201,606,16583,110,335,616,11185,403,6686,726,17871,California
Kings,2021-03-12,1314,25433,398,7599,822,17405,94,429,913,11794,400,7086,1009,18880,California
Kings,2021-03-13,672,26105,332,7931,296,17701,44,473,545,12257,127,7213,590,19470,California
Kings,2021-03-14,671,26776,101,8032,184,17885,386,859,200,12372,471,7684,586,20056,California
Kings,2021-03-15,683,27459,246,8278,322,18207,115,974,447,12701,235,7919,564,20620,California
Kings,2021-03-16,1040,28499,439,8717,540,18747,61,1035,704,13130,336,8255,765,21385,California
Kings,2021-03-17,1089,29588,417,9134,611,19358,61,1096,770,13649,319,8574,838,22223,California
Kings,2021-03-18,1099,30687,466,9600,411,19769,222,1318,767,14310,331,8905,992,23215,California
Kings,2021-03-19,936,31623,468,10068,383,20152,85,1403,719,14910,217,9122,817,24032,California
Kings,2021-03-20,622,32245,255,10323,337,20489,30,1433,449,15225,171,9293,486,24518,California
Kings,2021-03-21,1400,33645,1085,11408,304,20793,11,1444,846,15528,554,9847,857,25375,California
Kings,2021-03-22,449,34094,203,11611,163,20956,83,1527,276,15718,173,10020,363,25738,California
Kings,2021-03-23,898,34992,492,12103,343,21299,63,1590,575,16038,321,10341,641,26379,California
Kings,2021-03-24,921,35913,477,12580,421,21720,23,1613,511,16166,408,10749,536,26915,California
Kings,2021-03-25,886,36799,441,13021,419,22139,26,1639,442,16192,442,11191,468,27383,California
Kings,2021-03-26,1279,38078,372,13393,822,22961,85,1724,527,16056,747,11938,611,27994,California
Kings,2021-03-27,616,38694,245,13638,359,23320,12,1736,169,15792,445,12383,181,28175,California
Kings,2021-03-28,547,39241,476,14114,64,23384,7,1743,341,15942,206,12589,356,28531,California
Kings,2021-03-29,456,39697,201,14315,195,23579,60,1803,250,16047,204,12793,309,28840,California
Kings,2021-03-30,835,40532,462,14777,335,23914,38,1841,415,16081,419,13212,453,29293,California
Kings,2021-03-31,724,41256,375,15152,285,24199,64,1905,415,16258,302,13514,479,29772,California
Kings,2021-04-01,748,42004,375,15527,294,24493,79,1984,337,16269,405,13919,416,30188,California
Kings,2021-04-02,979,42983,426,15953,431,24924,122,2106,386,16188,588,14507,507,30695,California
Kings,2021-04-03,473,43456,329,16282,136,25060,8,2114,161,16052,306,14813,170,30865,California
Kings,2021-04-04,156,43612,82,16364,68,25128,6,2120,43,15989,112,14925,49,30914,California
Kings,2021-04-05,1046,44658,322,16686,474,25602,250,2370,234,15662,811,15736,484,31398,California
Kings,2021-04-06,1181,45839,447,17133,426,26028,308,2678,290,15370,888,16624,596,31994,California
Kings,2021-04-07,1340,47179,641,17774,515,26543,184,2862,413,15043,924,17548,597,32591,California
Kings,2021-04-08,1591,48770,627,18401,713,27256,251,3113,362,14434,1222,18770,613,33204,California
Kings,2021-04-09,1103,49873,522,18923,407,27663,174,3287,236,13977,865,19635,408,33612,California
Kings,2021-04-10,592,50465,329,19252,161,27824,102,3389,180,13848,411,20046,282,33894,California
Kings,2021-04-11,324,50789,74,19326,244,28068,6,3395,192,13914,132,20178,198,34092,California
Kings,2021-04-12,698,51487,311,19637,187,28255,200,3595,191,13799,505,20683,390,34482,California
Kings,2021-04-13,879,52366,506,20143,373,28628,0,3595,281,13488,597,21280,286,34768,California
Kings,2021-04-14,1020,53386,564,20707,456,29084,0,3595,370,13209,650,21930,371,35139,California
Kings,2021-04-15,1034,54420,506,21213,527,29611,1,3596,460,13097,573,22503,461,35600,California
Kings,2021-04-16,765,55185,360,21573,405,30016,0,3596,268,12869,496,22999,268,35868,California
Kings,2021-04-17,455,55640,242,21815,213,30229,0,3596,199,12813,255,23254,199,36067,California
Kings,2021-04-18,549,56189,238,22053,311,30540,0,3596,70,12404,479,23733,70,36137,California
Kings,2021-04-19,522,56711,287,22340,234,30774,1,3597,284,12452,236,23969,284,36421,California
Kings,2021-04-20,728,57439,440,22780,288,31062,0,3597,242,12210,484,24453,242,36663,California
Kings,2021-04-21,633,58072,305,23085,328,31390,0,3597,219,12020,409,24862,219,36882,California
Kings,2021-04-22,548,58620,276,23361,272,31662,0,3597,204,11884,341,25203,205,37087,California
Kings,2021-04-23,662,59282,290,23651,372,32034,0,3597,329,11884,329,25532,329,37416,California
Kings,2021-04-24,243,59525,177,23828,65,32099,1,3598,119,11881,123,25655,120,37536,California
Kings,2021-04-25,195,59720,176,24004,19,32118,0,3598,159,12004,36,25691,159,37695,California
Kings,2021-04-26,288,60008,148,24152,137,32255,3,3601,180,12080,107,25798,183,37878,California
Kings,2021-04-27,397,60405,172,24324,204,32459,21,3622,163,12031,233,26031,184,38062,California
Kings,2021-04-28,467,60872,245,24569,207,32666,15,3637,247,12073,220,26251,262,38324,California
Kings,2021-04-29,258,61130,98,24667,149,32815,11,3648,122,12073,133,26384,133,38457,California
Kings,2021-04-30,339,61469,161,24828,164,32979,14,3662,149,12049,187,26571,163,38620,California
Kings,2021-05-01,230,61699,167,24995,52,33031,11,3673,73,11978,155,26726,84,38704,California
Kings,2021-05-02,165,61864,148,25143,17,33048,0,3673,130,12073,35,26761,130,38834,California
Kings,2021-05-03,389,62253,184,25327,198,33246,7,3680,90,11872,298,27059,97,38931,California
Kings,2021-05-04,451,62704,217,25544,219,33465,15,3695,143,11722,308,27367,158,39089,California
Kings,2021-05-05,337,63041,150,25694,178,33643,9,3704,76,11546,261,27628,85,39174,California
Lake,2020-12-17,4,4,4,4,0,0,0,0,4,4,0,0,4,4,California
Lake,2020-12-18,51,55,51,55,0,0,0,0,51,55,0,0,51,55,California
Lake,2020-12-19,3,58,3,58,0,0,0,0,3,58,0,0,3,58,California
Lake,2020-12-20,6,64,6,64,0,0,0,0,6,64,0,0,6,64,California
Lake,2020-12-21,86,150,86,150,0,0,0,0,86,150,0,0,86,150,California
Lake,2020-12-22,63,213,60,210,3,3,0,0,63,213,0,0,63,213,California
Lake,2020-12-23,123,336,114,324,9,12,0,0,123,336,0,0,123,336,California
Lake,2020-12-24,2,338,0,324,2,14,0,0,2,338,0,0,2,338,California
Lake,2020-12-26,2,340,2,326,0,14,0,0,2,340,0,0,2,340,California
Lake,2020-12-27,2,342,2,328,0,14,0,0,2,342,0,0,2,342,California
Lake,2020-12-28,52,394,43,371,9,23,0,0,52,394,0,0,52,394,California
Lake,2020-12-29,51,445,46,417,5,28,0,0,51,445,0,0,51,445,California
Lake,2020-12-30,124,569,117,534,7,35,0,0,124,569,0,0,124,569,California
Lake,2020-12-31,67,636,64,598,3,38,0,0,67,636,0,0,67,636,California
Lake,2021-01-01,1,637,0,598,1,39,0,0,1,637,0,0,1,637,California
Lake,2021-01-02,2,639,1,599,1,40,0,0,2,639,0,0,2,639,California
Lake,2021-01-04,87,726,21,620,66,106,0,0,87,726,0,0,87,726,California
Lake,2021-01-05,120,846,59,679,61,167,0,0,118,842,2,2,118,844,California
Lake,2021-01-06,105,951,65,744,40,207,0,0,103,943,2,4,103,947,California
Lake,2021-01-07,107,1058,84,828,23,230,0,0,98,1032,9,13,98,1045,California
Lake,2021-01-08,152,1210,124,952,28,258,0,0,100,1080,52,65,100,1145,California
Lake,2021-01-09,63,1273,61,1013,2,260,0,0,59,1135,4,69,59,1204,California
Lake,2021-01-10,3,1276,3,1016,0,260,0,0,0,1132,3,72,0,1204,California
Lake,2021-01-11,192,1468,151,1167,41,301,0,0,112,1164,80,152,112,1316,California
Lake,2021-01-12,80,1548,48,1215,32,333,0,0,56,1196,24,176,56,1372,California
Lake,2021-01-13,164,1712,112,1327,52,385,0,0,107,1246,57,233,107,1479,California
Lake,2021-01-14,147,1859,46,1373,101,486,0,0,125,1349,22,255,125,1604,California
Lake,2021-01-15,215,2074,92,1465,123,609,0,0,188,1510,27,282,188,1792,California
Lake,2021-01-16,134,2208,81,1546,53,662,0,0,132,1640,2,284,132,1924,California
Lake,2021-01-17,18,2226,6,1552,12,674,0,0,12,1646,6,290,12,1936,California
Lake,2021-01-18,246,2472,226,1778,20,694,0,0,126,1652,120,410,126,2062,California
Lake,2021-01-19,311,2783,117,1895,194,888,0,0,266,1874,45,455,267,2329,California
Lake,2021-01-20,422,3205,80,1975,342,1230,0,0,358,2169,63,518,358,2687,California
Lake,2021-01-21,433,3638,49,2024,384,1614,0,0,398,2532,35,553,398,3085,California
Lake,2021-01-22,318,3956,46,2070,272,1886,0,0,282,2778,36,589,282,3367,California
Lake,2021-01-23,122,4078,5,2075,117,2003,0,0,121,2898,1,590,121,3488,California
Lake,2021-01-24,4,4082,1,2076,3,2006,0,0,4,2902,0,590,4,3492,California
Lake,2021-01-25,257,4339,95,2171,162,2168,0,0,176,2997,81,671,176,3668,California
Lake,2021-01-26,428,4767,36,2207,392,2560,0,0,405,3379,23,694,405,4073,California
Lake,2021-01-27,359,5126,41,2248,318,2878,0,0,331,3683,28,722,332,4405,California
Lake,2021-01-28,499,5625,161,2409,338,3216,0,0,370,3924,129,851,370,4775,California
Lake,2021-01-29,637,6262,83,2492,554,3770,0,0,577,4441,60,911,577,5352,California
Lake,2021-01-30,556,6818,45,2537,511,4281,0,0,550,4985,6,917,550,5902,California
Lake,2021-01-31,14,6832,8,2545,6,4287,0,0,12,4995,2,919,12,5914,California
Lake,2021-02-01,179,7011,18,2563,161,4448,0,0,166,5148,13,932,166,6080,California
Lake,2021-02-02,565,7576,152,2715,413,4861,0,0,399,5381,166,1098,399,6479,California
Lake,2021-02-03,445,8021,33,2748,412,5273,0,0,340,5616,105,1203,340,6819,California
Lake,2021-02-04,120,8141,69,2817,51,5324,0,0,73,5642,47,1250,73,6892,California
Lake,2021-02-05,379,8520,70,2887,309,5633,0,0,288,5841,89,1339,288,7180,California
Lake,2021-02-06,275,8795,40,2927,235,5868,0,0,264,6094,11,1350,264,7444,California
Lake,2021-02-07,2,8797,1,2928,1,5869,0,0,2,6096,0,1350,2,7446,California
Lake,2021-02-08,278,9075,206,3134,72,5941,0,0,159,6136,119,1469,159,7605,California
Lake,2021-02-09,345,9420,25,3159,320,6261,0,0,301,6394,43,1512,301,7906,California
Lake,2021-02-10,351,9771,55,3214,296,6557,0,0,275,6593,76,1588,275,8181,California
Lake,2021-02-11,169,9940,18,3232,151,6708,0,0,56,6536,113,1701,56,8237,California
Lake,2021-02-12,377,10317,29,3261,348,7056,0,0,290,6740,86,1787,290,8527,California
Lake,2021-02-13,246,10563,7,3268,239,7295,0,0,235,6964,11,1798,235,8762,California
Lake,2021-02-14,19,10582,4,3272,15,7310,0,0,6,6957,13,1811,6,8768,California
Lake,2021-02-15,172,10754,13,3285,159,7469,0,0,8,6802,163,1974,8,8776,California
Lake,2021-02-16,423,11177,23,3308,400,7869,0,0,176,6731,247,2221,176,8952,California
Lake,2021-02-17,351,11528,54,3362,297,8166,0,0,70,6521,280,2501,70,9022,California
Lake,2021-02-18,458,11986,69,3431,389,8555,0,0,114,6291,344,2845,114,9136,California
Lake,2021-02-19,418,12404,25,3456,393,8948,0,0,93,6059,325,3170,93,9229,California
Lake,2021-02-20,294,12698,60,3516,234,9182,0,0,251,6268,42,3212,251,9480,California
Lake,2021-02-21,6,12704,6,3522,0,9182,0,0,0,6262,6,3218,0,9480,California
Lake,2021-02-22,140,12844,24,3546,116,9298,0,0,43,6208,97,3315,43,9523,California
Lake,2021-02-23,213,13057,14,3560,199,9497,0,0,28,6051,185,3500,28,9551,California
Lake,2021-02-24,956,14013,378,3938,578,10075,0,0,417,5930,538,4038,417,9968,California
Lake,2021-02-25,732,14745,464,4402,268,10343,0,0,472,6144,258,4296,472,10440,California
Lake,2021-02-26,996,15741,304,4706,692,11035,0,0,350,5851,643,4939,350,10790,California
Lake,2021-02-27,410,16151,97,4803,313,11348,0,0,328,6097,82,5021,328,11118,California
Lake,2021-02-28,18,16169,12,4815,6,11354,0,0,10,6099,8,5029,10,11128,California
Lake,2021-03-01,596,16765,53,4868,543,11897,0,0,443,6389,153,5182,443,11571,California
Lake,2021-03-02,745,17510,18,4886,727,12624,0,0,290,6223,456,5638,290,11861,California
Lake,2021-03-03,360,17870,197,5083,163,12787,0,0,135,6133,225,5863,135,11996,California
Lake,2021-03-04,578,18448,510,5593,68,12855,0,0,562,6679,16,5879,562,12558,California
Lake,2021-03-05,1037,19485,40,5633,997,13852,0,0,174,5994,859,6738,174,12732,California
Lake,2021-03-06,34,19519,9,5642,24,13876,1,1,21,6003,13,6751,22,12754,California
Lake,2021-03-07,7,19526,5,5647,2,13878,0,1,4,6004,3,6754,4,12758,California
Lake,2021-03-08,339,19865,267,5914,63,13941,9,10,299,6272,40,6794,308,13066,California
Lake,2021-03-09,914,20779,29,5943,868,14809,17,27,392,6160,521,7315,409,13475,California
Lake,2021-03-10,204,20983,60,6003,131,14940,13,40,136,6241,68,7383,149,13624,California
Lake,2021-03-11,583,21566,47,6050,62,15002,474,514,48,6228,535,7918,522,14146,California
Lake,2021-03-12,854,22420,203,6253,627,15629,24,538,363,6125,490,8408,387,14533,California
Lake,2021-03-13,278,22698,21,6274,20,15649,237,775,16,6116,261,8669,252,14785,California
Lake,2021-03-14,11,22709,2,6276,9,15658,0,775,7,6119,4,8673,7,14792,California
Lake,2021-03-15,642,23351,14,6290,611,16269,17,792,483,6460,159,8832,500,15292,California
Lake,2021-03-16,1113,24464,834,7124,262,16531,17,809,446,6259,663,9495,462,15754,California
Lake,2021-03-17,247,24711,122,7246,103,16634,22,831,90,6214,157,9652,112,15866,California
Lake,2021-03-18,748,25459,373,7619,338,16972,37,868,372,6247,375,10027,408,16274,California
Lake,2021-03-19,580,26039,313,7932,247,17219,20,888,473,6634,106,10133,493,16767,California
Lake,2021-03-20,248,26287,8,7940,237,17456,3,891,29,6449,217,10350,32,16799,California
Lake,2021-03-21,16,26303,11,7951,4,17460,1,892,11,6456,5,10355,12,16811,California
Lake,2021-03-22,324,26627,244,8195,66,17526,14,906,238,6622,86,10441,252,17063,California
Lake,2021-03-23,416,27043,18,8213,385,17911,13,919,353,6926,62,10503,366,17429,California
Lake,2021-03-24,414,27457,61,8274,345,18256,8,927,317,7156,96,10599,326,17755,California
Lake,2021-03-25,656,28113,468,8742,182,18438,6,933,171,6848,485,11084,177,17932,California
Lake,2021-03-26,69,28182,33,8775,35,18473,1,934,45,6870,24,11108,46,17978,California
Lake,2021-03-27,309,28491,7,8782,299,18772,3,937,17,6600,290,11398,20,17998,California
Lake,2021-03-28,16,28507,7,8789,9,18781,0,937,10,6604,6,11404,10,18008,California
Lake,2021-03-29,899,29406,268,9057,629,19410,2,939,193,6095,704,12108,195,18203,California
Lake,2021-03-30,454,29860,305,9362,147,19557,2,941,368,6380,85,12193,370,18573,California
Lake,2021-03-31,583,30443,60,9422,523,20080,0,941,418,6641,157,12350,418,18991,California
Lake,2021-04-01,424,30867,219,9641,193,20273,12,953,179,6590,242,12592,191,19182,California
Lake,2021-04-02,221,31088,40,9681,153,20426,28,981,98,6593,123,12715,126,19308,California
Lake,2021-04-03,30,31118,6,9687,21,20447,3,984,11,6588,19,12734,14,19322,California
Lake,2021-04-04,21,31139,11,9698,8,20455,2,986,16,6601,5,12739,18,19340,California
Lake,2021-04-05,635,31774,70,9768,546,21001,19,1005,396,6779,236,12975,414,19754,California
Lake,2021-04-06,471,32245,15,9783,430,21431,26,1031,298,6932,171,13146,324,20078,California
Lake,2021-04-07,517,32762,56,9839,410,21841,51,1082,350,7168,165,13311,401,20479,California
Lake,2021-04-08,598,33360,485,10324,46,21887,67,1149,102,6844,493,13804,169,20648,California
Lake,2021-04-09,283,33643,44,10368,170,22057,69,1218,49,6731,231,14035,118,20766,California
Lake,2021-04-10,253,33896,15,10383,14,22071,224,1442,11,6724,242,14277,235,21001,California
Lake,2021-04-11,22,33918,17,10400,3,22074,2,1444,7,6718,15,14292,9,21010,California
Lake,2021-04-12,1068,34986,231,10631,804,22878,33,1477,248,6180,819,15111,281,21291,California
Lake,2021-04-13,180,35166,109,10740,71,22949,0,1477,53,6106,127,15238,53,21344,California
Lake,2021-04-14,608,35774,37,10777,571,23520,0,1477,547,6592,61,15299,547,21891,California
Lake,2021-04-15,636,36410,189,10966,447,23967,0,1477,328,6612,308,15607,328,22219,California
Lake,2021-04-16,259,36669,25,10991,233,24200,1,1478,69,6493,189,15796,70,22289,California
Lake,2021-04-17,39,36708,11,11002,28,24228,0,1478,29,6512,10,15806,29,22318,California
Lake,2021-04-18,8,36716,5,11007,3,24231,0,1478,0,6504,8,15814,0,22318,California
Lake,2021-04-19,295,37011,39,11046,256,24487,0,1478,245,6699,50,15864,245,22563,California
Lake,2021-04-20,691,37702,277,11323,414,24901,0,1478,112,6234,578,16442,113,22676,California
Lake,2021-04-21,533,38235,63,11386,470,25371,0,1478,204,6110,328,16770,204,22880,California
Lake,2021-04-22,458,38693,48,11434,410,25781,0,1478,313,6279,144,16914,313,23193,California
Lake,2021-04-23,113,38806,57,11491,56,25837,0,1478,67,6300,46,16960,67,23260,California
Lake,2021-04-24,53,38859,9,11500,44,25881,0,1478,39,6325,14,16974,39,23299,California
Lake,2021-04-25,36,38895,19,11519,17,25898,0,1478,23,6335,13,16987,23,23322,California
Lake,2021-04-26,276,39171,73,11592,202,26100,1,1479,79,6218,197,17184,80,23402,California
Lake,2021-04-27,228,39399,21,11613,189,26289,18,1497,75,6158,153,17337,93,23495,California
Lake,2021-04-28,445,39844,45,11658,389,26678,11,1508,103,5932,339,17676,113,23608,California
Lake,2021-04-29,169,40013,67,11725,88,26766,14,1522,89,5956,79,17755,103,23711,California
Lake,2021-04-30,259,40272,46,11771,194,26960,19,1541,130,5976,129,17884,149,23860,California
Lake,2021-05-01,49,40321,28,11799,19,26979,2,1543,34,5997,15,17899,36,23896,California
Lake,2021-05-02,21,40342,9,11808,9,26988,3,1546,10,5999,11,17910,13,23909,California
Lake,2021-05-03,374,40716,12,11820,331,27319,31,1577,62,5781,311,18221,93,24002,California
Lake,2021-05-04,344,41060,199,12019,107,27426,38,1615,99,5674,244,18465,137,24139,California
Lake,2021-05-05,496,41556,35,12054,455,27881,6,1621,51,5286,445,18910,57,24196,California
Lassen,2020-12-16,8,8,8,8,0,0,0,0,8,8,0,0,8,8,California
Lassen,2020-12-17,6,14,6,14,0,0,0,0,6,14,0,0,6,14,California
Lassen,2020-12-18,1,15,1,15,0,0,0,0,1,15,0,0,1,15,California
Lassen,2020-12-19,5,20,5,20,0,0,0,0,5,20,0,0,5,20,California
Lassen,2020-12-20,2,22,2,22,0,0,0,0,2,22,0,0,2,22,California
Lassen,2020-12-21,11,33,11,33,0,0,0,0,11,33,0,0,11,33,California
Lassen,2020-12-22,23,56,23,56,0,0,0,0,23,56,0,0,23,56,California
Lassen,2020-12-23,6,62,6,62,0,0,0,0,6,62,0,0,6,62,California
Lassen,2020-12-24,11,73,11,73,0,0,0,0,11,73,0,0,11,73,California
Lassen,2020-12-28,3,76,2,75,1,1,0,0,3,76,0,0,3,76,California
Lassen,2020-12-29,35,111,35,110,0,1,0,0,35,111,0,0,35,111,California
Lassen,2020-12-30,37,148,36,146,1,2,0,0,37,148,0,0,37,148,California
Lassen,2020-12-31,49,197,42,188,7,9,0,0,49,197,0,0,49,197,California
Lassen,2021-01-02,1,198,0,188,1,10,0,0,1,198,0,0,1,198,California
Lassen,2021-01-04,15,213,1,189,14,24,0,0,15,213,0,0,15,213,California
Lassen,2021-01-05,194,407,53,242,141,165,0,0,194,407,0,0,194,407,California
Lassen,2021-01-06,95,502,44,286,51,216,0,0,87,487,8,8,88,495,California
Lassen,2021-01-07,43,545,7,293,36,252,0,0,37,518,6,14,37,532,California
Lassen,2021-01-08,50,595,2,295,48,300,0,0,50,568,0,14,50,582,California
Lassen,2021-01-09,12,607,6,301,6,306,0,0,12,580,0,14,12,594,California
Lassen,2021-01-11,27,634,5,306,22,328,0,0,27,607,0,14,27,621,California
Lassen,2021-01-12,49,683,29,335,20,348,0,0,30,618,19,33,30,651,California
Lassen,2021-01-13,161,844,18,353,143,491,0,0,146,749,15,48,146,797,California
Lassen,2021-01-14,163,1007,18,371,145,636,0,0,151,888,12,60,151,948,California
Lassen,2021-01-15,33,1040,6,377,27,663,0,0,33,921,0,60,33,981,California
Lassen,2021-01-16,34,1074,33,410,1,664,0,0,34,955,0,60,34,1015,California
Lassen,2021-01-17,1,1075,0,410,1,665,0,0,1,956,0,60,1,1016,California
Lassen,2021-01-18,5,1080,2,412,3,668,0,0,4,959,1,61,4,1020,California
Lassen,2021-01-19,185,1265,36,448,149,817,0,0,157,1088,28,89,157,1177,California
Lassen,2021-01-20,189,1454,101,549,88,905,0,0,105,1124,69,158,105,1282,California
Lassen,2021-01-21,145,1599,93,642,52,957,0,0,121,1227,18,176,121,1403,California
Lassen,2021-01-22,31,1630,18,660,13,970,0,0,21,1238,10,186,21,1424,California
Lassen,2021-01-23,2,1632,0,660,2,972,0,0,2,1240,0,186,2,1426,California
Lassen,2021-01-24,1,1633,0,660,1,973,0,0,1,1241,0,186,1,1427,California
Lassen,2021-01-25,11,1644,0,660,11,984,0,0,11,1252,0,186,11,1438,California
Lassen,2021-01-26,126,1770,12,672,114,1098,0,0,122,1370,4,190,122,1560,California
Lassen,2021-01-27,87,1857,35,707,52,1150,0,0,69,1421,18,208,69,1629,California
Lassen,2021-01-28,85,1942,14,721,71,1221,0,0,84,1504,1,209,84,1713,California
Lassen,2021-01-29,23,1965,7,728,16,1237,0,0,22,1525,1,210,22,1735,California
Lassen,2021-02-01,62,2027,4,732,58,1295,0,0,36,1535,26,236,36,1771,California
Lassen,2021-02-02,177,2204,12,744,165,1460,0,0,44,1446,133,369,44,1815,California
Lassen,2021-02-03,96,2300,21,765,75,1535,0,0,51,1452,45,414,51,1866,California
Lassen,2021-02-04,112,2412,15,780,97,1632,0,0,63,1466,49,463,63,1929,California
Lassen,2021-02-05,65,2477,12,792,53,1685,0,0,23,1447,42,505,23,1952,California
Lassen,2021-02-06,69,2546,34,826,35,1720,0,0,36,1451,32,537,36,1988,California
Lassen,2021-02-07,2,2548,2,828,0,1720,0,0,2,1453,0,537,2,1990,California
Lassen,2021-02-08,43,2591,4,832,39,1759,0,0,18,1446,25,562,18,2008,California
Lassen,2021-02-09,129,2720,8,840,121,1880,0,0,50,1417,79,641,50,2058,California
Lassen,2021-02-10,183,2903,21,861,162,2042,0,0,75,1384,108,749,75,2133,California
Lassen,2021-02-11,184,3087,16,877,168,2210,0,0,80,1361,103,852,80,2213,California
Lassen,2021-02-12,42,3129,11,888,31,2241,0,0,14,1347,28,880,14,2227,California
Lassen,2021-02-13,12,3141,3,891,9,2250,0,0,10,1355,2,882,10,2237,California
Lassen,2021-02-14,13,3154,0,891,13,2263,0,0,12,1366,1,883,12,2249,California
Lassen,2021-02-15,21,3175,2,893,19,2282,0,0,17,1379,4,887,17,2266,California
Lassen,2021-02-16,192,3367,4,897,188,2470,0,0,31,1251,159,1046,31,2297,California
Lassen,2021-02-17,184,3551,94,991,90,2560,0,0,11,1089,173,1219,11,2308,California
Lassen,2021-02-18,80,3631,22,1013,58,2618,0,0,20,1049,60,1279,20,2328,California
Lassen,2021-02-19,82,3713,62,1075,20,2638,0,0,18,1003,64,1343,18,2346,California
Lassen,2021-02-20,8,3721,0,1075,8,2646,0,0,6,1007,2,1345,6,2352,California
Lassen,2021-02-21,22,3743,2,1077,20,2666,0,0,18,1021,4,1349,18,2370,California
Lassen,2021-02-22,24,3767,9,1086,15,2681,0,0,6,1009,18,1367,6,2376,California
Lassen,2021-02-23,153,3920,10,1096,143,2824,0,0,41,938,112,1479,41,2417,California
Lassen,2021-02-24,166,4086,17,1113,149,2973,0,0,108,989,57,1536,108,2525,California
Lassen,2021-02-25,156,4242,19,1132,137,3110,0,0,99,1031,57,1593,99,2624,California
Lassen,2021-02-26,73,4315,16,1148,57,3167,0,0,36,1030,37,1630,36,2660,California
Lassen,2021-02-27,8,4323,7,1155,1,3168,0,0,3,1028,5,1635,3,2663,California
Lassen,2021-02-28,6,4329,1,1156,5,3173,0,0,3,1028,3,1638,3,2666,California
Lassen,2021-03-01,41,4370,4,1160,37,3210,0,0,8,1003,33,1671,8,2674,California
Lassen,2021-03-02,106,4476,8,1168,98,3308,0,0,80,1057,26,1697,80,2754,California
Lassen,2021-03-03,170,4646,12,1180,158,3466,0,0,113,1113,57,1754,113,2867,California
Lassen,2021-03-04,150,4796,17,1197,133,3599,0,0,100,1164,49,1803,100,2967,California
Lassen,2021-03-05,47,4843,7,1204,17,3616,23,23,11,1162,36,1839,34,3001,California
Lassen,2021-03-06,56,4899,5,1209,29,3645,22,45,6,1140,50,1889,28,3029,California
Lassen,2021-03-07,56,4955,1,1210,0,3645,55,100,1,1141,55,1944,56,3085,California
Lassen,2021-03-08,90,5045,2,1212,8,3653,80,180,3,1138,86,2030,83,3168,California
Lassen,2021-03-09,137,5182,11,1223,109,3762,17,197,88,1195,49,2079,106,3274,California
Lassen,2021-03-10,173,5355,10,1233,162,3924,1,198,79,1182,93,2172,80,3354,California
Lassen,2021-03-11,185,5540,16,1249,162,4086,7,205,113,1233,69,2241,120,3474,California
Lassen,2021-03-12,35,5575,18,1267,13,4099,4,209,12,1226,23,2264,16,3490,California
Lassen,2021-03-13,49,5624,0,1267,3,4102,46,255,1,1224,48,2312,46,3536,California
Lassen,2021-03-14,14,5638,2,1269,11,4113,1,256,2,1215,12,2324,3,3539,California
Lassen,2021-03-15,33,5671,2,1271,31,4144,0,256,16,1214,17,2341,16,3555,California
Lassen,2021-03-16,93,5764,2,1273,85,4229,6,262,74,1275,19,2360,80,3635,California
Lassen,2021-03-17,1084,6848,9,1282,1070,5299,5,267,1064,2324,20,2380,1069,4704,California
Lassen,2021-03-18,96,6944,10,1292,85,5384,1,268,81,2391,15,2395,82,4786,California
Lassen,2021-03-19,17,6961,11,1303,2,5386,4,272,7,2392,10,2405,11,4797,California
Lassen,2021-03-20,29,6990,3,1306,23,5409,3,275,22,2410,7,2412,25,4822,California
Lassen,2021-03-21,34,7024,0,1306,34,5443,0,275,14,2405,19,2431,14,4836,California
Lassen,2021-03-22,57,7081,1,1307,56,5499,0,275,54,2456,3,2434,54,4890,California
Lassen,2021-03-23,119,7200,11,1318,107,5606,1,276,67,2472,52,2486,68,4958,California
Lassen,2021-03-24,213,7413,13,1331,199,5805,1,277,107,2475,105,2591,108,5066,California
Lassen,2021-03-25,153,7566,22,1353,131,5936,0,277,70,2462,83,2674,70,5136,California
Lassen,2021-03-26,78,7644,13,1366,26,5962,39,316,19,2461,59,2733,58,5194,California
Lassen,2021-03-27,20,7664,4,1370,1,5963,15,331,3,2462,17,2750,18,5212,California
Lassen,2021-03-28,18,7682,3,1373,5,5968,10,341,4,2462,14,2764,14,5226,California
Lassen,2021-03-29,52,7734,0,1373,27,5995,25,366,20,2476,31,2795,45,5271,California
Lassen,2021-03-30,198,7932,10,1383,163,6158,25,391,51,2405,147,2942,76,5347,California
Lassen,2021-03-31,146,8078,12,1395,112,6270,22,413,62,2405,84,3026,84,5431,California
Lassen,2021-04-01,166,8244,16,1411,131,6401,19,432,49,2357,116,3142,68,5499,California
Lassen,2021-04-02,29,8273,4,1415,3,6404,22,454,2,2354,27,3169,24,5523,California
Lassen,2021-04-03,12,8285,0,1415,2,6406,10,464,0,2352,12,3181,10,5533,California
Lassen,2021-04-04,7,8292,2,1417,0,6406,5,469,1,2352,6,3187,6,5539,California
Lassen,2021-04-05,23,8315,4,1421,12,6418,7,476,11,2359,11,3198,18,5557,California
Lassen,2021-04-06,184,8499,9,1430,145,6563,30,506,53,2311,131,3329,83,5640,California
Lassen,2021-04-07,136,8635,7,1437,92,6655,37,543,33,2280,103,3432,72,5712,California
Lassen,2021-04-08,169,8804,8,1445,105,6760,56,599,33,2237,132,3564,89,5801,California
Lassen,2021-04-09,52,8856,6,1451,11,6771,35,634,9,2238,42,3606,43,5844,California
Lassen,2021-04-10,9,8865,0,1451,2,6773,7,641,0,2237,8,3614,7,5851,California
Lassen,2021-04-11,5,8870,2,1453,0,6773,3,644,2,2239,3,3617,5,5856,California
Lassen,2021-04-12,31,8901,2,1455,16,6789,13,657,3,2227,28,3645,16,5872,California
Lassen,2021-04-13,129,9030,6,1461,123,6912,0,657,40,2179,88,3733,40,5912,California
Lassen,2021-04-14,987,10017,16,1477,971,7883,0,657,51,1295,935,4668,51,5963,California
Lassen,2021-04-15,147,10164,14,1491,133,8016,0,657,19,1186,128,4796,19,5982,California
Lassen,2021-04-16,11,10175,4,1495,7,8023,0,657,5,1185,6,4802,5,5987,California
Lassen,2021-04-17,24,10199,3,1498,21,8044,0,657,4,1169,20,4822,4,5991,California
Lassen,2021-04-18,5,10204,2,1500,3,8047,0,657,2,1168,3,4825,2,5993,California
Lassen,2021-04-19,33,10237,0,1500,33,8080,0,657,17,1169,16,4841,17,6010,California
Lassen,2021-04-20,138,10375,7,1507,131,8211,0,657,52,1135,86,4927,52,6062,California
Lassen,2021-04-21,163,10538,10,1517,153,8364,0,657,32,1038,129,5056,32,6094,California
Lassen,2021-04-22,102,10640,16,1533,86,8450,0,657,33,1002,69,5125,33,6127,California
Lassen,2021-04-23,28,10668,3,1536,25,8475,0,657,22,1018,6,5131,22,6149,California
Lassen,2021-04-24,10,10678,6,1542,4,8479,0,657,4,1016,6,5137,4,6153,California
Lassen,2021-04-25,5,10683,0,1542,4,8483,1,658,3,1018,2,5139,4,6157,California
Lassen,2021-04-26,40,10723,1,1543,35,8518,4,662,7,996,33,5172,11,6168,California
Lassen,2021-04-27,120,10843,10,1553,107,8625,3,665,68,1015,52,5224,71,6239,California
Lassen,2021-04-28,82,10925,8,1561,72,8697,2,667,29,993,53,5277,31,6270,California
Lassen,2021-04-29,51,10976,5,1566,43,8740,3,670,12,969,39,5316,15,6285,California
Lassen,2021-04-30,12,10988,7,1573,1,8741,4,674,3,967,9,5325,7,6292,California
Lassen,2021-05-01,2,10990,0,1573,2,8743,0,674,2,969,0,5325,2,6294,California
Lassen,2021-05-02,8,10998,4,1577,4,8747,0,674,5,971,3,5328,5,6299,California
Lassen,2021-05-03,18,11016,3,1580,10,8757,5,679,4,966,14,5342,9,6308,California
Lassen,2021-05-04,68,11084,3,1583,58,8815,7,686,18,941,50,5392,25,6333,California
Lassen,2021-05-05,64,11148,4,1587,57,8872,3,689,16,913,47,5439,19,6352,California
Los Angeles,2020-12-15,392,392,392,392,0,0,0,0,392,392,0,0,392,392,California
Los Angeles,2020-12-16,3364,3756,3364,3756,0,0,0,0,3364,3756,0,0,3364,3756,California
Los Angeles,2020-12-17,10234,13990,10234,13990,0,0,0,0,10235,13991,0,0,10235,13991,California
Los Angeles,2020-12-18,14519,28509,14495,28485,24,24,0,0,14519,28510,0,0,14519,28510,California
Los Angeles,2020-12-19,7227,35736,7219,35704,8,32,0,0,7228,35738,0,0,7228,35738,California
Los Angeles,2020-12-20,4591,40327,4584,40288,7,39,0,0,4594,40332,0,0,4594,40332,California
Los Angeles,2020-12-21,13684,54011,13670,53958,14,53,0,0,13685,54016,1,1,13685,54017,California
Los Angeles,2020-12-22,11522,65533,11141,65099,381,434,0,0,11523,65538,1,2,11523,65540,California
Los Angeles,2020-12-23,11885,77418,10131,75230,1754,2188,0,0,11886,77424,0,2,11886,77426,California
Los Angeles,2020-12-24,7019,84437,4250,79480,2769,4957,0,0,7022,84446,0,2,7022,84448,California
Los Angeles,2020-12-25,525,84962,419,79899,106,5063,0,0,525,84971,0,2,525,84973,California
Los Angeles,2020-12-26,2524,87486,2179,82078,345,5408,0,0,2524,87494,1,3,2524,87497,California
Los Angeles,2020-12-27,1756,89242,1027,83105,729,6137,0,0,1756,89250,0,3,1756,89253,California
Los Angeles,2020-12-28,10280,99522,6378,89483,3902,10039,0,0,10278,99527,1,4,10278,99531,California
Los Angeles,2020-12-29,11595,111117,6074,95557,5521,15560,0,0,11597,111124,0,4,11597,111128,California
Los Angeles,2020-12-30,14863,125980,8084,103641,6779,22339,0,0,14862,125986,0,4,14862,125990,California
Los Angeles,2020-12-31,7926,133906,2752,106393,5174,27513,0,0,7924,133908,2,6,7924,133914,California
Los Angeles,2021-01-01,993,134899,271,106664,722,28235,0,0,993,134901,0,6,993,134907,California
Los Angeles,2021-01-02,4459,139358,1654,108318,2805,31040,0,0,4459,139360,0,6,4459,139366,California
Los Angeles,2021-01-03,946,140304,212,108530,734,31774,0,0,945,140304,1,7,945,140311,California
Los Angeles,2021-01-04,12701,153005,4880,113410,7821,39595,0,0,12687,152988,3,10,12687,152998,California
Los Angeles,2021-01-05,16035,169040,7080,120490,8955,48550,0,0,14134,165251,1874,1884,14137,167135,California
Los Angeles,2021-01-06,22681,191721,12083,132573,10598,59148,0,0,17089,176822,5525,7409,17096,184231,California
Los Angeles,2021-01-07,29390,221111,15814,148387,13576,72724,0,0,18882,185255,10462,17871,18895,203126,California
Los Angeles,2021-01-08,33085,254196,17900,166287,15185,87909,0,0,20863,193931,12195,30066,20871,223997,California
Los Angeles,2021-01-09,12368,266564,7074,173361,5294,93203,0,0,7502,196575,4864,34930,7508,231505,California
Los Angeles,2021-01-10,4674,271238,3629,176990,1045,94248,0,0,1945,195792,2729,37659,1946,233451,California
Los Angeles,2021-01-11,25792,297030,16247,193237,9545,103793,0,0,14865,199749,10916,48575,14873,248324,California
Los Angeles,2021-01-12,29224,326254,16078,209315,13146,116939,0,0,19094,208740,10112,58687,19103,267427,California
Los Angeles,2021-01-13,29277,355531,15641,224956,13636,130575,0,0,20329,220142,8931,67618,20333,287760,California
Los Angeles,2021-01-14,29243,384774,12717,237673,16526,147101,0,0,23739,238405,5485,73103,23748,311508,California
Los Angeles,2021-01-15,33798,418572,12361,250034,21437,168538,0,0,30227,265093,3546,76649,30234,341742,California
Los Angeles,2021-01-16,17556,436128,4964,254998,12592,181130,0,0,15780,279109,1768,78417,15784,357526,California
Los Angeles,2021-01-17,5187,441315,2307,257305,2880,184010,0,0,4942,283809,244,78661,4944,362470,California
Los Angeles,2021-01-18,15582,456897,10061,267366,5521,189531,0,0,10876,289993,4694,83355,10878,373348,California
Los Angeles,2021-01-19,38448,495345,20565,287931,17883,207414,0,0,30657,312910,7750,91105,30667,404015,California
Los Angeles,2021-01-20,45752,541097,23909,311840,21843,229257,0,0,38268,343734,7454,98559,38278,442293,California
Los Angeles,2021-01-21,48712,589809,22453,334293,26259,255516,0,0,44443,383984,4207,102766,44457,486750,California
Los Angeles,2021-01-22,47878,637687,22232,356525,25646,281162,0,0,44465,425091,3368,106134,44475,531225,California
Los Angeles,2021-01-23,33958,671645,15710,372235,18248,299410,0,0,31907,454990,2019,108153,31918,563143,California
Los Angeles,2021-01-24,15736,687381,12213,384448,3523,302933,0,0,15187,469637,541,108694,15188,578331,California
Los Angeles,2021-01-25,38746,726127,16448,400896,22298,325231,0,0,30251,491438,8466,117160,30267,608598,California
Los Angeles,2021-01-26,49248,775375,24457,425353,24791,350022,0,0,41061,524366,8152,125312,41080,649678,California
Los Angeles,2021-01-27,48526,823901,25826,451179,22700,372722,0,0,39288,554569,9103,134415,39306,688984,California
Los Angeles,2021-01-28,48606,872507,23114,474293,25492,398214,0,0,40191,586480,8294,142709,40205,729189,California
Los Angeles,2021-01-29,49260,921767,25412,499705,23848,422062,0,0,39203,615996,9703,152412,39219,768408,California
Los Angeles,2021-01-30,30005,951772,15414,515119,14591,436653,0,0,25857,637786,4071,156483,25861,794269,California
Los Angeles,2021-01-31,13012,964784,10374,525493,2638,439291,0,0,12083,648957,916,157399,12087,806356,California
Los Angeles,2021-02-01,38026,1002810,16198,541691,21828,461119,0,0,27750,666472,10244,167643,27759,834115,California
Los Angeles,2021-02-02,44219,1047029,17894,559585,26325,487444,0,0,32041,686376,12140,179783,32044,866159,California
Los Angeles,2021-02-03,52109,1099138,19551,579136,32558,520002,0,0,37240,708988,14634,194417,37246,903405,California
Los Angeles,2021-02-04,57166,1156304,20698,599834,36468,556470,0,0,39058,730260,17801,212218,39073,942478,California
Los Angeles,2021-02-05,61161,1217465,21042,620876,40119,596589,0,0,39259,748041,21484,233702,39265,981743,California
Los Angeles,2021-02-06,35479,1252944,13290,634166,22189,618778,0,0,27054,766765,8352,242054,27076,1008819,California
Los Angeles,2021-02-07,10814,1263758,8393,642559,2421,621199,0,0,8415,772803,2383,244437,8421,1017240,California
Los Angeles,2021-02-08,46710,1310468,21486,664045,25224,646423,0,0,30555,787341,16019,260456,30557,1047797,California
Los Angeles,2021-02-09,55720,1366188,24587,688632,31133,677556,0,0,28360,788421,27287,287743,28367,1076164,California
Los Angeles,2021-02-10,66882,1433070,29406,718038,37476,715032,0,0,30821,783565,35686,323429,30830,1106994,California
Los Angeles,2021-02-11,57957,1491027,30851,748889,27106,742138,0,0,27988,782027,29530,352959,27992,1134986,California
Los Angeles,2021-02-12,59502,1550529,29784,778673,29718,771856,0,0,25954,774787,33210,386169,25970,1160956,California
Los Angeles,2021-02-13,33782,1584311,19608,798281,14174,786030,0,0,15456,772038,18242,404411,15493,1176449,California
Los Angeles,2021-02-14,21881,1606192,14969,813250,6912,792942,0,0,8780,767780,13041,417452,8783,1185232,California
Los Angeles,2021-02-15,32431,1638623,15854,829104,16577,809519,0,0,17789,770994,14581,432033,17795,1203027,California
Los Angeles,2021-02-16,63956,1702579,32495,861599,31461,840980,0,0,29834,766803,34037,466070,29846,1232873,California
Los Angeles,2021-02-17,64430,1767009,34277,895876,30153,871133,0,0,26395,755338,37866,503936,26401,1259274,California
Los Angeles,2021-02-18,68256,1835265,34706,930582,33550,904683,0,0,28604,744474,39478,543414,28614,1287888,California
Los Angeles,2021-02-19,58072,1893337,35895,966477,22177,926860,0,0,28489,743491,29486,572900,28503,1316391,California
Los Angeles,2021-02-20,32756,1926093,23855,990332,8901,935761,0,0,15758,742304,16954,589854,15767,1332158,California
Los Angeles,2021-02-21,16701,1942794,15045,1005377,1656,937417,0,0,8500,742641,8166,598020,8503,1340661,California
Los Angeles,2021-02-22,34295,1977089,24970,1030347,9325,946742,0,0,17731,743892,16492,614512,17743,1358404,California
Los Angeles,2021-02-23,53640,2030729,22767,1053114,30873,977615,0,0,21133,732632,32404,646916,21144,1379548,California
Los Angeles,2021-02-24,64195,2094924,28355,1081469,35840,1013455,0,0,28286,725189,35746,682662,28303,1407851,California
Los Angeles,2021-02-25,73493,2168417,33731,1115200,39762,1053217,0,0,38575,729013,34763,717425,38587,1446438,California
Los Angeles,2021-02-26,82750,2251167,38589,1153789,44161,1097378,0,0,47355,741231,35165,752590,47383,1493821,California
Los Angeles,2021-02-27,58605,2309772,24947,1178736,33654,1131032,4,4,29958,742711,28506,781096,29986,1523807,California
Los Angeles,2021-02-28,26802,2336574,18493,1197229,8308,1139340,1,5,18857,753729,7847,788943,18865,1542672,California
Los Angeles,2021-03-01,55554,2392128,31138,1228367,24400,1163740,16,21,33683,765730,21713,810656,33714,1576386,California
Los Angeles,2021-03-02,70965,2463093,31475,1259842,39488,1203228,2,23,43381,781659,27464,838120,43393,1619779,California
Los Angeles,2021-03-03,82726,2545819,41608,1301450,41108,1244336,10,33,52012,803145,30558,868678,52044,1671823,California
Los Angeles,2021-03-04,89596,2635415,45734,1347184,43852,1288188,10,43,56551,826854,32870,901548,56579,1728402,California
Los Angeles,2021-03-05,87607,2723022,42650,1389834,44931,1333119,26,69,58397,856276,29034,930582,58456,1786858,California
Los Angeles,2021-03-06,66147,2789169,33260,1423094,31073,1364192,1814,1883,42604,877293,23406,953988,44423,1831281,California
Los Angeles,2021-03-07,25676,2814845,19298,1442392,5578,1369770,800,2683,19790,892020,5861,959849,20588,1851869,California
Los Angeles,2021-03-08,51367,2866212,26675,1469067,22749,1392519,1943,4626,38625,919938,12647,972496,40565,1892434,California
Los Angeles,2021-03-09,68914,2935126,26431,1495498,39211,1431730,3272,7898,41178,936792,27588,1000084,44442,1936876,California
Los Angeles,2021-03-10,78911,3014037,37321,1532819,36944,1468674,4646,12544,49584,961813,29175,1029259,54196,1991072,California
Los Angeles,2021-03-11,91843,3105880,44792,1577611,40605,1509279,6446,18990,53901,984358,37768,1067027,60313,2051385,California
Los Angeles,2021-03-12,96667,3202547,42844,1620455,40072,1549351,13751,32741,56153,1013880,40336,1107363,69858,2121243,California
Los Angeles,2021-03-13,73940,3276487,34376,1654831,27663,1577014,11901,44642,43976,1039853,29860,1137223,55833,2177076,California
Los Angeles,2021-03-14,38037,3314524,25414,1680245,10207,1587221,2416,47058,25503,1055281,12473,1149696,27901,2204977,California
Los Angeles,2021-03-15,73473,3387997,35530,1715775,32606,1619827,5337,52395,44835,1076978,28455,1178151,50152,2255129,California
Los Angeles,2021-03-16,98279,3486276,42464,1758239,50054,1669881,5761,58156,64207,1113025,33892,1212043,69939,2325068,California
Los Angeles,2021-03-17,95195,3581471,42798,1801037,44205,1714086,8192,66348,63963,1154029,31045,1243088,72049,2397117,California
Los Angeles,2021-03-18,99866,3681337,47236,1848273,47446,1761532,5184,71532,63706,1187012,35897,1278985,68880,2465997,California
Los Angeles,2021-03-19,106388,3787725,55094,1903367,46624,1808156,4670,76202,66143,1217785,39992,1318977,70765,2536762,California
Los Angeles,2021-03-20,74978,3862703,36566,1939933,33902,1842058,4510,80712,51984,1251433,22831,1341808,56479,2593241,California
Los Angeles,2021-03-21,33556,3896259,24767,1964700,7946,1850004,843,81555,21793,1262408,11660,1353468,22635,2615876,California
Los Angeles,2021-03-22,67929,3964188,40207,2004907,25724,1875728,1998,83553,48386,1293459,19329,1372797,50380,2666256,California
Los Angeles,2021-03-23,93601,4057789,50555,2055462,40125,1915853,2921,86474,62069,1327134,31305,1404102,64980,2731236,California
Los Angeles,2021-03-24,102124,4159913,54255,2109717,45001,1960854,2868,89342,60553,1349258,41285,1445387,63409,2794645,California
Los Angeles,2021-03-25,107409,4267322,57481,2167198,46270,2007124,3658,93000,61656,1369066,45495,1490882,65303,2859948,California
Los Angeles,2021-03-26,111824,4379146,60938,2228136,46796,2053920,4090,97090,63718,1388995,47860,1538742,67789,2927737,California
Los Angeles,2021-03-27,81322,4460468,42833,2270969,36372,2090292,2117,99207,42266,1394547,38830,1577572,44382,2972119,California
Los Angeles,2021-03-28,40841,4501309,27313,2298282,12945,2103237,583,99790,20765,1395912,19983,1597555,21348,2993467,California
Los Angeles,2021-03-29,81298,4582607,45903,2344185,33797,2137034,1598,101388,46621,1409628,34498,1632053,48214,3041681,California
Los Angeles,2021-03-30,106768,4689375,50300,2394485,50755,2187789,5713,107101,65528,1439813,41034,1673087,71219,3112900,California
Los Angeles,2021-03-31,119709,4809084,60142,2454627,51067,2238856,8500,115601,70102,1469007,49369,1722456,78563,3191463,California
Los Angeles,2021-04-01,130008,4939092,60694,2515321,54545,2293401,14769,130370,70826,1495621,58926,1781382,85540,3277003,California
Los Angeles,2021-04-02,127922,5067014,56521,2571842,56569,2349970,14832,145202,68906,1520616,58722,1840104,83717,3360720,California
Los Angeles,2021-04-03,95998,5163012,43796,2615638,39187,2389157,13015,158217,47716,1533177,48122,1888226,60683,3421403,California
Los Angeles,2021-04-04,38904,5201916,20339,2635977,11993,2401150,6572,164789,16693,1534268,22146,1910372,23237,3444640,California
Los Angeles,2021-04-05,92890,5294806,43952,2679929,38891,2440041,10047,174836,44759,1541059,47964,1958336,54755,3499395,California
Los Angeles,2021-04-06,119829,5414635,56418,2736347,43337,2483378,20074,194910,55652,1552735,63961,2022297,75637,3575032,California
Los Angeles,2021-04-07,118472,5533107,53916,2790263,43707,2527085,20849,215759,54217,1563676,64034,2086331,74975,3650007,California
Los Angeles,2021-04-08,131107,5664214,57807,2848070,49479,2576564,23821,239580,59811,1576166,71037,2157368,83527,3733534,California
Los Angeles,2021-04-09,129238,5793452,56030,2904100,49675,2626239,23533,263113,56157,1582929,72815,2230183,79578,3813112,California
Los Angeles,2021-04-10,100424,5893876,42682,2946782,33958,2660197,23784,286897,37250,1580914,62965,2293148,60950,3874062,California
Los Angeles,2021-04-11,41485,5935361,22449,2969231,9580,2669777,9456,296353,14457,1577827,26961,2320109,23874,3897936,California
Los Angeles,2021-04-12,78194,6013555,38328,3007559,33640,2703417,6226,302579,32663,1571327,45349,2365458,38849,3936785,California
Los Angeles,2021-04-13,116685,6130240,58786,3066345,57478,2760895,421,303000,61841,1578952,54640,2420098,62265,3999050,California
Los Angeles,2021-04-14,116470,6246710,58731,3125076,57612,2818507,127,303127,63380,1589592,52860,2472958,63500,4062550,California
Los Angeles,2021-04-15,126758,6373468,68688,3193764,57902,2876409,168,303295,72285,1607798,54242,2527200,72448,4134998,California
Los Angeles,2021-04-16,127657,6501125,67964,3261728,59550,2935959,143,303438,67470,1615467,59946,2587146,67615,4202613,California
Los Angeles,2021-04-17,96441,6597566,50608,3312336,45808,2981767,25,303463,54976,1629190,41284,2628430,55007,4257620,California
Los Angeles,2021-04-18,33747,6631313,22384,3334720,11362,2993129,1,303464,18663,1632835,15025,2643455,18670,4276290,California
Los Angeles,2021-04-19,73915,6705228,39370,3374090,34522,3027651,23,303487,33161,1625424,40602,2684057,33191,4309481,California
Los Angeles,2021-04-20,100704,6805932,49303,3423393,51386,3079037,15,303502,50200,1625343,50297,2734354,50216,4359697,California
Los Angeles,2021-04-21,108131,6914063,51927,3475320,56015,3135052,189,303691,48280,1614233,59581,2793935,48471,4408168,California
Los Angeles,2021-04-22,113847,7027910,58688,3534008,55125,3190177,34,303725,50157,1600997,63432,2857367,50196,4458364,California
Los Angeles,2021-04-23,112536,7140446,61625,3595633,50895,3241072,16,303741,53710,1596159,58566,2915933,53728,4512092,California
Los Angeles,2021-04-24,87073,7227519,55904,3651537,31143,3272215,26,303767,48944,1607200,37933,2953866,48974,4561066,California
Los Angeles,2021-04-25,37715,7265234,25055,3676592,12655,3284870,5,303772,20403,1610384,17224,2971090,20408,4581474,California
Los Angeles,2021-04-26,66157,7331391,35429,3712021,30284,3315154,444,304216,33084,1611002,32903,3003993,33521,4614995,California
Los Angeles,2021-04-27,83569,7414960,40148,3752169,41752,3356906,1669,305885,31821,1592968,51517,3055510,33483,4648478,California
Los Angeles,2021-04-28,81597,7496557,39193,3791362,40431,3397337,1973,307858,31607,1576798,49744,3105254,33574,4682052,California
Los Angeles,2021-04-29,78904,7575461,39009,3830371,38149,3435486,1746,309604,28641,1557197,49989,3155243,30388,4712440,California
Los Angeles,2021-04-30,92538,7667999,45979,3876350,44369,3479855,2190,311794,33904,1534971,58314,3213557,36088,4748528,California
Los Angeles,2021-05-01,72721,7740720,40767,3917117,30691,3510546,1263,313057,27612,1518938,44907,3258464,28874,4777402,California
Los Angeles,2021-05-02,26443,7767163,16644,3933761,9097,3519643,702,313759,9664,1512619,16684,3275148,10365,4787767,California
Los Angeles,2021-05-03,37835,7804998,16691,3950452,19771,3539414,1373,315132,14396,1505093,23290,3298438,15764,4803531,California
Los Angeles,2021-05-04,61470,7866468,34091,3984543,26158,3565572,1221,316353,18357,1481761,42900,3341338,19568,4823099,California
Los Angeles,2021-05-05,43754,7910222,31321,4015864,11273,3576845,1160,317513,9622,1458554,33981,3375319,10774,4833873,California
Madera,2020-12-16,22,22,22,22,0,0,0,0,22,22,0,0,22,22,California
Madera,2020-12-17,13,35,13,35,0,0,0,0,13,35,0,0,13,35,California
Madera,2020-12-18,61,96,61,96,0,0,0,0,60,95,0,0,60,95,California
Madera,2020-12-19,5,101,5,101,0,0,0,0,5,100,0,0,5,100,California
Madera,2020-12-20,14,115,14,115,0,0,0,0,14,114,0,0,14,114,California
Madera,2020-12-21,60,175,60,175,0,0,0,0,60,174,0,0,60,174,California
Madera,2020-12-22,97,272,95,270,2,2,0,0,97,271,0,0,97,271,California
Madera,2020-12-23,68,340,68,338,0,2,0,0,68,339,0,0,68,339,California
Madera,2020-12-24,45,385,40,378,5,7,0,0,45,384,0,0,45,384,California
Madera,2020-12-26,28,413,26,404,2,9,0,0,28,412,0,0,28,412,California
Madera,2020-12-27,30,443,12,416,18,27,0,0,30,442,0,0,30,442,California
Madera,2020-12-28,107,550,37,453,70,97,0,0,107,549,0,0,107,549,California
Madera,2020-12-29,175,725,40,493,135,232,0,0,175,724,0,0,175,724,California
Madera,2020-12-30,218,943,86,579,132,364,0,0,218,942,0,0,218,942,California
Madera,2020-12-31,201,1144,80,659,121,485,0,0,201,1143,0,0,201,1143,California
Madera,2021-01-01,1,1145,1,660,0,485,0,0,1,1144,0,0,1,1144,California
Madera,2021-01-02,90,1235,34,694,56,541,0,0,90,1234,0,0,90,1234,California
Madera,2021-01-03,5,1240,5,699,0,541,0,0,5,1239,0,0,5,1239,California
Madera,2021-01-04,129,1369,65,764,64,605,0,0,129,1368,0,0,129,1368,California
Madera,2021-01-05,279,1648,143,907,136,741,0,0,275,1639,4,4,275,1643,California
Madera,2021-01-06,184,1832,27,934,157,898,0,0,164,1783,20,24,164,1807,California
Madera,2021-01-07,396,2228,113,1047,283,1181,0,0,374,2135,22,46,374,2181,California
Madera,2021-01-08,419,2647,72,1119,347,1528,0,0,364,2446,54,100,365,2546,California
Madera,2021-01-09,37,2684,14,1133,23,1551,0,0,28,2465,9,109,28,2574,California
Madera,2021-01-10,17,2701,14,1147,3,1554,0,0,5,2458,12,121,5,2579,California
Madera,2021-01-11,238,2939,190,1337,48,1602,0,0,195,2610,43,164,195,2774,California
Madera,2021-01-12,390,3329,157,1494,233,1835,0,0,284,2788,106,270,284,3058,California
Madera,2021-01-13,185,3514,91,1585,94,1929,0,0,129,2862,56,326,130,3188,California
Madera,2021-01-14,554,4068,82,1667,472,2401,0,0,520,3348,34,360,520,3708,California
Madera,2021-01-15,600,4668,160,1827,440,2841,0,0,579,3906,21,381,579,4287,California
Madera,2021-01-16,382,5050,47,1874,335,3176,0,0,353,4230,29,410,353,4640,California
Madera,2021-01-17,335,5385,15,1889,320,3496,0,0,331,4557,4,414,331,4971,California
Madera,2021-01-18,77,5462,61,1950,16,3512,0,0,58,4597,18,432,58,5029,California
Madera,2021-01-19,572,6034,135,2085,437,3949,0,0,545,5116,27,459,546,5575,California
Madera,2021-01-20,235,6269,80,2165,155,4104,0,0,207,5296,27,486,207,5782,California
Madera,2021-01-21,238,6507,131,2296,107,4211,0,0,205,5470,31,517,205,5987,California
Madera,2021-01-22,257,6764,83,2379,174,4385,0,0,243,5699,14,531,243,6230,California
Madera,2021-01-23,100,6864,52,2431,48,4433,0,0,76,5751,24,555,76,6306,California
Madera,2021-01-24,101,6965,82,2513,19,4452,0,0,78,5806,23,578,78,6384,California
Madera,2021-01-25,255,7220,124,2637,131,4583,0,0,141,5833,114,692,141,6525,California
Madera,2021-01-26,483,7703,189,2826,294,4877,0,0,293,5939,189,881,295,6820,California
Madera,2021-01-27,736,8439,63,2889,673,5550,0,0,600,6404,136,1017,601,7421,California
Madera,2021-01-28,541,8980,106,2995,435,5985,0,0,438,6739,103,1120,438,7859,California
Madera,2021-01-29,468,9448,95,3090,373,6358,0,0,412,7095,56,1176,412,8271,California
Madera,2021-01-30,505,9953,16,3106,489,6847,0,0,451,7492,54,1230,451,8722,California
Madera,2021-01-31,9,9962,6,3112,3,6850,0,0,8,7499,1,1231,8,8730,California
Madera,2021-02-01,257,10219,73,3185,184,7034,0,0,197,7636,60,1291,197,8927,California
Madera,2021-02-02,252,10471,87,3272,165,7199,0,0,161,7708,90,1381,162,9089,California
Madera,2021-02-03,593,11064,459,3731,134,7333,0,0,474,8066,117,1498,475,9564,California
Madera,2021-02-04,388,11452,121,3852,267,7600,0,0,111,7902,276,1774,112,9676,California
Madera,2021-02-05,975,12427,297,4149,678,8278,0,0,369,7671,601,2375,370,10046,California
Madera,2021-02-06,360,12787,325,4474,35,8313,0,0,321,7954,38,2413,321,10367,California
Madera,2021-02-07,35,12822,7,4481,28,8341,0,0,30,7979,5,2418,30,10397,California
Madera,2021-02-08,384,13206,308,4789,76,8417,0,0,270,8136,113,2531,270,10667,California
Madera,2021-02-09,479,13685,119,4908,360,8777,0,0,197,8055,279,2810,198,10865,California
Madera,2021-02-10,428,14113,148,5056,280,9057,0,0,322,8271,106,2916,322,11187,California
Madera,2021-02-11,936,15049,307,5363,629,9686,0,0,407,8151,528,3444,408,11595,California
Madera,2021-02-12,843,15892,119,5482,724,10410,0,0,310,7937,527,3971,313,11908,California
Madera,2021-02-13,485,16377,44,5526,441,10851,0,0,139,7733,345,4316,141,12049,California
Madera,2021-02-14,399,16776,75,5601,324,11175,0,0,137,7609,262,4578,138,12187,California
Madera,2021-02-15,244,17020,98,5699,146,11321,0,0,175,7716,68,4646,175,12362,California
Madera,2021-02-16,775,17795,183,5882,592,11913,0,0,229,7403,543,5189,230,12592,California
Madera,2021-02-17,608,18403,273,6155,335,12248,0,0,338,7478,265,5454,340,12932,California
Madera,2021-02-18,1299,19702,540,6695,759,13007,0,0,1121,8423,178,5632,1123,14055,California
Madera,2021-02-19,861,20563,545,7240,316,13323,0,0,719,9002,142,5774,721,14776,California
Madera,2021-02-20,1069,21632,978,8218,91,13414,0,0,998,9931,70,5844,999,15775,California
Madera,2021-02-21,963,22595,820,9038,143,13557,0,0,958,10884,5,5849,958,16733,California
Madera,2021-02-22,908,23503,832,9870,76,13633,0,0,854,11684,54,5903,854,17587,California
Madera,2021-02-23,769,24272,496,10366,273,13906,0,0,549,12014,219,6122,549,18136,California
Madera,2021-02-24,906,25178,300,10666,606,14512,0,0,378,11864,528,6650,378,18514,California
Madera,2021-02-25,1016,26194,306,10972,710,15222,0,0,586,12022,428,7078,586,19100,California
Madera,2021-02-26,1073,27267,185,11157,888,16110,0,0,698,12347,373,7451,698,19798,California
Madera,2021-02-27,872,28139,245,11402,627,16737,0,0,449,12379,420,7871,452,20250,California
Madera,2021-02-28,189,28328,29,11431,160,16897,0,0,183,12556,6,7877,183,20433,California
Madera,2021-03-01,373,28701,119,11550,254,17151,0,0,193,12571,178,8055,193,20626,California
Madera,2021-03-02,651,29352,268,11818,383,17534,0,0,539,12999,112,8167,540,21166,California
Madera,2021-03-03,1322,30674,705,12523,617,18151,0,0,922,13548,397,8564,946,22112,California
Madera,2021-03-04,1177,31851,505,13028,672,18823,0,0,932,14237,246,8810,935,23047,California
Madera,2021-03-05,1328,33179,407,13435,908,19731,13,13,1063,15061,263,9073,1087,24134,California
Madera,2021-03-06,803,33982,622,14057,149,19880,32,45,484,15259,319,9392,517,24651,California
Madera,2021-03-07,153,34135,27,14084,104,19984,22,67,103,15334,50,9442,125,24776,California
Madera,2021-03-08,596,34731,335,14419,202,20186,59,126,303,15405,293,9735,364,25140,California
Madera,2021-03-09,455,35186,160,14579,261,20447,34,160,277,15548,176,9911,319,25459,California
Madera,2021-03-10,1132,36318,509,15088,546,20993,77,237,706,15910,422,10333,784,26243,California
Madera,2021-03-11,1659,37977,844,15932,483,21476,332,569,748,16092,909,11242,1091,27334,California
Madera,2021-03-12,1529,39506,777,16709,597,22073,155,724,751,16247,776,12018,931,28265,California
Madera,2021-03-13,1812,41318,1269,17978,345,22418,198,922,746,16143,1064,13082,960,29225,California
Madera,2021-03-14,581,41899,448,18426,101,22519,32,954,293,16182,286,13368,325,29550,California
Madera,2021-03-15,730,42629,214,18640,469,22988,47,1001,507,16541,220,13588,579,30129,California
Madera,2021-03-16,820,43449,421,19061,352,23340,47,1048,638,17064,179,13767,702,30831,California
Madera,2021-03-17,1413,44862,932,19993,419,23759,62,1110,860,17531,545,14312,1012,31843,California
Madera,2021-03-18,1873,46735,649,20642,1164,24923,60,1170,910,17629,956,15268,1054,32897,California
Madera,2021-03-19,1498,48233,587,21229,827,25750,84,1254,964,18213,528,15796,1112,34009,California
Madera,2021-03-20,1129,49362,772,22001,306,26056,51,1305,579,18340,549,16345,676,34685,California
Madera,2021-03-21,1073,50435,872,22873,156,26212,45,1350,357,18030,713,17058,403,35088,California
Madera,2021-03-22,1358,51793,852,23725,438,26650,68,1418,686,18157,669,17727,796,35884,California
Madera,2021-03-23,1396,53189,840,24565,465,27115,91,1509,737,18410,657,18384,910,36794,California
Madera,2021-03-24,905,54094,469,25034,405,27520,31,1540,600,18742,303,18687,635,37429,California
Madera,2021-03-25,1122,55216,488,25522,610,28130,24,1564,644,18956,467,19154,681,38110,California
Madera,2021-03-26,1441,56657,510,26032,799,28929,132,1696,675,19006,760,19914,810,38920,California
Madera,2021-03-27,830,57487,530,26562,279,29208,21,1717,373,18949,451,20365,394,39314,California
Madera,2021-03-28,419,57906,136,26698,222,29430,61,1778,229,19102,189,20554,342,39656,California
Madera,2021-03-29,678,58584,178,26876,473,29903,27,1805,488,19434,187,20741,519,40175,California
Madera,2021-03-30,1014,59598,561,27437,421,30324,32,1837,555,19566,456,21197,588,40763,California
Madera,2021-03-31,1319,60917,487,27924,697,31021,135,1972,447,19283,866,22063,583,41346,California
Madera,2021-04-01,1233,62150,537,28461,647,31668,49,2021,440,18982,788,22851,487,41833,California
Madera,2021-04-02,1526,63676,408,28869,1059,32727,59,2080,471,18469,1044,23895,531,42364,California
Madera,2021-04-03,875,64551,684,29553,171,32898,20,2100,382,18389,491,24386,411,42775,California
Madera,2021-04-04,184,64735,65,29618,117,33015,2,2102,85,18377,99,24485,87,42862,California
Madera,2021-04-05,735,65470,255,29873,422,33437,58,2160,341,18397,393,24878,413,43275,California
Madera,2021-04-06,1690,67160,879,30752,463,33900,348,2508,635,18325,1054,25932,982,44257,California
Madera,2021-04-07,1198,68358,372,31124,677,34577,149,2657,454,18193,740,26672,608,44865,California
Madera,2021-04-08,1697,70055,657,31781,784,35361,256,2913,571,17905,1121,27793,833,45698,California
Madera,2021-04-09,1608,71663,670,32451,790,36151,148,3061,938,18330,664,28457,1089,46787,California
Madera,2021-04-10,953,72616,678,33129,208,36359,67,3128,708,18860,246,28703,776,47563,California
Madera,2021-04-11,776,73392,629,33758,69,36428,78,3206,287,18736,487,29190,363,47926,California
Madera,2021-04-12,779,74171,266,34024,435,36863,78,3284,302,18640,477,29667,381,48307,California
Madera,2021-04-13,1234,75405,609,34633,584,37447,41,3325,732,18923,500,30167,783,49090,California
Madera,2021-04-14,1361,76766,837,35470,524,37971,0,3325,578,18723,784,30951,584,49674,California
Madera,2021-04-15,1111,77877,467,35937,643,38614,1,3326,443,18511,657,31608,445,50119,California
Madera,2021-04-16,1280,79157,518,36455,762,39376,0,3326,443,18128,827,32435,444,50563,California
Madera,2021-04-17,1265,80422,1065,37520,200,39576,0,3326,828,18519,437,32872,828,51391,California
Madera,2021-04-18,244,80666,207,37727,37,39613,0,3326,99,18474,144,33016,99,51490,California
Madera,2021-04-19,796,81462,232,37959,563,40176,1,3327,269,18223,521,33537,270,51760,California
Madera,2021-04-20,866,82328,424,38383,442,40618,0,3327,238,17838,625,34162,240,52000,California
Madera,2021-04-21,855,83183,448,38831,407,41025,0,3327,297,17582,555,34717,299,52299,California
Madera,2021-04-22,1054,84237,510,39341,544,41569,0,3327,392,17317,658,35375,393,52692,California
Madera,2021-04-23,938,85175,303,39644,634,42203,1,3328,327,17038,607,35982,328,53020,California
Madera,2021-04-24,703,85878,464,40108,239,42442,0,3328,284,16908,415,36397,285,53305,California
Madera,2021-04-25,264,86142,160,40268,101,42543,3,3331,118,16887,143,36540,122,53427,California
Madera,2021-04-26,503,86645,89,40357,409,42952,5,3336,103,16596,399,36939,108,53535,California
Madera,2021-04-27,554,87199,258,40615,275,43227,21,3357,295,16655,258,37197,317,53852,California
Madera,2021-04-28,446,87645,190,40805,240,43467,16,3373,222,16670,223,37420,238,54090,California
Madera,2021-04-29,467,88112,203,41008,235,43702,29,3402,229,16697,231,37651,258,54348,California
Madera,2021-04-30,860,88972,492,41500,355,44057,13,3415,225,16304,632,38283,239,54587,California
Madera,2021-05-01,943,89915,853,42353,77,44134,13,3428,379,16132,564,38847,392,54979,California
Madera,2021-05-02,383,90298,337,42690,40,44174,6,3434,144,16043,239,39086,150,55129,California
Madera,2021-05-03,380,90678,138,42828,221,44395,21,3455,74,15833,305,39391,95,55224,California
Madera,2021-05-04,757,91435,381,43209,341,44736,35,3490,176,15464,579,39970,210,55434,California
Madera,2021-05-05,760,92195,387,43596,325,45061,48,3538,183,15119,576,40546,231,55665,California
Marin,2020-12-15,2,2,2,2,0,0,0,0,2,2,0,0,2,2,California
Marin,2020-12-16,107,109,107,109,0,0,0,0,107,109,0,0,107,109,California
Marin,2020-12-17,260,369,260,369,0,0,0,0,260,369,0,0,260,369,California
Marin,2020-12-18,373,742,373,742,0,0,0,0,373,742,0,0,373,742,California
Marin,2020-12-19,349,1091,348,1090,1,1,0,0,349,1091,0,0,349,1091,California
Marin,2020-12-20,167,1258,166,1256,1,2,0,0,167,1258,0,0,167,1258,California
Marin,2020-12-21,238,1496,235,1491,3,5,0,0,238,1496,0,0,238,1496,California
Marin,2020-12-22,522,2018,318,1809,204,209,0,0,522,2018,0,0,522,2018,California
Marin,2020-12-23,730,2748,321,2130,409,618,0,0,730,2748,0,0,730,2748,California
Marin,2020-12-24,357,3105,159,2289,198,816,0,0,357,3105,0,0,357,3105,California
Marin,2020-12-25,27,3132,0,2289,27,843,0,0,27,3132,0,0,27,3132,California
Marin,2020-12-26,142,3274,93,2382,49,892,0,0,142,3274,0,0,142,3274,California
Marin,2020-12-27,92,3366,55,2437,37,929,0,0,92,3366,0,0,92,3366,California
Marin,2020-12-28,408,3774,99,2536,309,1238,0,0,408,3774,0,0,408,3774,California
Marin,2020-12-29,402,4176,88,2624,314,1552,0,0,402,4176,0,0,402,4176,California
Marin,2020-12-30,626,4802,388,3012,238,1790,0,0,626,4802,0,0,626,4802,California
Marin,2020-12-31,196,4998,33,3045,163,1953,0,0,196,4998,0,0,196,4998,California
Marin,2021-01-01,16,5014,6,3051,10,1963,0,0,16,5014,0,0,16,5014,California
Marin,2021-01-02,106,5120,100,3151,6,1969,0,0,106,5120,0,0,106,5120,California
Marin,2021-01-03,54,5174,36,3187,18,1987,0,0,51,5171,0,0,51,5171,California
Marin,2021-01-04,295,5469,191,3378,104,2091,0,0,294,5464,1,1,294,5465,California
Marin,2021-01-05,368,5837,222,3600,146,2237,0,0,325,5746,43,44,325,5790,California
Marin,2021-01-06,819,6656,318,3918,501,2738,0,0,641,6209,178,222,641,6431,California
Marin,2021-01-07,890,7546,502,4420,388,3126,0,0,544,6407,346,568,544,6975,California
Marin,2021-01-08,971,8517,515,4935,456,3582,0,0,594,6625,376,944,594,7569,California
Marin,2021-01-09,618,9135,223,5158,395,3977,0,0,486,6979,132,1076,486,8055,California
Marin,2021-01-10,129,9264,100,5258,29,4006,0,0,55,6960,74,1150,55,8110,California
Marin,2021-01-11,468,9732,326,5584,142,4148,0,0,248,6990,220,1370,250,8360,California
Marin,2021-01-12,936,10668,539,6123,397,4545,0,0,568,7193,365,1735,568,8928,California
Marin,2021-01-13,1175,11843,498,6621,677,5222,0,0,937,7892,238,1973,937,9865,California
Marin,2021-01-14,1068,12911,318,6939,750,5972,0,0,918,8662,148,2121,918,10783,California
Marin,2021-01-15,1154,14065,354,7293,800,6772,0,0,1024,9558,129,2250,1025,11808,California
Marin,2021-01-16,1120,15185,914,8207,206,6978,0,0,1046,10530,74,2324,1046,12854,California
Marin,2021-01-17,1232,16417,1113,9320,119,7097,0,0,1204,11710,27,2351,1207,14061,California
Marin,2021-01-18,360,16777,159,9479,201,7298,0,0,309,11968,51,2402,309,14370,California
Marin,2021-01-19,1156,17933,914,10393,242,7540,0,0,984,12781,171,2573,984,15354,California
Marin,2021-01-20,1790,19723,1208,11601,582,8122,0,0,1060,13122,719,3292,1060,16414,California
Marin,2021-01-21,1685,21408,1062,12663,623,8745,0,0,1332,14106,350,3642,1334,17748,California
Marin,2021-01-22,1699,23107,1088,13751,611,9356,0,0,1531,15469,168,3810,1531,19279,California
Marin,2021-01-23,1843,24950,1342,15093,501,9857,0,0,1755,17137,87,3897,1755,21034,California
Marin,2021-01-24,613,25563,166,15259,447,10304,0,0,581,17686,32,3929,581,21615,California
Marin,2021-01-25,1126,26689,227,15486,899,11203,0,0,692,17945,434,4363,693,22308,California
Marin,2021-01-26,1508,28197,786,16272,722,11925,0,0,1129,18696,378,4741,1129,23437,California
Marin,2021-01-27,1708,29905,880,17152,828,12753,0,0,1352,19695,354,5095,1353,24790,California
Marin,2021-01-28,2079,31984,1070,18222,1009,13762,0,0,1815,21248,263,5358,1816,26606,California
Marin,2021-01-29,2195,34179,1446,19668,749,14511,0,0,1991,23048,192,5550,1992,28598,California
Marin,2021-01-30,1720,35899,905,20573,815,15326,0,0,1642,24613,78,5628,1643,30241,California
Marin,2021-01-31,456,36355,319,20892,137,15463,0,0,430,25017,26,5654,430,30671,California
Marin,2021-02-01,1089,37444,417,21309,672,16135,0,0,890,25709,199,5853,891,31562,California
Marin,2021-02-02,1352,38796,462,21771,890,17025,0,0,723,25813,619,6472,723,32285,California
Marin,2021-02-03,1781,40577,429,22200,1352,18377,0,0,1256,26545,524,6996,1256,33541,California
Marin,2021-02-04,1540,42117,513,22713,1027,19404,0,0,937,26882,600,7596,937,34478,California
Marin,2021-02-05,2176,44293,682,23395,1494,20898,0,0,1338,27386,834,8430,1338,35816,California
Marin,2021-02-06,1425,45718,850,24245,575,21473,0,0,602,27166,822,9252,602,36418,California
Marin,2021-02-07,1290,47008,1008,25253,282,21755,0,0,489,26855,800,10052,489,36907,California
Marin,2021-02-08,1519,48527,754,26007,765,22520,0,0,726,26790,791,10843,726,37633,California
Marin,2021-02-09,1782,50309,1122,27129,660,23180,0,0,835,26678,947,11790,835,38468,California
Marin,2021-02-10,2337,52646,1491,28620,846,24026,0,0,1217,26778,1118,12908,1218,39686,California
Marin,2021-02-11,2869,55515,1645,30265,1224,25250,0,0,1453,26824,1410,14318,1456,41142,California
Marin,2021-02-12,3065,58580,1541,31806,1524,26774,0,0,1565,26892,1497,15815,1565,42707,California
Marin,2021-02-13,2334,60914,1243,33049,1091,27865,0,0,1127,26814,1205,17020,1127,43834,California
Marin,2021-02-14,811,61725,302,33351,509,28374,0,0,718,27440,93,17113,719,44553,California
Marin,2021-02-15,1216,62941,355,33706,861,29235,0,0,836,27898,379,17492,837,45390,California
Marin,2021-02-16,2461,65402,1055,34761,1406,30641,0,0,1502,28442,958,18450,1502,46892,California
Marin,2021-02-17,2098,67500,942,35703,1156,31797,0,0,1085,28517,1011,19461,1086,47978,California
Marin,2021-02-18,2418,69918,1582,37285,836,32633,0,0,1060,28220,1357,20818,1060,49038,California
Marin,2021-02-19,2762,72680,2159,39444,603,33236,0,0,1221,27913,1529,22347,1222,50260,California
Marin,2021-02-20,2565,75245,2112,41556,453,33689,0,0,1216,27788,1342,23689,1217,51477,California
Marin,2021-02-21,1282,76527,1090,42646,192,33881,0,0,908,28326,370,24059,908,52385,California
Marin,2021-02-22,1827,78354,1407,44053,420,34301,0,0,1215,28931,610,24669,1215,53600,California
Marin,2021-02-23,2835,81189,1616,45669,1219,35520,0,0,1907,29920,919,25588,1908,55508,California
Marin,2021-02-24,3511,84700,1608,47277,1903,37423,0,0,2252,30921,1252,26840,2253,57761,California
Marin,2021-02-25,3927,88627,1808,49085,2119,39542,0,0,2770,32542,1150,27990,2771,60532,California
Marin,2021-02-26,3490,92117,1887,50972,1603,41145,0,0,2532,34129,946,28936,2533,63065,California
Marin,2021-02-27,2608,94725,1495,52467,1113,42258,0,0,1775,35076,830,29766,1777,64842,California
Marin,2021-02-28,1378,96103,917,53384,461,42719,0,0,1042,35785,333,30099,1042,65884,California
Marin,2021-03-01,2485,98588,1543,54927,942,43661,0,0,1671,36648,808,30907,1671,67555,California
Marin,2021-03-02,2442,101030,1606,56533,835,44496,1,1,1690,37590,749,31656,1691,69246,California
Marin,2021-03-03,4315,105345,2398,58931,1914,46410,3,4,2795,38873,1515,33171,2798,72044,California
Marin,2021-03-04,3349,108694,1652,60583,1696,48106,1,5,2335,40205,1007,34178,2339,74383,California
Marin,2021-03-05,3034,111728,1140,61723,1882,49988,12,17,1781,40748,1250,35428,1793,76176,California
Marin,2021-03-06,3227,114955,2315,64038,834,50822,78,95,2654,42911,568,35996,2731,78907,California
Marin,2021-03-07,1371,116326,1153,65191,194,51016,24,119,981,43530,386,36382,1005,79912,California
Marin,2021-03-08,1873,118199,1368,66559,388,51404,117,236,1408,44593,462,36844,1525,81437,California
Marin,2021-03-09,2101,120300,1218,67777,776,52180,107,343,1427,45455,672,37516,1534,82971,California
Marin,2021-03-10,4398,124698,2459,70236,1659,53839,280,623,3172,47687,1222,38738,3454,86425,California
Marin,2021-03-11,4567,129265,1877,72113,2555,56394,135,758,3275,49812,1285,40023,3410,89835,California
Marin,2021-03-12,3978,133243,1540,73653,2082,58476,356,1114,1566,49333,2401,42424,1922,91757,California
Marin,2021-03-13,4092,137335,2857,76510,1163,59639,72,1186,2419,50148,1671,44095,2486,94243,California
Marin,2021-03-14,2273,139608,1096,77606,1060,60699,117,1303,726,49446,1545,45640,843,95086,California
Marin,2021-03-15,3229,142837,1762,79368,1420,62119,47,1350,1218,48709,2001,47641,1264,96350,California
Marin,2021-03-16,4298,147135,2314,81682,1620,63739,364,1714,1523,47822,2772,50413,1885,98235,California
Marin,2021-03-17,4176,151311,2265,83947,1867,65606,44,1758,2056,47812,2109,52522,2099,100334,California
Marin,2021-03-18,4475,155786,2250,86197,2150,67756,75,1833,2243,47911,2217,54739,2316,102650,California
Marin,2021-03-19,4466,160252,2283,88480,1964,69720,219,2052,2430,48531,2028,56767,2648,105298,California
Marin,2021-03-20,3577,163829,1982,90462,1481,71201,114,2166,2035,49146,1535,58302,2150,107448,California
Marin,2021-03-21,1533,165362,1128,91590,380,71581,25,2191,799,49238,732,59034,824,108272,California
Marin,2021-03-22,2468,167830,2134,93724,169,71750,165,2356,993,48925,1471,60505,1158,109430,California
Marin,2021-03-23,4241,172071,2194,95918,1917,73667,130,2486,1935,48690,2300,62805,2065,111495,California
Marin,2021-03-24,4418,176489,2898,98816,1416,75083,104,2590,1798,47981,2609,65414,1900,113395,California
Marin,2021-03-25,4639,181128,2834,101650,1737,76820,68,2658,2267,47954,2360,67774,2333,115728,California
Marin,2021-03-26,4284,185412,2324,103974,1746,78566,214,2872,2419,48739,1848,69622,2633,118361,California
Marin,2021-03-27,3692,189104,2650,106624,1023,79589,19,2891,1145,47365,2537,72159,1163,119524,California
Marin,2021-03-28,2380,191484,1719,108343,655,80244,6,2897,1105,47207,1269,73428,1111,120635,California
Marin,2021-03-29,2690,194174,2095,110438,570,80814,25,2922,1188,46920,1500,74928,1213,121848,California
Marin,2021-03-30,4652,198826,3645,114083,974,81788,33,2955,3056,48416,1593,76521,3089,124937,California
Marin,2021-03-31,5795,204621,4108,118191,1638,83426,49,3004,2579,47839,3205,79726,2628,127565,California
Marin,2021-04-01,4395,209016,2270,120461,1874,85300,251,3255,2113,47928,2274,82000,2363,129928,California
Marin,2021-04-02,3691,212707,1834,122295,1494,86794,363,3618,1973,48549,1711,83711,2332,132260,California
Marin,2021-04-03,3836,216543,2520,124815,947,87741,369,3987,1465,48022,2361,86072,1834,134094,California
Marin,2021-04-04,1636,218179,1228,126043,204,87945,204,4191,1194,48980,440,86512,1398,135492,California
Marin,2021-04-05,2191,220370,1522,127565,298,88243,371,4562,1262,49688,923,87435,1631,137123,California
Marin,2021-04-06,3944,224314,2111,129676,1284,89527,549,5111,2193,50681,1746,89181,2739,139862,California
Marin,2021-04-07,3913,228227,1981,131657,1293,90820,639,5750,1427,50268,2479,91660,2066,141928,California
Marin,2021-04-08,4996,233223,1953,133610,2435,93255,608,6358,2279,50437,2708,94368,2877,144805,California
Marin,2021-04-09,3943,237166,1532,135142,1685,94940,726,7084,1292,49806,2646,97014,2015,146820,California
Marin,2021-04-10,3185,240351,1462,136604,1290,96230,433,7517,1435,49931,1740,98754,1865,148685,California
Marin,2021-04-11,1057,241408,802,137406,93,96323,162,7679,475,49986,581,99335,636,149321,California
Marin,2021-04-12,1731,243139,1230,138636,341,96664,160,7839,919,50257,809,100144,1080,150401,California
Marin,2021-04-13,3706,246845,2269,140905,1430,98094,7,7846,1344,49256,2352,102496,1351,151752,California
Marin,2021-04-14,4147,250992,2475,143380,1670,99764,2,7848,1701,48520,2438,104934,1702,153454,California
Marin,2021-04-15,5550,256542,3929,147309,1621,101385,0,7848,3178,49340,2359,107293,3179,156633,California
Marin,2021-04-16,4238,260780,2231,149540,2004,103389,3,7851,2062,49241,2164,109457,2065,158698,California
Marin,2021-04-17,3522,264302,2151,151691,1371,104760,0,7851,1759,49242,1758,111215,1759,160457,California
Marin,2021-04-18,3198,267500,3096,154787,102,104862,0,7851,2562,51171,633,111848,2562,163019,California
Marin,2021-04-19,2014,269514,1846,156633,168,105030,0,7851,1160,51482,851,112699,1162,164181,California
Marin,2021-04-20,3690,273204,2552,159185,1138,106168,0,7851,1476,50749,2209,114908,1476,165657,California
Marin,2021-04-21,3999,277203,2941,162126,1055,107223,3,7854,1375,49515,2610,117518,1376,167033,California
Marin,2021-04-22,4207,281410,3205,165331,1002,108225,0,7854,1485,48288,2715,120233,1488,168521,California
Marin,2021-04-23,3225,284635,1827,167158,1398,109623,0,7854,1237,47543,1983,122216,1238,169759,California
Marin,2021-04-24,2511,287146,1692,168850,818,110441,1,7855,924,46890,1578,123794,925,170684,California
Marin,2021-04-25,1388,288534,1271,170121,117,110558,0,7855,313,46133,1070,124864,313,170997,California
Marin,2021-04-26,1525,290059,1324,171445,198,110756,3,7858,342,45297,1182,126046,346,171343,California
Marin,2021-04-27,2921,292980,2138,173583,745,111501,38,7896,944,44308,1967,128013,978,172321,California
Marin,2021-04-28,2226,295206,1522,175105,661,112162,43,7939,689,43505,1534,129547,731,173052,California
Marin,2021-04-29,2491,297697,1683,176788,744,112906,64,8003,689,42462,1796,131343,753,173805,California
Marin,2021-04-30,1843,299540,1197,177985,559,113465,87,8090,671,42055,1166,132509,759,174564,California
Marin,2021-05-01,1801,301341,1006,178991,770,114235,25,8115,531,41349,1262,133771,556,175120,California
Marin,2021-05-02,706,302047,568,179559,109,114344,29,8144,200,41076,502,134273,229,175349,California
Marin,2021-05-03,878,302925,734,180293,118,114462,26,8170,149,40525,725,134998,174,175523,California
Marin,2021-05-04,2618,305543,1780,182073,777,115239,61,8231,394,38761,2218,137216,454,175977,California
Marin,2021-05-05,1584,307127,1292,183365,240,115479,52,8283,305,37842,1276,138492,357,176334,California
Mariposa,2020-12-17,37,37,37,37,0,0,0,0,39,39,0,0,39,39,California
Mariposa,2020-12-18,56,93,56,93,0,0,0,0,57,96,0,0,57,96,California
Mariposa,2020-12-20,2,95,2,95,0,0,0,0,2,98,0,0,2,98,California
Mariposa,2020-12-21,47,142,47,142,0,0,0,0,52,150,0,0,52,150,California
Mariposa,2020-12-22,5,147,5,147,0,0,0,0,5,155,0,0,5,155,California
Mariposa,2020-12-23,17,164,17,164,0,0,0,0,17,172,0,0,17,172,California
Mariposa,2020-12-24,1,165,0,164,1,1,0,0,0,172,0,0,0,172,California
Mariposa,2020-12-26,1,166,1,165,0,1,0,0,1,173,0,0,1,173,California
Mariposa,2020-12-27,1,167,0,165,1,2,0,0,1,174,0,0,1,174,California
Mariposa,2020-12-28,6,173,3,168,3,5,0,0,6,180,0,0,6,180,California
Mariposa,2020-12-29,33,206,3,171,30,35,0,0,33,213,0,0,33,213,California
Mariposa,2020-12-30,25,231,4,175,21,56,0,0,25,238,0,0,25,238,California
Mariposa,2020-12-31,16,247,0,175,16,72,0,0,16,254,0,0,16,254,California
Mariposa,2021-01-02,1,248,1,176,0,72,0,0,1,255,0,0,1,255,California
Mariposa,2021-01-04,8,256,1,177,7,79,0,0,8,263,0,0,8,263,California
Mariposa,2021-01-05,24,280,14,191,10,89,0,0,14,267,10,10,14,277,California
Mariposa,2021-01-06,6,286,3,194,3,92,0,0,3,267,3,13,3,280,California
Mariposa,2021-01-07,52,338,47,241,5,97,0,0,5,225,47,60,5,285,California
Mariposa,2021-01-08,108,446,79,320,29,126,0,0,33,183,75,135,33,318,California
Mariposa,2021-01-09,1,447,0,320,1,127,0,0,1,184,0,135,1,319,California
Mariposa,2021-01-11,31,478,10,330,21,148,0,0,23,199,8,143,23,342,California
Mariposa,2021-01-12,19,497,4,334,15,163,0,0,15,210,4,147,15,357,California
Mariposa,2021-01-13,21,518,4,338,17,180,0,0,18,225,3,150,18,375,California
Mariposa,2021-01-14,73,591,7,345,66,246,0,0,67,286,6,156,67,442,California
Mariposa,2021-01-15,66,657,26,371,40,286,0,0,56,332,10,166,56,498,California
Mariposa,2021-01-16,14,671,2,373,12,298,0,0,13,344,1,167,13,511,California
Mariposa,2021-01-17,2,673,0,373,2,300,0,0,2,346,0,167,2,513,California
Mariposa,2021-01-18,3,676,3,376,0,300,0,0,1,345,2,169,1,514,California
Mariposa,2021-01-19,8,684,4,380,4,304,0,0,5,348,2,171,5,519,California
Mariposa,2021-01-20,23,707,1,381,22,326,0,0,22,369,1,172,22,541,California
Mariposa,2021-01-21,64,771,7,388,57,383,0,0,60,425,4,176,60,601,California
Mariposa,2021-01-22,55,826,2,390,53,436,0,0,55,480,0,176,55,656,California
Mariposa,2021-01-23,116,942,2,392,114,550,0,0,115,594,1,177,115,771,California
Mariposa,2021-01-24,2,944,2,394,0,550,0,0,2,596,0,177,2,773,California
Mariposa,2021-01-25,4,948,1,395,3,553,0,0,0,592,4,181,0,773,California
Mariposa,2021-01-26,36,984,4,399,32,585,0,0,4,568,32,213,8,781,California
Mariposa,2021-01-27,22,1006,1,400,21,606,0,0,13,572,9,222,13,794,California
Mariposa,2021-01-28,126,1132,3,403,123,729,0,0,113,673,12,234,113,907,California
Mariposa,2021-01-29,84,1216,22,425,62,791,0,0,83,755,1,235,83,990,California
Mariposa,2021-01-30,9,1225,1,426,8,799,0,0,8,762,1,236,8,998,California
Mariposa,2021-01-31,1,1226,0,426,1,800,0,0,1,763,0,236,1,999,California
Mariposa,2021-02-01,87,1313,30,456,57,857,0,0,66,808,21,257,66,1065,California
Mariposa,2021-02-02,15,1328,3,459,12,869,0,0,9,811,6,263,9,1074,California
Mariposa,2021-02-03,20,1348,1,460,19,888,0,0,14,819,6,269,14,1088,California
Mariposa,2021-02-04,93,1441,8,468,85,973,0,0,88,904,4,273,89,1177,California
Mariposa,2021-02-05,188,1629,5,473,183,1156,0,0,162,1040,26,299,162,1339,California
Mariposa,2021-02-06,11,1640,4,477,7,1163,0,0,10,1049,1,300,10,1349,California
Mariposa,2021-02-08,40,1680,2,479,38,1201,0,0,21,1051,19,319,21,1370,California
Mariposa,2021-02-09,43,1723,25,504,18,1219,0,0,37,1082,6,325,37,1407,California
Mariposa,2021-02-10,28,1751,5,509,23,1242,0,0,17,1095,10,335,23,1430,California
Mariposa,2021-02-11,374,2125,5,514,369,1611,0,0,361,1445,13,348,363,1793,California
Mariposa,2021-02-12,184,2309,8,522,176,1787,0,0,141,1543,43,391,141,1934,California
Mariposa,2021-02-13,11,2320,3,525,8,1795,0,0,9,1550,2,393,9,1943,California
Mariposa,2021-02-14,8,2328,4,529,4,1799,0,0,5,1552,3,396,5,1948,California
Mariposa,2021-02-15,9,2337,3,532,6,1805,0,0,7,1557,2,398,7,1955,California
Mariposa,2021-02-16,57,2394,34,566,23,1828,0,0,34,1568,23,421,34,1989,California
Mariposa,2021-02-17,36,2430,8,574,28,1856,0,0,27,1588,8,429,28,2017,California
Mariposa,2021-02-18,56,2486,7,581,49,1905,0,0,20,1572,36,465,20,2037,California
Mariposa,2021-02-19,82,2568,3,584,79,1984,0,0,77,1644,5,470,77,2114,California
Mariposa,2021-02-20,251,2819,4,588,247,2231,0,0,222,1838,28,498,222,2336,California
Mariposa,2021-02-21,236,3055,3,591,233,2464,0,0,235,2072,1,499,235,2571,California
Mariposa,2021-02-22,24,3079,7,598,17,2481,0,0,21,2090,3,502,21,2592,California
Mariposa,2021-02-23,42,3121,36,634,6,2487,0,0,25,2098,17,519,25,2617,California
Mariposa,2021-02-24,20,3141,3,637,17,2504,0,0,8,2095,11,530,8,2625,California
Mariposa,2021-02-25,17,3158,8,645,9,2513,0,0,11,2100,6,536,11,2636,California
Mariposa,2021-02-26,420,3578,7,652,413,2926,0,0,359,2399,61,597,360,2996,California
Mariposa,2021-02-27,171,3749,5,657,166,3092,0,0,160,2548,11,608,160,3156,California
Mariposa,2021-02-28,2,3751,1,658,1,3093,0,0,0,2546,2,610,0,3156,California
Mariposa,2021-03-01,82,3833,26,684,56,3149,0,0,17,2499,64,674,17,3173,California
Mariposa,2021-03-02,21,3854,14,698,7,3156,0,0,11,2501,9,683,11,3184,California
Mariposa,2021-03-03,70,3924,5,703,65,3221,0,0,66,2564,4,687,67,3251,California
Mariposa,2021-03-04,34,3958,8,711,26,3247,0,0,20,2570,14,701,20,3271,California
Mariposa,2021-03-05,52,4010,9,720,43,3290,0,0,38,2599,14,715,43,3314,California
Mariposa,2021-03-06,15,4025,6,726,9,3299,0,0,7,2598,8,723,7,3321,California
Mariposa,2021-03-07,1,4026,1,727,0,3299,0,0,0,2597,1,724,0,3321,California
Mariposa,2021-03-08,38,4064,4,731,23,3322,11,11,9,2588,29,753,20,3341,California
Mariposa,2021-03-09,45,4109,18,749,17,3339,10,21,14,2581,31,784,24,3365,California
Mariposa,2021-03-10,29,4138,9,758,10,3349,10,31,9,2580,20,804,19,3384,California
Mariposa,2021-03-11,464,4602,6,764,440,3789,18,49,224,2586,239,1043,245,3629,California
Mariposa,2021-03-12,253,4855,7,771,219,4008,27,76,113,2585,140,1183,139,3768,California
Mariposa,2021-03-13,32,4887,6,777,11,4019,15,91,11,2589,21,1204,25,3793,California
Mariposa,2021-03-14,17,4904,2,779,4,4023,11,102,3,2589,14,1218,14,3807,California
Mariposa,2021-03-15,76,4980,7,786,31,4054,38,140,31,2613,45,1263,69,3876,California
Mariposa,2021-03-16,82,5062,32,818,15,4069,35,175,24,2614,58,1321,59,3935,California
Mariposa,2021-03-17,71,5133,10,828,53,4122,8,183,51,2654,19,1340,59,3994,California
Mariposa,2021-03-18,66,5199,15,843,41,4163,10,193,41,2680,25,1365,51,4045,California
Mariposa,2021-03-19,337,5536,9,852,323,4486,5,198,303,2954,34,1399,308,4353,California
Mariposa,2021-03-20,426,5962,5,857,419,4905,2,200,47,2625,379,1778,50,4403,California
Mariposa,2021-03-21,14,5976,8,865,5,4910,1,201,9,2631,4,1782,10,4413,California
Mariposa,2021-03-22,36,6012,7,872,21,4931,8,209,25,2654,11,1793,34,4447,California
Mariposa,2021-03-23,53,6065,33,905,10,4941,10,219,32,2675,21,1814,42,4489,California
Mariposa,2021-03-24,55,6120,5,910,48,4989,2,221,50,2722,5,1819,52,4541,California
Mariposa,2021-03-25,74,6194,16,926,50,5039,8,229,54,2764,20,1839,62,4603,California
Mariposa,2021-03-26,486,6680,9,935,476,5515,1,230,250,2779,236,2075,251,4854,California
Mariposa,2021-03-27,225,6905,8,943,217,5732,0,230,90,2736,135,2210,92,4946,California
Mariposa,2021-03-28,5,6910,0,943,2,5734,3,233,1,2736,4,2214,4,4950,California
Mariposa,2021-03-29,18,6928,5,948,13,5747,0,233,11,2740,7,2221,11,4961,California
Mariposa,2021-03-30,36,6964,13,961,7,5754,16,249,13,2746,23,2244,29,4990,California
Mariposa,2021-03-31,91,7055,16,977,68,5822,7,256,71,2804,20,2264,78,5068,California
Mariposa,2021-04-01,51,7106,9,986,34,5856,8,264,31,2823,20,2284,39,5107,California
Mariposa,2021-04-02,348,7454,11,997,335,6191,2,266,309,3096,38,2322,311,5418,California
Mariposa,2021-04-03,10,7464,7,1004,3,6194,0,266,5,3096,5,2327,5,5423,California
Mariposa,2021-04-04,2,7466,1,1005,0,6194,1,267,0,3095,2,2329,1,5424,California
Mariposa,2021-04-05,31,7497,23,1028,5,6199,3,270,15,3097,16,2345,18,5442,California
Mariposa,2021-04-06,44,7541,20,1048,8,6207,16,286,14,3098,29,2374,30,5472,California
Mariposa,2021-04-07,97,7638,6,1054,72,6279,19,305,28,3076,69,2443,47,5519,California
Mariposa,2021-04-08,274,7912,13,1067,242,6521,19,324,140,3104,132,2575,160,5679,California
Mariposa,2021-04-09,34,7946,9,1076,13,6534,12,336,10,3102,24,2599,22,5701,California
Mariposa,2021-04-10,200,8146,1,1077,189,6723,10,346,186,3284,13,2612,195,5896,California
Mariposa,2021-04-11,115,8261,4,1081,109,6832,2,348,48,3268,67,2679,51,5947,California
Mariposa,2021-04-12,37,8298,11,1092,24,6856,2,350,9,3251,28,2707,11,5958,California
Mariposa,2021-04-13,53,8351,45,1137,8,6864,0,350,34,3266,19,2726,34,5992,California
Mariposa,2021-04-14,112,8463,7,1144,105,6969,0,350,58,3271,53,2779,58,6050,California
Mariposa,2021-04-15,55,8518,17,1161,38,7007,0,350,40,3299,12,2791,40,6090,California
Mariposa,2021-04-16,384,8902,12,1173,372,7379,0,350,106,3127,278,3069,106,6196,California
Mariposa,2021-04-17,11,8913,6,1179,5,7384,0,350,8,3132,3,3072,8,6204,California
Mariposa,2021-04-18,6,8919,0,1179,6,7390,0,350,3,3132,3,3075,3,6207,California
Mariposa,2021-04-19,53,8972,23,1202,30,7420,0,350,28,3136,24,3099,28,6235,California
Mariposa,2021-04-20,63,9035,50,1252,13,7433,0,350,40,3156,20,3119,40,6275,California
Mariposa,2021-04-21,88,9123,12,1264,76,7509,0,350,40,3149,47,3166,40,6315,California
Mariposa,2021-04-22,44,9167,8,1272,36,7545,0,350,36,3178,7,3173,36,6351,California
Mariposa,2021-04-23,314,9481,69,1341,245,7790,0,350,145,3155,169,3342,146,6497,California
Mariposa,2021-04-24,105,9586,9,1350,96,7886,0,350,43,3137,61,3403,43,6540,California
Mariposa,2021-04-26,12,9598,9,1359,3,7889,0,350,2,3129,10,3413,2,6542,California
Mariposa,2021-04-27,29,9627,15,1374,13,7902,1,351,14,3133,11,3424,15,6557,California
Mariposa,2021-04-28,67,9694,13,1387,52,7954,2,353,27,3122,40,3464,29,6586,California
Mariposa,2021-04-29,42,9736,12,1399,29,7983,1,354,37,3155,5,3469,38,6624,California
Mariposa,2021-04-30,51,9787,4,1403,42,8025,5,359,39,3187,12,3481,44,6668,California
Mariposa,2021-05-02,2,9789,1,1404,0,8025,1,360,0,3186,2,3483,1,6669,California
Mariposa,2021-05-03,11,9800,10,1414,1,8026,0,360,6,3188,4,3487,6,6675,California
Mariposa,2021-05-04,48,9848,29,1443,15,8041,4,364,36,3216,12,3499,40,6715,California
Mariposa,2021-05-05,7,9855,1,1444,4,8045,2,366,2,3215,5,3504,4,6719,California
Mendocino,2020-12-17,70,70,70,70,0,0,0,0,70,70,0,0,70,70,California
Mendocino,2020-12-18,85,155,84,154,1,1,0,0,84,154,0,0,84,154,California
Mendocino,2020-12-19,4,159,4,158,0,1,0,0,4,158,0,0,4,158,California
Mendocino,2020-12-20,7,166,7,165,0,1,0,0,7,165,0,0,7,165,California
Mendocino,2020-12-21,241,407,241,406,0,1,0,0,77,242,0,0,77,242,California
Mendocino,2020-12-22,250,657,189,595,61,62,0,0,250,492,0,0,250,492,California
Mendocino,2020-12-23,270,927,47,642,223,285,0,0,269,761,0,0,269,761,California
Mendocino,2020-12-24,49,976,8,650,41,326,0,0,49,810,0,0,49,810,California
Mendocino,2020-12-25,1,977,0,650,1,327,0,0,1,811,0,0,1,811,California
Mendocino,2020-12-26,2,979,2,652,0,327,0,0,2,813,0,0,2,813,California
Mendocino,2020-12-27,1,980,0,652,1,328,0,0,1,814,0,0,1,814,California
Mendocino,2020-12-28,74,1054,9,661,65,393,0,0,74,888,0,0,74,888,California
Mendocino,2020-12-29,122,1176,61,722,61,454,0,0,122,1010,0,0,122,1010,California
Mendocino,2020-12-30,123,1299,68,790,55,509,0,0,123,1133,0,0,123,1133,California
Mendocino,2020-12-31,131,1430,96,886,35,544,0,0,131,1264,0,0,131,1264,California
Mendocino,2021-01-01,7,1437,5,891,2,546,0,0,7,1271,0,0,7,1271,California
Mendocino,2021-01-02,1,1438,1,892,0,546,0,0,1,1272,0,0,1,1272,California
Mendocino,2021-01-04,840,2278,19,911,821,1367,0,0,840,2112,0,0,840,2112,California
Mendocino,2021-01-05,71,2349,35,946,36,1403,0,0,58,2157,13,13,58,2170,California
Mendocino,2021-01-06,155,2504,133,1079,22,1425,0,0,145,2292,10,23,145,2315,California
Mendocino,2021-01-07,358,2862,238,1317,120,1545,0,0,295,2524,63,86,295,2610,California
Mendocino,2021-01-08,95,2957,82,1399,13,1558,0,0,41,2512,54,140,42,2652,California
Mendocino,2021-01-09,10,2967,6,1405,4,1562,0,0,8,2518,2,142,8,2660,California
Mendocino,2021-01-10,8,2975,8,1413,0,1562,0,0,1,2512,7,149,1,2661,California
Mendocino,2021-01-11,101,3076,92,1505,9,1571,0,0,43,2498,57,206,43,2704,California
Mendocino,2021-01-12,385,3461,375,1880,10,1581,0,0,269,2651,116,322,269,2973,California
Mendocino,2021-01-13,484,3945,145,2025,339,1920,0,0,443,3056,39,361,444,3417,California
Mendocino,2021-01-14,636,4581,20,2045,616,2536,0,0,627,3674,9,370,627,4044,California
Mendocino,2021-01-15,1857,6438,859,2904,998,3534,0,0,1852,5522,5,375,1853,5897,California
Mendocino,2021-01-16,791,7229,50,2954,741,4275,0,0,789,6309,2,377,789,6686,California
Mendocino,2021-01-17,553,7782,1,2955,552,4827,0,0,552,6860,1,378,552,7238,California
Mendocino,2021-01-18,488,8270,463,3418,25,4852,0,0,476,7324,12,390,476,7714,California
Mendocino,2021-01-19,334,8604,148,3566,186,5038,0,0,158,7306,176,566,158,7872,California
Mendocino,2021-01-20,553,9157,406,3972,147,5185,0,0,447,7650,104,670,448,8320,California
Mendocino,2021-01-21,536,9693,223,4195,313,5498,0,0,351,7817,184,854,351,8671,California
Mendocino,2021-01-22,149,9842,58,4253,91,5589,0,0,110,7888,39,893,110,8781,California
Mendocino,2021-01-23,155,9997,83,4336,72,5661,0,0,149,8031,6,899,149,8930,California
Mendocino,2021-01-24,5,10002,3,4339,2,5663,0,0,5,8036,0,899,5,8935,California
Mendocino,2021-01-25,191,10193,18,4357,173,5836,0,0,121,8087,70,969,121,9056,California
Mendocino,2021-01-26,156,10349,56,4413,100,5936,0,0,95,8121,61,1030,95,9151,California
Mendocino,2021-01-27,439,10788,369,4782,70,6006,0,0,174,8037,258,1288,174,9325,California
Mendocino,2021-01-28,590,11378,526,5308,64,6070,0,0,495,8438,94,1382,495,9820,California
Mendocino,2021-01-29,392,11770,351,5659,41,6111,0,0,363,8773,29,1411,364,10184,California
Mendocino,2021-01-30,48,11818,30,5689,18,6129,0,0,41,8807,7,1418,41,10225,California
Mendocino,2021-01-31,273,12091,2,5691,271,6400,0,0,3,8540,270,1688,3,10228,California
Mendocino,2021-02-01,381,12472,52,5743,329,6729,0,0,59,8277,322,2010,59,10287,California
Mendocino,2021-02-02,723,13195,503,6246,220,6949,0,0,364,8282,359,2369,364,10651,California
Mendocino,2021-02-03,391,13586,206,6452,185,7134,0,0,221,8335,168,2537,221,10872,California
Mendocino,2021-02-04,624,14210,529,6981,95,7229,0,0,500,8711,124,2661,500,11372,California
Mendocino,2021-02-05,1299,15509,1211,8192,88,7317,0,0,584,8582,713,3374,584,11956,California
Mendocino,2021-02-06,559,16068,158,8350,401,7718,0,0,544,9111,15,3389,544,12500,California
Mendocino,2021-02-07,32,16100,28,8378,4,7722,0,0,32,9143,0,3389,32,12532,California
Mendocino,2021-02-08,746,16846,715,9093,31,7753,0,0,284,8965,462,3851,284,12816,California
Mendocino,2021-02-09,141,16987,58,9151,83,7836,0,0,89,9002,52,3903,89,12905,California
Mendocino,2021-02-10,1481,18468,921,10072,560,8396,0,0,741,9009,734,4637,741,13646,California
Mendocino,2021-02-11,1133,19601,208,10280,925,9321,0,0,280,8436,853,5490,280,13926,California
Mendocino,2021-02-12,1404,21005,161,10441,1243,10564,0,0,639,8311,764,6254,639,14565,California
Mendocino,2021-02-13,496,21501,12,10453,484,11048,0,0,103,8027,392,6646,108,14673,California
Mendocino,2021-02-14,694,22195,3,10456,691,11739,0,0,134,7601,560,7206,134,14807,California
Mendocino,2021-02-15,329,22524,42,10498,287,12026,0,0,174,7620,155,7361,174,14981,California
Mendocino,2021-02-16,200,22724,51,10549,149,12175,0,0,130,7680,70,7431,130,15111,California
Mendocino,2021-02-17,1352,24076,1190,11739,162,12337,0,0,877,8084,473,7904,877,15988,California
Mendocino,2021-02-18,1781,25857,640,12379,1141,13478,0,0,1215,8734,565,8469,1215,17203,California
Mendocino,2021-02-19,749,26606,146,12525,603,14081,0,0,610,9205,139,8608,610,17813,California
Mendocino,2021-02-20,570,27176,544,13069,26,14107,0,0,540,9717,28,8636,540,18353,California
Mendocino,2021-02-21,325,27501,6,13075,319,14426,0,0,313,10019,11,8647,313,18666,California
Mendocino,2021-02-22,162,27663,30,13105,132,14558,0,0,69,9997,91,8738,69,18735,California
Mendocino,2021-02-23,676,28339,663,13768,13,14571,0,0,612,10547,62,8800,612,19347,California
Mendocino,2021-02-24,1839,30178,1759,15527,80,14651,0,0,1430,11574,405,9205,1432,20779,California
Mendocino,2021-02-25,1704,31882,532,16059,1172,15823,0,0,1285,12441,418,9623,1285,22064,California
Mendocino,2021-02-26,1403,33285,748,16807,655,16478,0,0,1040,13120,361,9984,1040,23104,California
Mendocino,2021-02-27,200,33485,151,16958,49,16527,0,0,77,13075,122,10106,77,23181,California
Mendocino,2021-02-28,35,33520,13,16971,22,16549,0,0,24,13088,11,10117,24,23205,California
Mendocino,2021-03-01,577,34097,533,17504,44,16593,0,0,539,13590,37,10154,539,23744,California
Mendocino,2021-03-02,71,34168,24,17528,47,16640,0,0,41,13602,29,10183,41,23785,California
Mendocino,2021-03-03,1714,35882,1330,18858,384,17024,0,0,1081,14052,631,10814,1081,24866,California
Mendocino,2021-03-04,1768,37650,147,19005,1621,18645,0,0,1551,15389,215,11029,1552,26418,California
Mendocino,2021-03-05,209,37859,148,19153,52,18697,9,9,117,15425,90,11119,126,26544,California
Mendocino,2021-03-06,242,38101,20,19173,197,18894,25,34,201,15611,40,11159,226,26770,California
Mendocino,2021-03-07,505,38606,8,19181,477,19371,20,54,118,15362,386,11545,137,26907,California
Mendocino,2021-03-08,124,38730,29,19210,59,19430,36,90,64,15404,58,11603,100,27007,California
Mendocino,2021-03-09,571,39301,231,19441,299,19729,41,131,473,15820,98,11701,514,27521,California
Mendocino,2021-03-10,1109,40410,980,20421,64,19793,65,196,268,15318,838,12539,336,27857,California
Mendocino,2021-03-11,821,41231,611,21032,157,19950,53,249,394,15340,425,12964,447,28304,California
Mendocino,2021-03-12,2017,43248,1030,22062,892,20842,95,344,1211,15847,799,13763,1306,29610,California
Mendocino,2021-03-13,654,43902,524,22586,73,20915,57,401,97,15448,553,14316,154,29764,California
Mendocino,2021-03-14,104,44006,2,22588,95,21010,7,408,11,15377,89,14405,18,29782,California
Mendocino,2021-03-15,597,44603,51,22639,488,21498,58,466,209,15256,387,14792,266,30048,California
Mendocino,2021-03-16,570,45173,374,23013,151,21649,45,511,139,15011,429,15221,184,30232,California
Mendocino,2021-03-17,1563,46736,1359,24372,56,21705,148,659,214,14034,1346,16567,369,30601,California
Mendocino,2021-03-18,1307,48043,248,24620,1021,22726,38,697,284,13340,1015,17582,321,30922,California
Mendocino,2021-03-19,1755,49798,856,25476,838,23564,61,758,332,12316,1419,19001,395,31317,California
Mendocino,2021-03-20,68,49866,10,25486,37,23601,21,779,12,12293,56,19057,33,31350,California
Mendocino,2021-03-21,8,49874,1,25487,2,23603,5,784,3,12296,5,19062,8,31358,California
Mendocino,2021-03-22,624,50498,580,26067,15,23618,29,813,146,11996,474,19536,174,31532,California
Mendocino,2021-03-23,165,50663,33,26100,102,23720,30,843,115,12091,50,19586,145,31677,California
Mendocino,2021-03-24,911,51574,840,26940,24,23744,47,890,114,11457,795,20381,161,31838,California
Mendocino,2021-03-25,1987,53561,50,26990,1917,25661,20,910,174,9840,1809,22190,192,32030,California
Mendocino,2021-03-26,506,54067,357,27347,124,25785,25,935,324,10007,182,22372,349,32379,California
Mendocino,2021-03-27,142,54209,12,27359,118,25903,12,947,81,10039,60,22432,92,32471,California
Mendocino,2021-03-28,26,54235,5,27364,17,25920,4,951,3,10024,22,22454,7,32478,California
Mendocino,2021-03-29,188,54423,99,27463,47,25967,42,993,97,10072,91,22545,139,32617,California
Mendocino,2021-03-30,683,55106,598,28061,48,26015,37,1030,412,10251,270,22815,449,33066,California
Mendocino,2021-03-31,869,55975,272,28333,537,26552,60,1090,406,10256,461,23276,466,33532,California
Mendocino,2021-04-01,1708,57683,399,28732,1231,27783,78,1168,382,9397,1318,24594,459,33991,California
Mendocino,2021-04-02,1283,58966,1055,29787,155,27938,73,1241,223,8636,1057,25651,296,34287,California
Mendocino,2021-04-03,704,59670,9,29796,674,28612,21,1262,84,8125,616,26267,105,34392,California
Mendocino,2021-04-04,69,59739,34,29830,29,28641,6,1268,54,8170,15,26282,60,34452,California
Mendocino,2021-04-05,210,59949,142,29972,44,28685,24,1292,131,8243,79,26361,152,34604,California
Mendocino,2021-04-06,383,60332,121,30093,179,28864,83,1375,106,8155,277,26638,189,34793,California
Mendocino,2021-04-07,485,60817,177,30270,63,28927,245,1620,120,8156,363,27001,364,35157,California
Mendocino,2021-04-08,1491,62308,913,31183,462,29389,116,1736,1001,8789,484,27485,1117,36274,California
Mendocino,2021-04-09,757,63065,425,31608,171,29560,161,1897,396,8986,360,27845,557,36831,California
Mendocino,2021-04-10,400,63465,89,31697,265,29825,46,1943,98,8828,302,28147,144,36975,California
Mendocino,2021-04-11,122,63587,47,31744,18,29843,57,2000,58,8879,64,28211,115,37090,California
Mendocino,2021-04-12,619,64206,512,32256,46,29889,61,2061,412,9145,207,28418,473,37563,California
Mendocino,2021-04-13,287,64493,224,32480,62,29951,1,2062,220,9299,67,28485,221,37784,California
Mendocino,2021-04-14,514,65007,424,32904,89,30040,1,2063,412,9610,102,28587,413,38197,California
Mendocino,2021-04-15,654,65661,325,33229,328,30368,1,2064,394,9749,256,28843,395,38592,California
Mendocino,2021-04-16,122,65783,48,33277,72,30440,2,2066,73,9776,48,28891,75,38667,California
Mendocino,2021-04-17,197,65980,11,33288,186,30626,0,2066,69,9718,127,29018,69,38736,California
Mendocino,2021-04-18,8,65988,2,33290,5,30631,1,2067,4,9719,4,29022,5,38741,California
Mendocino,2021-04-19,532,66520,506,33796,24,30655,2,2069,433,10056,98,29120,435,39176,California
Mendocino,2021-04-20,411,66931,283,34079,127,30782,1,2070,261,10168,150,29270,262,39438,California
Mendocino,2021-04-21,182,67113,123,34202,58,30840,1,2071,113,10213,68,29338,113,39551,California
Mendocino,2021-04-22,486,67599,310,34512,175,31015,1,2072,321,10371,163,29501,321,39872,California
Mendocino,2021-04-23,838,68437,696,35208,142,31157,0,2072,686,10907,150,29651,686,40558,California
Mendocino,2021-04-24,101,68538,14,35222,87,31244,0,2072,94,10994,7,29658,94,40652,California
Mendocino,2021-04-25,52,68590,28,35250,20,31264,4,2076,18,10982,34,29692,22,40674,California
Mendocino,2021-04-26,264,68854,205,35455,54,31318,5,2081,180,11084,83,29775,185,40859,California
Mendocino,2021-04-27,174,69028,67,35522,83,31401,24,2105,90,11114,83,29858,113,40972,California
Mendocino,2021-04-28,184,69212,134,35656,39,31440,11,2116,101,11143,83,29941,112,41084,California
Mendocino,2021-04-29,955,70167,707,36363,235,31675,13,2129,91,10384,863,30804,104,41188,California
Mendocino,2021-04-30,580,70747,371,36734,197,31872,12,2141,218,10252,362,31166,230,41418,California
Mendocino,2021-05-01,466,71213,429,37163,31,31903,6,2147,362,10517,103,31269,368,41786,California
Mendocino,2021-05-02,55,71268,44,37207,8,31911,3,2150,8,10482,46,31315,11,41797,California
Mendocino,2021-05-03,73,71341,25,37232,29,31940,19,2169,32,10493,40,31355,51,41848,California
Mendocino,2021-05-04,320,71661,248,37480,55,31995,17,2186,110,10410,210,31565,127,41975,California
Mendocino,2021-05-05,642,72303,611,38091,27,32022,4,2190,148,10068,494,32059,152,42127,California
Merced,2020-12-16,3,3,3,3,0,0,0,0,3,3,0,0,3,3,California
Merced,2020-12-17,5,8,5,8,0,0,0,0,5,8,0,0,5,8,California
Merced,2020-12-18,143,151,143,151,0,0,0,0,143,151,0,0,143,151,California
Merced,2020-12-19,39,190,39,190,0,0,0,0,39,190,0,0,39,190,California
Merced,2020-12-20,17,207,17,207,0,0,0,0,17,207,0,0,17,207,California
Merced,2020-12-21,125,332,122,329,3,3,0,0,125,332,0,0,125,332,California
Merced,2020-12-22,152,484,152,481,0,3,0,0,152,484,0,0,152,484,California
Merced,2020-12-23,248,732,242,723,6,9,0,0,248,732,0,0,248,732,California
Merced,2020-12-24,72,804,72,795,0,9,0,0,72,804,0,0,72,804,California
Merced,2020-12-25,4,808,4,799,0,9,0,0,4,808,0,0,4,808,California
Merced,2020-12-26,6,814,3,802,3,12,0,0,6,814,0,0,6,814,California
Merced,2020-12-27,12,826,11,813,1,13,0,0,12,826,0,0,12,826,California
Merced,2020-12-28,123,949,98,911,25,38,0,0,123,949,0,0,123,949,California
Merced,2020-12-29,180,1129,124,1035,56,94,0,0,180,1129,0,0,180,1129,California
Merced,2020-12-30,214,1343,89,1124,125,219,0,0,214,1343,0,0,214,1343,California
Merced,2020-12-31,103,1446,34,1158,69,288,0,0,103,1446,0,0,103,1446,California
Merced,2021-01-01,2,1448,0,1158,2,290,0,0,2,1448,0,0,2,1448,California
Merced,2021-01-02,128,1576,117,1275,11,301,0,0,128,1576,0,0,128,1576,California
Merced,2021-01-03,9,1585,5,1280,4,305,0,0,9,1585,0,0,9,1585,California
Merced,2021-01-04,81,1666,43,1323,38,343,0,0,81,1666,0,0,81,1666,California
Merced,2021-01-05,320,1986,231,1554,89,432,0,0,314,1976,6,6,316,1982,California
Merced,2021-01-06,254,2240,103,1657,151,583,0,0,248,2218,6,12,248,2230,California
Merced,2021-01-07,184,2424,80,1737,104,687,0,0,174,2381,11,23,174,2404,California
Merced,2021-01-08,527,2951,393,2130,134,821,0,0,376,2607,150,173,376,2780,California
Merced,2021-01-09,23,2974,10,2140,13,834,0,0,17,2618,6,179,17,2797,California
Merced,2021-01-10,10,2984,6,2146,4,838,0,0,6,2620,4,183,6,2803,California
Merced,2021-01-11,225,3209,167,2313,58,896,0,0,101,2599,124,307,103,2906,California
Merced,2021-01-12,280,3489,157,2470,123,1019,0,0,230,2778,51,358,230,3136,California
Merced,2021-01-13,372,3861,173,2643,199,1218,0,0,221,2851,151,509,224,3360,California
Merced,2021-01-14,325,4186,201,2844,124,1342,0,0,160,2848,164,673,161,3521,California
Merced,2021-01-15,577,4763,127,2971,450,1792,0,0,539,3350,39,712,541,4062,California
Merced,2021-01-16,203,4966,122,3093,81,1873,0,0,198,3543,5,717,198,4260,California
Merced,2021-01-17,49,5015,12,3105,37,1910,0,0,48,3590,1,718,48,4308,California
Merced,2021-01-18,260,5275,126,3231,134,2044,0,0,238,3809,22,740,241,4549,California
Merced,2021-01-19,703,5978,580,3811,123,2167,0,0,532,4174,171,911,536,5085,California
Merced,2021-01-20,571,6549,466,4277,105,2272,0,0,515,4636,56,967,518,5603,California
Merced,2021-01-21,1005,7554,645,4922,360,2632,0,0,906,5446,99,1066,909,6512,California
Merced,2021-01-22,1301,8855,683,5605,618,3250,0,0,1275,6707,26,1092,1287,7799,California
Merced,2021-01-23,307,9162,185,5790,122,3372,0,0,202,6804,105,1197,202,8001,California
Merced,2021-01-24,32,9194,14,5804,18,3390,0,0,23,6819,8,1205,23,8024,California
Merced,2021-01-25,727,9921,241,6045,486,3876,0,0,667,7428,59,1264,668,8692,California
Merced,2021-01-26,912,10833,483,6528,429,4305,0,0,671,7886,214,1478,672,9364,California
Merced,2021-01-27,976,11809,582,7110,394,4699,0,0,809,8530,165,1643,809,10173,California
Merced,2021-01-28,1136,12945,591,7701,545,5244,0,0,1015,9425,121,1764,1016,11189,California
Merced,2021-01-29,845,13790,321,8022,524,5768,0,0,600,9789,238,2002,602,11791,California
Merced,2021-01-30,259,14049,27,8049,232,6000,0,0,243,10016,16,2018,243,12034,California
Merced,2021-01-31,45,14094,10,8059,35,6035,0,0,44,10059,1,2019,44,12078,California
Merced,2021-02-01,373,14467,52,8111,321,6356,0,0,325,10338,47,2066,326,12404,California
Merced,2021-02-02,293,14760,181,8292,112,6468,0,0,174,10396,117,2183,175,12579,California
Merced,2021-02-03,349,15109,71,8363,278,6746,0,0,168,10383,181,2364,168,12747,California
Merced,2021-02-04,371,15480,146,8509,225,6971,0,0,240,10494,130,2494,241,12988,California
Merced,2021-02-05,513,15993,173,8682,340,7311,0,0,272,10528,240,2734,274,13262,California
Merced,2021-02-06,387,16380,218,8900,169,7480,0,0,244,10631,142,2876,245,13507,California
Merced,2021-02-07,21,16401,13,8913,8,7488,0,0,14,10638,7,2883,14,13521,California
Merced,2021-02-08,278,16679,196,9109,82,7570,0,0,169,10700,108,2991,170,13691,California
Merced,2021-02-09,1212,17891,952,10061,260,7830,0,0,775,11047,429,3420,776,14467,California
Merced,2021-02-10,1852,19743,1431,11492,421,8251,0,0,1273,11750,570,3990,1273,15740,California
Merced,2021-02-11,2501,22244,2005,13497,496,8747,0,0,1816,12889,677,4667,1816,17556,California
Merced,2021-02-12,1713,23957,1012,14509,701,9448,0,0,746,12678,958,5625,747,18303,California
Merced,2021-02-13,360,24317,205,14714,155,9603,0,0,262,12845,97,5722,264,18567,California
Merced,2021-02-14,116,24433,26,14740,90,9693,0,0,95,12920,21,5743,96,18663,California
Merced,2021-02-15,273,24706,40,14780,233,9926,0,0,170,12993,98,5841,171,18834,California
Merced,2021-02-16,1211,25917,842,15622,369,10295,0,0,838,13478,355,6196,840,19674,California
Merced,2021-02-17,1875,27792,1630,17252,245,10540,0,0,1315,14248,547,6743,1317,20991,California
Merced,2021-02-18,1198,28990,810,18062,388,10928,0,0,397,13864,781,7524,397,21388,California
Merced,2021-02-19,1262,30252,413,18475,849,11777,0,0,537,13684,719,8243,539,21927,California
Merced,2021-02-20,276,30528,31,18506,245,12022,0,0,142,13694,132,8375,142,22069,California
Merced,2021-02-21,76,30604,62,18568,14,12036,0,0,32,13682,44,8419,32,22101,California
Merced,2021-02-22,825,31429,292,18860,533,12569,0,0,480,13818,344,8763,480,22581,California
Merced,2021-02-23,1079,32508,421,19281,658,13227,0,0,638,14020,436,9199,638,23219,California
Merced,2021-02-24,813,33321,301,19582,512,13739,0,0,443,14103,361,9560,444,23663,California
Merced,2021-02-25,1752,35073,863,20445,889,14628,0,0,1302,14960,447,10007,1304,24967,California
Merced,2021-02-26,2131,37204,1361,21806,770,15398,0,0,1724,16280,405,10412,1725,26692,California
Merced,2021-02-27,2519,39723,1101,22907,1418,16816,0,0,2234,18230,284,10696,2234,28926,California
Merced,2021-02-28,298,40021,71,22978,227,17043,0,0,250,18436,44,10740,250,29176,California
Merced,2021-03-01,1111,41132,279,23257,832,17875,0,0,773,18879,330,11070,773,29949,California
Merced,2021-03-02,1746,42878,903,24160,842,18717,1,1,1360,19863,377,11447,1361,31310,California
Merced,2021-03-03,2209,45087,1725,25885,483,19200,1,2,1455,20581,738,12185,1456,32766,California
Merced,2021-03-04,2880,47967,2267,28152,611,19811,2,4,1911,21543,952,13137,1914,34680,California
Merced,2021-03-05,2063,50030,1193,29345,846,20657,24,28,1527,22571,524,13661,1552,36232,California
Merced,2021-03-06,1165,51195,662,30007,481,21138,22,50,909,23247,255,13916,931,37163,California
Merced,2021-03-07,228,51423,64,30071,139,21277,25,75,199,23442,29,13945,224,37387,California
Merced,2021-03-08,1315,52738,718,30789,532,21809,65,140,1104,24400,210,14155,1168,38555,California
Merced,2021-03-09,1690,54428,996,31785,587,22396,107,247,1098,25018,588,14743,1206,39761,California
Merced,2021-03-10,2685,57113,1861,33646,625,23021,199,446,1616,25782,1056,15799,1820,41581,California
Merced,2021-03-11,1929,59042,684,34330,1039,24060,206,652,1221,26535,696,16495,1449,43030,California
Merced,2021-03-12,2190,61232,897,35227,1026,25086,267,919,1478,27584,708,17203,1757,44787,California
Merced,2021-03-13,720,61952,309,35536,168,25254,243,1162,412,27940,300,17503,656,45443,California
Merced,2021-03-14,248,62200,136,35672,82,25336,30,1192,149,28022,98,17601,180,45623,California
Merced,2021-03-15,1499,63699,491,36163,753,26089,255,1447,983,28750,509,18110,1237,46860,California
Merced,2021-03-16,1428,65127,684,36847,518,26607,226,1673,947,29448,472,18582,1170,48030,California
Merced,2021-03-17,1946,67073,1045,37892,723,27330,178,1851,1498,30686,440,19022,1678,49708,California
Merced,2021-03-18,2027,69100,1164,39056,716,28046,147,1998,1384,31596,635,19657,1545,51253,California
Merced,2021-03-19,2656,71756,1446,40502,1018,29064,192,2190,1382,31908,1263,20920,1575,52828,California
Merced,2021-03-20,2412,74168,1484,41986,533,29597,395,2585,960,31817,1450,22370,1359,54187,California
Merced,2021-03-21,556,74724,343,42329,200,29797,13,2598,437,32150,119,22489,452,54639,California
Merced,2021-03-22,1260,75984,629,42958,555,30352,76,2674,888,32751,365,22854,966,55605,California
Merced,2021-03-23,1820,77804,1096,44054,660,31012,64,2738,1344,33688,472,23326,1409,57014,California
Merced,2021-03-24,1406,79210,878,44932,493,31505,35,2773,930,34183,470,23796,965,57979,California
Merced,2021-03-25,3298,82508,2268,47200,1009,32514,21,2794,2078,35073,1212,25008,2102,60081,California
Merced,2021-03-26,1917,84425,1075,48275,808,33322,34,2828,887,34971,1022,26030,920,61001,California
Merced,2021-03-27,3026,87451,1759,50034,1197,34519,70,2898,1377,34781,1638,27668,1448,62449,California
Merced,2021-03-28,511,87962,211,50245,293,34812,7,2905,211,34702,298,27966,219,62668,California
Merced,2021-03-29,1691,89653,660,50905,867,35679,164,3069,660,34505,1025,28991,828,63496,California
Merced,2021-03-30,2124,91777,790,51695,1275,36954,59,3128,979,34402,1141,30132,1038,64534,California
Merced,2021-03-31,2106,93883,1393,53088,679,37633,34,3162,940,34226,1151,31283,975,65509,California
Merced,2021-04-01,2170,96053,1016,54104,1033,38666,121,3283,997,34179,1167,32450,1120,66629,California
Merced,2021-04-02,2315,98368,629,54733,1284,39950,402,3685,775,33834,1524,33974,1179,67808,California
Merced,2021-04-03,888,99256,416,55149,459,40409,13,3698,488,33941,396,34370,503,68311,California
Merced,2021-04-04,365,99621,141,55290,220,40629,4,3702,138,33860,226,34596,145,68456,California
Merced,2021-04-05,1249,100870,593,55883,445,41074,211,3913,409,33644,835,35431,619,69075,California
Merced,2021-04-06,2409,103279,891,56774,693,41767,825,4738,896,33855,1509,36940,1720,70795,California
Merced,2021-04-07,1639,104918,880,57654,652,42419,107,4845,589,33515,1038,37978,698,71493,California
Merced,2021-04-08,2244,107162,1142,58796,886,43305,216,5061,787,33087,1429,39407,1001,72494,California
Merced,2021-04-09,1675,108837,474,59270,625,43930,576,5637,560,33129,1096,40503,1138,73632,California
Merced,2021-04-10,687,109524,361,59631,141,44071,185,5822,172,32975,510,41013,356,73988,California
Merced,2021-04-11,486,110010,280,59911,72,44143,134,5956,146,32918,338,41351,281,74269,California
Merced,2021-04-12,1412,111422,924,60835,365,44508,123,6079,812,33288,565,41916,935,75204,California
Merced,2021-04-13,2021,113443,1449,62284,569,45077,3,6082,937,33230,1002,42918,944,76148,California
Merced,2021-04-14,2034,115477,1207,63491,827,45904,0,6082,900,33126,1006,43924,902,77050,California
Merced,2021-04-15,3002,118479,1967,65458,1035,46939,0,6082,952,32259,1823,45747,956,78006,California
Merced,2021-04-16,2353,120832,1148,66606,1205,48144,0,6082,962,31927,1294,47041,962,78968,California
Merced,2021-04-17,1436,122268,790,67396,646,48790,0,6082,371,31239,1060,48101,372,79340,California
Merced,2021-04-18,466,122734,248,67644,218,49008,0,6082,191,31182,248,48349,191,79531,California
Merced,2021-04-19,1314,124048,738,68382,576,49584,0,6082,702,31366,518,48867,702,80233,California
Merced,2021-04-20,1406,125454,730,69112,676,50260,0,6082,783,31596,554,49421,784,81017,California
Merced,2021-04-21,1461,126915,878,69990,583,50843,0,6082,753,31752,598,50019,754,81771,California
Merced,2021-04-22,1598,128513,736,70726,862,51705,0,6082,779,31792,739,50758,779,82550,California
Merced,2021-04-23,1623,130136,665,71391,958,52663,0,6082,883,31982,694,51452,884,83434,California
Merced,2021-04-24,564,130700,395,71786,169,52832,0,6082,388,32199,172,51624,389,83823,California
Merced,2021-04-25,324,131024,185,71971,139,52971,0,6082,192,32260,131,51755,192,84015,California
Merced,2021-04-26,1058,132082,399,72370,659,53630,0,6082,533,32300,495,52250,535,84550,California
Merced,2021-04-27,1440,133522,591,72961,839,54469,10,6092,584,32104,791,53041,595,85145,California
Merced,2021-04-28,1344,134866,659,73620,676,55145,9,6101,774,32339,550,53591,785,85930,California
Merced,2021-04-29,1277,136143,488,74108,766,55911,23,6124,602,32297,668,54259,626,86556,California
Merced,2021-04-30,1303,137446,533,74641,728,56639,42,6166,647,32332,654,54913,689,87245,California
Merced,2021-05-01,541,137987,234,74875,304,56943,3,6169,248,32294,290,55203,252,87497,California
Merced,2021-05-02,273,138260,100,74975,158,57101,15,6184,116,32270,157,55360,133,87630,California
Merced,2021-05-03,609,138869,390,75365,184,57285,35,6219,227,32175,379,55739,284,87914,California
Merced,2021-05-04,712,139581,347,75712,319,57604,46,6265,261,32035,447,56186,307,88221,California
Merced,2021-05-05,599,140180,413,76125,129,57733,57,6322,263,32022,333,56519,320,88541,California
Modoc,2020-12-16,1,1,1,1,0,0,0,0,1,1,0,0,1,1,California
Modoc,2020-12-21,100,101,100,101,0,0,0,0,100,101,0,0,100,101,California
Modoc,2020-12-22,14,115,14,115,0,0,0,0,14,115,0,0,14,115,California
Modoc,2020-12-23,4,119,4,119,0,0,0,0,4,119,0,0,4,119,California
Modoc,2020-12-24,1,120,1,120,0,0,0,0,1,120,0,0,1,120,California
Modoc,2020-12-28,2,122,2,122,0,0,0,0,2,122,0,0,2,122,California
Modoc,2020-12-29,10,132,1,123,9,9,0,0,10,132,0,0,10,132,California
Modoc,2020-12-30,7,139,0,123,7,16,0,0,7,139,0,0,7,139,California
Modoc,2021-01-02,2,141,0,123,2,18,0,0,2,141,0,0,2,141,California
Modoc,2021-01-04,8,149,0,123,8,26,0,0,8,149,0,0,8,149,California
Modoc,2021-01-05,2,151,1,124,1,27,0,0,2,151,0,0,2,151,California
Modoc,2021-01-06,3,154,2,126,1,28,0,0,2,152,1,1,2,153,California
Modoc,2021-01-07,72,226,0,126,72,100,0,0,72,224,0,1,72,225,California
Modoc,2021-01-08,105,331,0,126,105,205,0,0,105,329,0,1,105,330,California
Modoc,2021-01-10,1,332,1,127,0,205,0,0,0,328,1,2,0,330,California
Modoc,2021-01-11,91,423,82,209,9,214,0,0,19,275,72,74,19,349,California
Modoc,2021-01-12,94,517,25,234,69,283,0,0,68,317,26,100,68,417,California
Modoc,2021-01-13,24,541,4,238,20,303,0,0,22,337,2,102,22,439,California
Modoc,2021-01-14,129,670,6,244,123,426,0,0,124,456,5,107,124,563,California
Modoc,2021-01-15,6,676,1,245,5,431,0,0,6,462,0,107,6,569,California
Modoc,2021-01-16,1,677,1,246,0,431,0,0,1,463,0,107,1,570,California
Modoc,2021-01-18,1,678,1,247,0,431,0,0,1,464,0,107,1,571,California
Modoc,2021-01-19,5,683,3,250,2,433,0,0,3,465,2,109,3,574,California
Modoc,2021-01-20,11,694,1,251,10,443,0,0,11,476,0,109,11,585,California
Modoc,2021-01-21,157,851,2,253,155,598,0,0,157,633,0,109,157,742,California
Modoc,2021-01-22,2,853,0,253,2,600,0,0,2,635,0,109,2,744,California
Modoc,2021-01-25,11,864,0,253,11,611,0,0,11,646,0,109,11,755,California
Modoc,2021-01-26,65,929,1,254,64,675,0,0,65,711,0,109,65,820,California
Modoc,2021-01-27,41,970,2,256,39,714,0,0,25,720,16,125,25,845,California
Modoc,2021-01-28,144,1114,1,257,143,857,0,0,144,864,0,125,144,989,California
Modoc,2021-01-29,3,1117,1,258,2,859,0,0,3,867,0,125,3,992,California
Modoc,2021-02-01,25,1142,12,270,13,872,0,0,11,864,14,139,11,1003,California
Modoc,2021-02-02,170,1312,2,272,168,1040,0,0,167,1028,3,142,167,1170,California
Modoc,2021-02-03,18,1330,13,285,5,1045,0,0,11,1032,7,149,11,1181,California
Modoc,2021-02-04,155,1485,4,289,151,1196,0,0,27,931,128,277,27,1208,California
Modoc,2021-02-05,4,1489,3,292,1,1197,0,0,3,933,1,278,3,1211,California
Modoc,2021-02-08,9,1498,2,294,7,1204,0,0,8,940,1,279,8,1219,California
Modoc,2021-02-09,197,1695,13,307,184,1388,0,0,65,873,132,411,65,1284,California
Modoc,2021-02-10,5,1700,2,309,3,1391,0,0,4,876,1,412,4,1288,California
Modoc,2021-02-11,201,1901,3,312,198,1589,0,0,83,841,118,530,83,1371,California
Modoc,2021-02-12,4,1905,0,312,4,1593,0,0,2,841,2,532,2,1373,California
Modoc,2021-02-13,1,1906,0,312,1,1594,0,0,1,842,0,532,1,1374,California
Modoc,2021-02-16,147,2053,6,318,141,1735,0,0,143,981,4,536,143,1517,California
Modoc,2021-02-17,24,2077,1,319,23,1758,0,0,12,981,12,548,12,1529,California
Modoc,2021-02-18,188,2265,2,321,186,1944,0,0,25,845,162,710,26,1555,California
Modoc,2021-02-19,2,2267,2,323,0,1944,0,0,2,847,0,710,2,1557,California
Modoc,2021-02-20,1,2268,1,324,0,1944,0,0,1,848,0,710,1,1558,California
Modoc,2021-02-22,17,2285,9,333,8,1952,0,0,3,837,14,724,3,1561,California
Modoc,2021-02-23,20,2305,2,335,18,1970,0,0,1,819,19,743,1,1562,California
Modoc,2021-02-24,90,2395,1,336,89,2059,0,0,30,789,60,803,30,1592,California
Modoc,2021-02-25,169,2564,1,337,168,2227,0,0,13,646,156,959,13,1605,California
Modoc,2021-02-26,3,2567,0,337,3,2230,0,0,1,645,2,961,1,1606,California
Modoc,2021-02-27,5,2572,5,342,0,2230,0,0,2,644,3,964,2,1608,California
Modoc,2021-03-01,5,2577,0,342,5,2235,0,0,0,640,4,968,0,1608,California
Modoc,2021-03-02,193,2770,12,354,181,2416,0,0,26,499,167,1135,26,1634,California
Modoc,2021-03-03,12,2782,6,360,6,2422,0,0,2,491,10,1145,2,1636,California
Modoc,2021-03-04,175,2957,2,362,173,2595,0,0,148,612,27,1172,148,1784,California
Modoc,2021-03-05,4,2961,3,365,1,2596,0,0,2,612,2,1174,2,1786,California
Modoc,2021-03-06,11,2972,0,365,1,2597,10,10,1,613,10,1184,11,1797,California
Modoc,2021-03-07,6,2978,1,366,0,2597,5,15,1,614,5,1189,6,1803,California
Modoc,2021-03-08,8,2986,1,367,3,2600,4,19,1,613,6,1195,5,1808,California
Modoc,2021-03-09,126,3112,10,377,108,2708,8,27,61,617,65,1260,69,1877,California
Modoc,2021-03-10,9,3121,3,380,2,2710,4,31,4,620,5,1265,8,1885,California
Modoc,2021-03-11,207,3328,0,380,99,2809,108,139,22,565,185,1450,130,2015,California
Modoc,2021-03-12,10,3338,1,381,4,2813,5,144,4,568,6,1456,9,2024,California
Modoc,2021-03-13,4,3342,0,381,1,2814,3,147,1,569,3,1459,4,2028,California
Modoc,2021-03-15,12,3354,1,382,10,2824,1,148,10,578,2,1461,11,2039,California
Modoc,2021-03-16,173,3527,1,383,168,2992,4,152,42,492,131,1592,45,2084,California
Modoc,2021-03-17,10,3537,1,384,4,2996,5,157,2,491,8,1600,7,2091,California
Modoc,2021-03-18,67,3604,2,386,58,3054,7,164,35,501,32,1632,42,2133,California
Modoc,2021-03-19,5,3609,0,386,0,3054,5,169,0,501,5,1637,5,2138,California
Modoc,2021-03-20,6,3615,2,388,1,3055,3,172,1,500,5,1642,4,2142,California
Modoc,2021-03-21,4,3619,1,389,1,3056,2,174,2,502,2,1644,4,2146,California
Modoc,2021-03-22,18,3637,1,390,11,3067,6,180,12,514,6,1650,18,2164,California
Modoc,2021-03-23,37,3674,7,397,27,3094,3,183,28,536,9,1659,31,2195,California
Modoc,2021-03-24,29,3703,1,398,18,3112,10,193,2,521,27,1686,12,2207,California
Modoc,2021-03-25,77,3780,1,399,74,3186,2,195,45,536,32,1718,47,2254,California
Modoc,2021-03-26,7,3787,2,401,2,3188,3,198,2,536,5,1723,5,2259,California
Modoc,2021-03-27,2,3789,0,401,1,3189,1,199,1,537,1,1724,2,2261,California
Modoc,2021-03-28,2,3791,1,402,0,3189,1,200,0,536,2,1726,1,2262,California
Modoc,2021-03-29,14,3805,1,403,5,3194,8,208,5,540,9,1735,13,2275,California
Modoc,2021-03-30,56,3861,10,413,39,3233,7,215,22,535,34,1769,29,2304,California
Modoc,2021-03-31,9,3870,3,416,2,3235,4,219,3,536,6,1775,7,2311,California
Modoc,2021-04-01,169,4039,2,418,162,3397,5,224,34,440,135,1910,39,2350,California
Modoc,2021-04-02,4,4043,0,418,1,3398,3,227,0,440,3,1913,3,2353,California
Modoc,2021-04-03,5,4048,2,420,0,3398,3,230,2,442,2,1915,4,2357,California
Modoc,2021-04-05,9,4057,0,420,9,3407,0,230,9,451,0,1915,9,2366,California
Modoc,2021-04-06,24,4081,5,425,9,3416,10,240,6,449,18,1933,16,2382,California
Modoc,2021-04-07,12,4093,1,426,4,3420,7,247,3,450,9,1942,10,2392,California
Modoc,2021-04-08,97,4190,1,427,93,3513,3,250,26,408,71,2013,29,2421,California
Modoc,2021-04-09,11,4201,2,429,6,3519,3,253,2,403,9,2022,4,2425,California
Modoc,2021-04-10,5,4206,0,429,1,3520,4,257,0,402,5,2027,4,2429,California
Modoc,2021-04-11,2,4208,2,431,0,3520,0,257,1,402,1,2028,1,2430,California
Modoc,2021-04-12,14,4222,1,432,9,3529,4,261,1,396,11,2039,5,2435,California
Modoc,2021-04-13,28,4250,27,459,1,3530,0,261,21,410,7,2046,21,2456,California
Modoc,2021-04-14,2,4252,2,461,0,3530,0,261,1,410,1,2047,1,2457,California
Modoc,2021-04-15,99,4351,0,461,99,3629,0,261,26,363,73,2120,26,2483,California
Modoc,2021-04-16,4,4355,4,465,0,3629,0,261,3,365,1,2121,3,2486,California
Modoc,2021-04-17,2,4357,2,467,0,3629,0,261,2,367,0,2121,2,2488,California
Modoc,2021-04-18,1,4358,0,467,1,3630,0,261,1,368,0,2121,1,2489,California
Modoc,2021-04-19,7,4365,1,468,6,3636,0,261,2,365,5,2126,2,2491,California
Modoc,2021-04-20,27,4392,2,470,25,3661,0,261,9,356,18,2144,9,2500,California
Modoc,2021-04-21,3,4395,3,473,0,3661,0,261,1,355,2,2146,1,2501,California
Modoc,2021-04-22,98,4493,4,477,94,3755,0,261,41,339,57,2203,41,2542,California
Modoc,2021-04-23,4,4497,0,477,4,3759,0,261,3,341,1,2204,3,2545,California
Modoc,2021-04-24,3,4500,1,478,1,3760,1,262,2,343,1,2205,3,2548,California
Modoc,2021-04-25,1,4501,1,479,0,3760,0,262,1,344,0,2205,1,2549,California
Modoc,2021-04-26,8,4509,1,480,7,3767,0,262,3,342,5,2210,3,2552,California
Modoc,2021-04-27,6,4515,4,484,1,3768,1,263,0,337,6,2216,1,2553,California
Modoc,2021-04-28,3,4518,0,484,3,3771,0,263,0,334,3,2219,0,2553,California
Modoc,2021-04-29,52,4570,2,486,50,3821,0,263,17,316,35,2254,17,2570,California
Modoc,2021-04-30,3,4573,3,489,0,3821,0,263,2,317,1,2255,2,2572,California
Modoc,2021-05-01,2,4575,1,490,1,3822,0,263,0,315,2,2257,0,2572,California
Modoc,2021-05-02,3,4578,2,492,1,3823,0,263,2,316,1,2258,2,2574,California
Modoc,2021-05-03,10,4588,0,492,9,3832,1,264,0,307,10,2268,1,2575,California
Modoc,2021-05-04,8,4596,2,494,4,3836,2,266,2,305,6,2274,4,2579,California
Modoc,2021-05-05,5,4601,3,497,2,3838,0,266,3,306,2,2276,3,2582,California
Mono,2020-12-18,1,1,1,1,0,0,0,0,1,1,0,0,1,1,California
Mono,2020-12-19,5,6,5,6,0,0,0,0,5,6,0,0,5,6,California
Mono,2020-12-20,7,13,7,13,0,0,0,0,7,13,0,0,7,13,California
Mono,2020-12-21,24,37,17,30,7,7,0,0,24,37,0,0,24,37,California
Mono,2020-12-22,66,103,65,95,1,8,0,0,66,103,0,0,66,103,California
Mono,2020-12-23,70,173,42,137,28,36,0,0,70,173,0,0,70,173,California
Mono,2020-12-24,3,176,1,138,2,38,0,0,3,176,0,0,3,176,California
Mono,2020-12-26,3,179,3,141,0,38,0,0,3,179,0,0,3,179,California
Mono,2020-12-28,94,273,63,204,31,69,0,0,94,273,0,0,94,273,California
Mono,2020-12-29,29,302,29,233,0,69,0,0,29,302,0,0,29,302,California
Mono,2020-12-30,77,379,36,269,41,110,0,0,77,379,0,0,77,379,California
Mono,2020-12-31,4,383,1,270,3,113,0,0,4,383,0,0,4,383,California
Mono,2021-01-01,4,387,4,274,0,113,0,0,4,387,0,0,4,387,California
Mono,2021-01-02,2,389,2,276,0,113,0,0,2,389,0,0,2,389,California
Mono,2021-01-04,1,390,0,276,1,114,0,0,1,390,0,0,1,390,California
Mono,2021-01-05,45,435,2,278,43,157,0,0,44,433,1,1,44,434,California
Mono,2021-01-06,44,479,0,278,44,201,0,0,44,477,0,1,44,478,California
Mono,2021-01-07,55,534,3,281,52,253,0,0,54,530,1,2,54,532,California
Mono,2021-01-08,2,536,1,282,1,254,0,0,1,530,1,3,1,533,California
Mono,2021-01-09,4,540,4,286,0,254,0,0,0,526,4,7,0,533,California
Mono,2021-01-10,5,545,5,291,0,254,0,0,0,521,5,12,0,533,California
Mono,2021-01-11,8,553,5,296,3,257,0,0,4,521,4,16,4,537,California
Mono,2021-01-12,282,835,75,371,207,464,0,0,218,676,63,79,218,755,California
Mono,2021-01-13,233,1068,73,444,160,624,0,0,178,799,55,134,178,933,California
Mono,2021-01-14,73,1141,71,515,2,626,0,0,73,872,0,134,73,1006,California
Mono,2021-01-15,62,1203,2,517,60,686,0,0,62,934,0,134,62,1068,California
Mono,2021-01-16,4,1207,3,520,1,687,0,0,1,932,3,137,1,1069,California
Mono,2021-01-18,64,1271,55,575,9,696,0,0,2,872,62,199,2,1071,California
Mono,2021-01-19,209,1480,207,782,2,698,0,0,171,1006,38,237,172,1243,California
Mono,2021-01-20,231,1711,199,981,32,730,0,0,170,1115,61,298,170,1413,California
Mono,2021-01-21,3,1714,3,984,0,730,0,0,3,1118,0,298,3,1416,California
Mono,2021-01-22,4,1718,0,984,4,734,0,0,4,1122,0,298,4,1420,California
Mono,2021-01-23,595,2313,595,1579,0,734,0,0,594,1715,1,299,594,2014,California
Mono,2021-01-25,203,2516,165,1744,38,772,0,0,164,1840,39,338,164,2178,California
Mono,2021-01-26,505,3021,503,2247,2,774,0,0,499,2333,6,344,499,2677,California
Mono,2021-01-27,5,3026,1,2248,4,778,0,0,5,2338,0,344,5,2682,California
Mono,2021-01-28,7,3033,3,2251,4,782,0,0,3,2337,4,348,3,2685,California
Mono,2021-01-30,202,3235,200,2451,2,784,0,0,201,2537,1,349,201,2886,California
Mono,2021-01-31,243,3478,138,2589,105,889,0,0,139,2572,104,453,139,3025,California
Mono,2021-02-01,27,3505,27,2616,0,889,0,0,0,2545,27,480,0,3025,California
Mono,2021-02-02,5,3510,0,2616,5,894,0,0,2,2544,3,483,2,3027,California
Mono,2021-02-03,4,3514,2,2618,2,896,0,0,2,2544,2,485,2,3029,California
Mono,2021-02-04,211,3725,158,2776,53,949,0,0,90,2513,121,606,90,3119,California
Mono,2021-02-05,615,4340,609,3385,6,955,0,0,612,3122,3,609,612,3731,California
Mono,2021-02-06,139,4479,138,3523,1,956,0,0,137,3257,2,611,137,3868,California
Mono,2021-02-07,2,4481,0,3523,2,958,0,0,2,3259,0,611,2,3870,California
Mono,2021-02-08,171,4652,171,3694,0,958,0,0,15,3119,155,766,15,3885,California
Mono,2021-02-09,226,4878,6,3700,220,1178,0,0,14,2921,212,978,14,3899,California
Mono,2021-02-10,537,5415,187,3887,350,1528,0,0,195,2775,342,1320,196,4095,California
Mono,2021-02-11,7,5422,4,3891,3,1531,0,0,2,2772,5,1325,2,4097,California
Mono,2021-02-12,84,5506,20,3911,64,1595,0,0,26,2740,58,1383,26,4123,California
Mono,2021-02-13,586,6092,586,4497,0,1595,0,0,25,2205,560,1943,25,4148,California
Mono,2021-02-15,167,6259,165,4662,2,1597,0,0,3,2046,162,2105,3,4151,California
Mono,2021-02-16,515,6774,512,5174,3,1600,0,0,45,1624,467,2572,45,4196,California
Mono,2021-02-17,6,6780,1,5175,5,1605,0,0,1,1620,5,2577,1,4197,California
Mono,2021-02-18,3,6783,2,5177,1,1606,0,0,2,1621,1,2578,2,4199,California
Mono,2021-02-19,54,6837,53,5230,1,1607,0,0,54,1675,0,2578,54,4253,California
Mono,2021-02-20,4,6841,4,5234,0,1607,0,0,4,1679,0,2578,4,4257,California
Mono,2021-02-21,3,6844,3,5237,0,1607,0,0,3,1682,0,2578,3,4260,California
Mono,2021-02-22,285,7129,284,5521,1,1608,0,0,24,1446,260,2838,24,4284,California
Mono,2021-02-23,135,7264,115,5636,20,1628,0,0,22,1355,113,2951,22,4306,California
Mono,2021-02-24,8,7272,3,5639,5,1633,0,0,2,1351,6,2957,2,4308,California
Mono,2021-02-25,5,7277,2,5641,3,1636,0,0,3,1353,1,2958,3,4311,California
Mono,2021-02-26,596,7873,595,6236,1,1637,0,0,20,798,575,3533,20,4331,California
Mono,2021-02-27,141,8014,137,6373,4,1641,0,0,4,668,134,3667,4,4335,California
Mono,2021-03-01,2,8016,2,6375,0,1641,0,0,1,669,0,3667,1,4336,California
Mono,2021-03-02,5,8021,3,6378,2,1643,0,0,3,670,2,3669,3,4339,California
Mono,2021-03-03,82,8103,2,6380,80,1723,0,0,79,747,2,3671,79,4418,California
Mono,2021-03-04,5,8108,1,6381,4,1727,0,0,3,748,2,3673,3,4421,California
Mono,2021-03-05,37,8145,27,6408,10,1737,0,0,14,739,23,3696,14,4435,California
Mono,2021-03-06,510,8655,17,6425,493,2230,0,0,502,1236,6,3702,503,4938,California
Mono,2021-03-07,1,8656,0,6425,1,2231,0,0,0,1235,1,3703,0,4938,California
Mono,2021-03-08,538,9194,11,6436,524,2755,3,3,529,1758,9,3712,532,5470,California
Mono,2021-03-09,6,9200,2,6438,3,2758,1,4,3,1760,2,3714,4,5474,California
Mono,2021-03-10,286,9486,90,6528,193,2951,3,7,9,1497,275,3989,12,5486,California
Mono,2021-03-11,10,9496,0,6528,1,2952,9,16,0,1496,10,3999,9,5495,California
Mono,2021-03-12,7,9503,1,6529,1,2953,5,21,0,1494,7,4006,5,5500,California
Mono,2021-03-13,824,10327,387,6916,437,3390,0,21,816,2302,8,4014,816,6316,California
Mono,2021-03-14,4,10331,4,6920,0,3390,0,21,1,2300,3,4017,1,6317,California
Mono,2021-03-15,29,10360,23,6943,1,3391,5,26,12,2301,16,4033,17,6334,California
Mono,2021-03-16,16,10376,6,6949,4,3395,6,32,8,2307,8,4041,14,6348,California
Mono,2021-03-17,33,10409,4,6953,21,3416,8,40,21,2324,12,4053,29,6377,California
Mono,2021-03-18,21,10430,2,6955,11,3427,8,48,9,2329,12,4065,17,6394,California
Mono,2021-03-19,21,10451,1,6956,17,3444,3,51,17,2346,3,4068,20,6414,California
Mono,2021-03-20,5,10456,3,6959,1,3445,1,52,4,2350,1,4069,5,6419,California
Mono,2021-03-21,1,10457,1,6960,0,3445,0,52,1,2351,0,4069,1,6420,California
Mono,2021-03-22,11,10468,0,6960,6,3451,5,57,5,2355,6,4075,10,6430,California
Mono,2021-03-23,41,10509,5,6965,31,3482,5,62,18,2355,23,4098,23,6453,California
Mono,2021-03-24,11,10520,1,6966,5,3487,5,67,5,2359,6,4104,10,6463,California
Mono,2021-03-25,19,10539,3,6969,12,3499,4,71,12,2368,7,4111,16,6479,California
Mono,2021-03-26,19,10558,3,6972,11,3510,5,76,10,2375,8,4119,15,6494,California
Mono,2021-03-27,350,10908,347,7319,3,3513,0,76,324,2673,26,4145,324,6818,California
Mono,2021-03-28,1,10909,1,7320,0,3513,0,76,1,2674,0,4145,1,6819,California
Mono,2021-03-29,10,10919,3,7323,6,3519,1,77,8,2681,2,4147,9,6828,California
Mono,2021-03-30,14,10933,0,7323,10,3529,4,81,9,2689,5,4152,13,6841,California
Mono,2021-03-31,125,11058,7,7330,117,3646,1,82,46,2658,78,4230,47,6888,California
Mono,2021-04-01,8,11066,0,7330,7,3653,1,83,3,2657,5,4235,4,6892,California
Mono,2021-04-02,17,11083,2,7332,15,3668,0,83,6,2652,11,4246,6,6898,California
Mono,2021-04-03,849,11932,366,7698,483,4151,0,83,35,1875,812,5058,35,6933,California
Mono,2021-04-05,529,12461,17,7715,511,4662,1,84,31,1410,497,5555,32,6965,California
Mono,2021-04-06,20,12481,2,7717,5,4667,13,97,2,1407,18,5573,15,6980,California
Mono,2021-04-07,24,12505,2,7719,3,4670,19,116,4,1410,20,5593,23,7003,California
Mono,2021-04-08,21,12526,2,7721,2,4672,17,133,3,1412,18,5611,20,7023,California
Mono,2021-04-09,37,12563,4,7725,4,4676,29,162,7,1418,30,5641,36,7059,California
Mono,2021-04-10,446,13009,2,7727,437,5113,7,169,28,1035,418,6059,35,7094,California
Mono,2021-04-11,1,13010,1,7728,0,5113,0,169,0,1034,1,6060,0,7094,California
Mono,2021-04-12,6,13016,0,7728,3,5116,3,172,3,1037,3,6063,6,7100,California
Mono,2021-04-13,18,13034,2,7730,15,5131,1,173,12,1044,6,6069,13,7113,California
Mono,2021-04-14,26,13060,1,7731,25,5156,0,173,7,1032,19,6088,7,7120,California
Mono,2021-04-15,19,13079,3,7734,16,5172,0,173,10,1033,9,6097,10,7130,California
Mono,2021-04-16,14,13093,1,7735,13,5185,0,173,5,1029,9,6106,5,7135,California
Mono,2021-04-17,51,13144,2,7737,49,5234,0,173,44,1066,7,6113,44,7179,California
Mono,2021-04-18,2,13146,1,7738,1,5235,0,173,2,1068,0,6113,2,7181,California
Mono,2021-04-19,526,13672,319,8057,207,5442,0,173,200,944,324,6437,200,7381,California
Mono,2021-04-20,17,13689,2,8059,15,5457,0,173,12,951,5,6442,12,7393,California
Mono,2021-04-21,9,13698,1,8060,8,5465,0,173,4,950,5,6447,4,7397,California
Mono,2021-04-22,27,13725,13,8073,14,5479,0,173,13,949,14,6461,13,7410,California
Mono,2021-04-23,21,13746,2,8075,19,5498,0,173,11,950,10,6471,11,7421,California
Mono,2021-04-24,34,13780,20,8095,14,5512,0,173,19,954,15,6486,19,7440,California
Mono,2021-04-25,3,13783,2,8097,1,5513,0,173,3,957,0,6486,3,7443,California
Mono,2021-04-26,8,13791,1,8098,7,5520,0,173,2,953,6,6492,2,7445,California
Mono,2021-04-27,63,13854,40,8138,18,5538,5,178,49,993,14,6506,54,7499,California
Mono,2021-04-28,56,13910,38,8176,16,5554,2,180,44,1029,10,6516,46,7545,California
Mono,2021-04-29,12,13922,3,8179,6,5560,3,183,4,1028,8,6524,7,7552,California
Mono,2021-04-30,13,13935,3,8182,8,5568,2,185,7,1031,6,6530,9,7561,California
Mono,2021-05-01,108,14043,3,8185,105,5673,0,185,97,1117,11,6541,97,7658,California
Mono,2021-05-02,1,14044,0,8185,1,5674,0,185,0,1116,1,6542,0,7658,California
Mono,2021-05-03,2,14046,1,8186,1,5675,0,185,2,1118,0,6542,2,7660,California
Mono,2021-05-04,6,14052,0,8186,6,5681,0,185,6,1124,0,6542,6,7666,California
Mono,2021-05-05,36,14088,8,8194,28,5709,0,185,35,1158,1,6543,35,7701,California
Monterey,2020-12-16,4,4,4,4,0,0,0,0,4,4,0,0,4,4,California
Monterey,2020-12-17,83,87,83,87,0,0,0,0,83,87,0,0,83,87,California
Monterey,2020-12-18,482,569,482,569,0,0,0,0,482,569,0,0,482,569,California
Monterey,2020-12-19,579,1148,579,1148,0,0,0,0,579,1148,0,0,579,1148,California
Monterey,2020-12-20,422,1570,422,1570,0,0,0,0,422,1570,0,0,422,1570,California
Monterey,2020-12-21,719,2289,719,2289,0,0,0,0,719,2289,0,0,719,2289,California
Monterey,2020-12-22,533,2822,520,2809,13,13,0,0,533,2822,0,0,533,2822,California
Monterey,2020-12-23,436,3258,261,3070,175,188,0,0,436,3258,0,0,436,3258,California
Monterey,2020-12-24,84,3342,10,3080,74,262,0,0,84,3342,0,0,84,3342,California
Monterey,2020-12-25,6,3348,0,3080,6,268,0,0,6,3348,0,0,6,3348,California
Monterey,2020-12-26,92,3440,5,3085,87,355,0,0,92,3440,0,0,92,3440,California
Monterey,2020-12-27,7,3447,4,3089,3,358,0,0,7,3447,0,0,7,3447,California
Monterey,2020-12-28,475,3922,25,3114,450,808,0,0,475,3922,0,0,475,3922,California
Monterey,2020-12-29,898,4820,167,3281,731,1539,0,0,898,4820,0,0,898,4820,California
Monterey,2020-12-30,568,5388,98,3379,470,2009,0,0,568,5388,0,0,568,5388,California
Monterey,2020-12-31,33,5421,11,3390,22,2031,0,0,33,5421,0,0,33,5421,California
Monterey,2021-01-01,12,5433,2,3392,10,2041,0,0,12,5433,0,0,12,5433,California
Monterey,2021-01-02,137,5570,134,3526,3,2044,0,0,137,5570,0,0,137,5570,California
Monterey,2021-01-03,30,5600,29,3555,1,2045,0,0,30,5600,0,0,30,5600,California
Monterey,2021-01-04,411,6011,18,3573,393,2438,0,0,411,6011,0,0,411,6011,California
Monterey,2021-01-05,752,6763,327,3900,425,2863,0,0,738,6735,14,14,738,6749,California
Monterey,2021-01-06,655,7418,172,4072,483,3346,0,0,633,7346,22,36,633,7382,California
Monterey,2021-01-07,745,8163,571,4643,174,3520,0,0,422,7447,321,357,422,7804,California
Monterey,2021-01-08,1087,9250,734,5377,353,3873,0,0,394,7148,693,1050,394,8198,California
Monterey,2021-01-09,964,10214,936,6313,28,3901,0,0,313,6810,651,1701,313,8511,California
Monterey,2021-01-10,274,10488,271,6584,3,3904,0,0,9,6554,265,1966,9,8520,California
Monterey,2021-01-11,1066,11554,985,7569,81,3985,0,0,363,6214,703,2669,363,8883,California
Monterey,2021-01-12,464,12018,387,7956,77,4062,0,0,203,6156,261,2930,203,9086,California
Monterey,2021-01-13,1217,13235,592,8548,625,4687,0,0,1172,7283,45,2975,1172,10258,California
Monterey,2021-01-14,1114,14349,160,8708,954,5641,0,0,1096,8364,18,2993,1099,11357,California
Monterey,2021-01-15,1046,15395,44,8752,1002,6643,0,0,1033,9384,13,3006,1033,12390,California
Monterey,2021-01-16,362,15757,299,9051,63,6706,0,0,357,9736,5,3011,357,12747,California
Monterey,2021-01-17,309,16066,288,9339,21,6727,0,0,296,10019,13,3024,296,13043,California
Monterey,2021-01-18,402,16468,50,9389,352,7079,0,0,381,10379,21,3045,381,13424,California
Monterey,2021-01-19,577,17045,396,9785,181,7260,0,0,418,10640,157,3202,418,13842,California
Monterey,2021-01-20,532,17577,270,10055,262,7522,0,0,326,10760,206,3408,326,14168,California
Monterey,2021-01-21,840,18417,93,10148,747,8269,0,0,730,11384,110,3518,734,14902,California
Monterey,2021-01-22,1050,19467,193,10341,857,9126,0,0,1011,12356,39,3557,1011,15913,California
Monterey,2021-01-23,240,19707,174,10515,66,9192,0,0,117,12352,122,3679,118,16031,California
Monterey,2021-01-24,56,19763,38,10553,18,9210,0,0,22,12340,34,3713,22,16053,California
Monterey,2021-01-25,782,20545,173,10726,609,9819,0,0,157,11879,618,4331,157,16210,California
Monterey,2021-01-26,927,21472,223,10949,704,10523,0,0,235,11422,692,5023,235,16445,California
Monterey,2021-01-27,857,22329,308,11257,549,11072,0,0,378,11321,479,5502,378,16823,California
Monterey,2021-01-28,2021,24350,737,11994,1284,12356,0,0,1681,12664,340,5842,1683,18506,California
Monterey,2021-01-29,1228,25578,706,12700,522,12878,0,0,1111,13660,116,5958,1112,19618,California
Monterey,2021-01-30,441,26019,294,12994,147,13025,0,0,184,13587,257,6215,184,19802,California
Monterey,2021-01-31,493,26512,71,13065,422,13447,0,0,483,14061,10,6225,484,20286,California
Monterey,2021-02-01,1660,28172,1147,14212,513,13960,0,0,1097,14596,562,6787,1097,21383,California
Monterey,2021-02-02,2153,30325,455,14667,1698,15658,0,0,1546,15536,606,7393,1546,22929,California
Monterey,2021-02-03,2327,32652,1045,15712,1282,16940,0,0,1552,16317,771,8164,1552,24481,California
Monterey,2021-02-04,2763,35415,2079,17791,684,17624,0,0,2457,18470,304,8468,2457,26938,California
Monterey,2021-02-05,3641,39056,2820,20611,821,18445,0,0,3207,21248,429,8897,3207,30145,California
Monterey,2021-02-06,1095,40151,378,20989,717,19162,0,0,754,21663,339,9236,754,30899,California
Monterey,2021-02-07,315,40466,270,21259,45,19207,0,0,96,21540,219,9455,96,30995,California
Monterey,2021-02-08,516,40982,290,21549,226,19433,0,0,426,21876,90,9545,426,31421,California
Monterey,2021-02-09,861,41843,673,22222,188,19621,0,0,551,22119,310,9855,553,31974,California
Monterey,2021-02-10,2085,43928,1114,23336,971,20592,0,0,1234,22503,851,10706,1235,33209,California
Monterey,2021-02-11,2499,46427,971,24307,1528,22120,0,0,1544,23096,953,11659,1546,34755,California
Monterey,2021-02-12,2585,49012,426,24733,2159,24279,0,0,1517,23546,1067,12726,1517,36272,California
Monterey,2021-02-13,1068,50080,50,24783,1018,25297,0,0,977,24432,91,12817,977,37249,California
Monterey,2021-02-14,591,50671,73,24856,518,25815,0,0,518,24877,73,12890,518,37767,California
Monterey,2021-02-15,1368,52039,160,25016,1208,27023,0,0,982,25476,384,13274,983,38750,California
Monterey,2021-02-16,1089,53128,244,25260,845,27868,0,0,866,26119,223,13497,866,39616,California
Monterey,2021-02-17,1936,55064,1163,26423,773,28641,0,0,1638,27463,296,13793,1640,41256,California
Monterey,2021-02-18,2223,57287,1175,27598,1048,29689,0,0,906,27065,1306,15099,908,42164,California
Monterey,2021-02-19,2936,60223,1532,29130,1404,31093,0,0,1345,26821,1590,16689,1346,43510,California
Monterey,2021-02-20,1005,61228,605,29735,400,31493,0,0,950,27717,54,16743,950,44460,California
Monterey,2021-02-21,1239,62467,1211,30946,28,31521,0,0,1170,28820,67,16810,1170,45630,California
Monterey,2021-02-22,976,63443,843,31789,133,31654,0,0,643,29132,331,17141,643,46273,California
Monterey,2021-02-23,951,64394,619,32408,332,31986,0,0,300,28783,650,17791,301,46574,California
Monterey,2021-02-24,2461,66855,1313,33721,1148,33134,0,0,1849,30026,607,18398,1850,48424,California
Monterey,2021-02-25,4403,71258,2413,36134,1990,35124,0,0,1472,28575,2924,21322,1473,49897,California
Monterey,2021-02-26,5247,76505,3081,39215,2166,37290,0,0,2625,28582,2619,23941,2626,52523,California
Monterey,2021-02-27,996,77501,182,39397,814,38104,0,0,805,29201,186,24127,805,53328,California
Monterey,2021-02-28,1527,79028,81,39478,1446,39550,0,0,1065,29809,457,24584,1065,54393,California
Monterey,2021-03-01,1280,80308,138,39616,1139,40689,3,3,743,30023,533,25117,747,55140,California
Monterey,2021-03-02,2727,83035,1718,41334,1009,41698,0,3,1877,31054,846,25963,1877,57017,California
Monterey,2021-03-03,3200,86235,1241,42575,1959,43657,0,3,1260,30377,1938,27901,1261,58278,California
Monterey,2021-03-04,4549,90784,1468,44043,3081,46738,0,3,2949,31730,1596,29497,2949,61227,California
Monterey,2021-03-05,3586,94370,1620,45663,1689,48427,277,280,2955,34332,630,30127,3232,64459,California
Monterey,2021-03-06,5030,99400,1067,46730,3660,52087,303,583,4126,37858,901,31028,4427,68886,California
Monterey,2021-03-07,520,99920,108,46838,167,52254,245,828,233,38047,287,31315,476,69362,California
Monterey,2021-03-08,1657,101577,326,47164,942,53196,389,1217,1119,39015,538,31853,1506,70868,California
Monterey,2021-03-09,1907,103484,678,47842,953,54149,276,1493,1419,40221,487,32340,1693,72561,California
Monterey,2021-03-10,3117,106601,1020,48862,1609,55758,488,1981,1415,40427,1696,34036,1902,74463,California
Monterey,2021-03-11,4101,110702,1402,50264,2326,58084,373,2354,2341,41388,1753,35789,2714,77177,California
Monterey,2021-03-12,4308,115010,2046,52310,2132,60216,130,2484,2632,42476,1673,37462,2761,79938,California
Monterey,2021-03-13,5239,120249,961,53271,3931,64147,347,2831,3932,45449,1307,38769,4280,84218,California
Monterey,2021-03-14,2147,122396,1325,54596,797,64944,25,2856,577,44492,1559,40328,602,84820,California
Monterey,2021-03-15,3939,126335,1265,55861,2385,67329,289,3145,2254,45353,1681,42009,2542,87362,California
Monterey,2021-03-16,3490,129825,571,56432,2545,69874,374,3519,2081,46396,1408,43417,2451,89813,California
Monterey,2021-03-17,5701,135526,2332,58764,3117,72991,252,3771,4107,49173,1587,45004,4364,94177,California
Monterey,2021-03-18,4351,139877,2153,60917,2031,75022,167,3938,2996,51026,1348,46352,3201,97378,California
Monterey,2021-03-19,5391,145268,2557,63474,2689,77711,145,4083,4116,54018,1270,47622,4262,101640,California
Monterey,2021-03-20,3307,148575,420,63894,2192,79903,695,4778,2230,55868,1074,48696,2924,104564,California
Monterey,2021-03-21,623,149198,200,64094,415,80318,8,4786,556,56366,65,48761,563,105127,California
Monterey,2021-03-22,2455,151653,1430,65524,963,81281,62,4848,2247,58469,204,48965,2307,107434,California
Monterey,2021-03-23,3969,155622,2348,67872,1579,82860,42,4890,2514,59575,1450,50415,2556,109990,California
Monterey,2021-03-24,4982,160604,2088,69960,2584,85444,310,5200,3627,62159,1351,51766,3935,113925,California
Monterey,2021-03-25,5214,165818,1210,71170,3647,89091,357,5557,2592,62495,2614,54380,2950,116875,California
Monterey,2021-03-26,5294,171112,2603,73773,2625,91716,66,5623,2656,62590,2629,57009,2724,119599,California
Monterey,2021-03-27,4760,175872,1420,75193,3084,94800,256,5879,3049,64187,1708,58717,3305,122904,California
Monterey,2021-03-28,1106,176978,333,75526,764,95564,9,5888,623,64341,478,59195,632,123536,California
Monterey,2021-03-29,3166,180144,1402,76928,1750,97314,14,5902,1950,65099,1209,60404,1967,125503,California
Monterey,2021-03-30,4437,184581,2133,79061,2262,99576,42,5944,2752,66222,1675,62079,2798,128301,California
Monterey,2021-03-31,5283,189864,2377,81438,2116,101692,790,6734,3338,68398,1942,64021,4118,132419,California
Monterey,2021-04-01,6022,195886,2061,83499,3554,105246,407,7141,3015,68824,2993,67014,3419,135838,California
Monterey,2021-04-02,4659,200545,2239,85738,2359,107605,61,7202,3164,70558,1494,68508,3228,139066,California
Monterey,2021-04-03,5763,206308,1104,86842,3638,111243,1021,8223,1184,68195,4563,73071,2200,141266,California
Monterey,2021-04-04,754,207062,155,86997,585,111828,14,8237,486,68429,268,73339,502,141768,California
Monterey,2021-04-05,3969,211031,2464,89461,1278,113106,227,8464,1462,67616,2502,75841,1689,143457,California
Monterey,2021-04-06,3330,214361,1315,90776,1543,114649,472,8936,1115,66988,2213,78054,1585,145042,California
Monterey,2021-04-07,5478,219839,1361,92137,3607,118256,510,9446,2637,67302,2831,80885,3145,148187,California
Monterey,2021-04-08,6470,226309,3455,95592,2212,120468,803,10249,3173,67989,3290,84175,3977,152164,California
Monterey,2021-04-09,5500,231809,3350,98942,1519,121987,631,10880,2217,67557,3279,87454,2847,155011,California
Monterey,2021-04-10,10015,241824,4887,103829,2980,124967,2148,13028,4894,69484,5113,92567,7040,162051,California
Monterey,2021-04-11,5425,247249,4257,108086,568,125535,600,13628,4383,73430,1036,93603,4982,167033,California
Monterey,2021-04-12,4053,251302,1839,109925,1904,127439,310,13938,900,71626,3014,96617,1210,168243,California
Monterey,2021-04-13,3123,254425,720,110645,2398,129837,5,13943,1493,71517,1608,98225,1499,169742,California
Monterey,2021-04-14,6559,260984,3111,113756,3446,133283,2,13945,1796,68565,4750,102975,1798,171540,California
Monterey,2021-04-15,5741,266725,3887,117643,1854,135137,0,13945,3826,70506,1885,104860,3826,175366,California
Monterey,2021-04-16,4661,271386,2389,120032,2258,137395,14,13959,2171,70212,2479,107339,2185,177551,California
Monterey,2021-04-17,5435,276821,1338,121370,4097,141492,0,13959,3625,72040,1797,109136,3625,181176,California
Monterey,2021-04-18,835,277656,254,121624,581,142073,0,13959,235,71679,596,109732,235,181411,California
Monterey,2021-04-19,3667,281323,1284,122908,2383,144456,0,13959,1752,71524,1907,111639,1752,183163,California
Monterey,2021-04-20,3757,285080,1574,124482,2183,146639,0,13959,1548,70885,2188,113827,1549,184712,California
Monterey,2021-04-21,5773,290853,3150,127632,2623,149262,0,13959,2834,70816,2905,116732,2836,187548,California
Monterey,2021-04-22,4694,295547,1009,128641,3685,152947,0,13959,1947,70052,2711,119443,1947,189495,California
Monterey,2021-04-23,5636,301183,2627,131268,3008,155955,1,13960,2214,68868,3402,122845,2218,191713,California
Monterey,2021-04-24,4096,305279,581,131849,3515,159470,0,13960,1528,67862,2534,125379,1528,193241,California
Monterey,2021-04-25,1232,306511,603,132452,629,160099,0,13960,788,68215,435,125814,788,194029,California
Monterey,2021-04-26,3391,309902,2132,134584,1242,161341,17,13977,854,66573,2513,128327,871,194900,California
Monterey,2021-04-27,2500,312402,865,135449,1518,162859,117,14094,1093,66381,1401,129728,1209,196109,California
Monterey,2021-04-28,3232,315634,1127,136576,1970,164829,135,14229,2113,67518,1108,130836,2245,198354,California
Monterey,2021-04-29,3997,319631,2244,138820,1688,166517,65,14294,1460,66514,2530,133366,1526,199880,California
Monterey,2021-04-30,2935,322566,1582,140402,1286,167803,67,14361,730,65111,2198,135564,795,200675,California
Monterey,2021-05-01,5412,327978,4243,144645,1129,168932,40,14401,646,61048,4747,140311,684,201359,California
Monterey,2021-05-02,4310,332288,3904,148549,382,169314,24,14425,293,57358,4007,144318,317,201676,California
Monterey,2021-05-03,1734,334022,1292,149841,362,169676,80,14505,385,56482,1341,145659,465,202141,California
Monterey,2021-05-04,1027,335049,381,150222,610,170286,36,14541,455,56412,562,146221,492,202633,California
Monterey,2021-05-05,1871,336920,691,150913,1159,171445,21,14562,628,55826,1235,147456,649,203282,California
Napa,2020-12-16,12,12,12,12,0,0,0,0,12,12,0,0,12,12,California
Napa,2020-12-17,44,56,44,56,0,0,0,0,44,56,0,0,44,56,California
Napa,2020-12-18,101,157,101,157,0,0,0,0,101,157,0,0,101,157,California
Napa,2020-12-19,221,378,221,378,0,0,0,0,221,378,0,0,221,378,California
Napa,2020-12-20,189,567,189,567,0,0,0,0,189,567,0,0,189,567,California
Napa,2020-12-21,309,876,309,876,0,0,0,0,310,877,0,0,310,877,California
Napa,2020-12-22,340,1216,331,1207,9,9,0,0,340,1217,0,0,340,1217,California
Napa,2020-12-23,427,1643,318,1525,109,118,0,0,427,1644,0,0,427,1644,California
Napa,2020-12-24,139,1782,78,1603,61,179,0,0,139,1783,0,0,139,1783,California
Napa,2020-12-25,1,1783,1,1604,0,179,0,0,1,1784,0,0,1,1784,California
Napa,2020-12-26,39,1822,11,1615,28,207,0,0,39,1823,0,0,39,1823,California
Napa,2020-12-27,32,1854,16,1631,16,223,0,0,32,1855,0,0,32,1855,California
Napa,2020-12-28,251,2105,185,1816,66,289,0,0,280,2135,0,0,280,2135,California
Napa,2020-12-29,273,2378,214,2030,59,348,0,0,307,2442,0,0,307,2442,California
Napa,2020-12-30,628,3006,485,2515,143,491,0,0,636,3078,0,0,636,3078,California
Napa,2020-12-31,461,3467,373,2888,88,579,0,0,461,3539,0,0,461,3539,California
Napa,2021-01-01,1,3468,1,2889,0,579,0,0,1,3540,0,0,1,3540,California
Napa,2021-01-02,98,3566,93,2982,5,584,0,0,98,3638,0,0,98,3638,California
Napa,2021-01-03,13,3579,11,2993,2,586,0,0,9,3647,0,0,9,3647,California
Napa,2021-01-04,106,3685,64,3057,42,628,0,0,106,3753,0,0,106,3753,California
Napa,2021-01-05,162,3847,85,3142,77,705,0,0,145,3874,24,24,145,3898,California
Napa,2021-01-06,460,4307,115,3257,345,1050,0,0,396,4208,62,86,396,4294,California
Napa,2021-01-07,497,4804,234,3491,263,1313,0,0,397,4506,99,185,397,4691,California
Napa,2021-01-08,442,5246,226,3717,216,1529,0,0,262,4589,179,364,262,4953,California
Napa,2021-01-09,325,5571,300,4017,25,1554,0,0,189,4642,136,500,189,5142,California
Napa,2021-01-10,185,5756,102,4119,83,1637,0,0,109,4675,76,576,109,5251,California
Napa,2021-01-11,883,6639,426,4545,457,2094,0,0,510,4813,374,950,512,5763,California
Napa,2021-01-12,1312,7951,370,4915,942,3036,0,0,997,5495,315,1265,997,6760,California
Napa,2021-01-13,1312,9263,264,5179,1048,4084,0,0,1150,6485,161,1426,1151,7911,California
Napa,2021-01-14,1053,10316,173,5352,880,4964,0,0,935,7304,116,1542,935,8846,California
Napa,2021-01-15,1456,11772,384,5736,1072,6036,0,0,1308,8457,156,1698,1309,10155,California
Napa,2021-01-16,357,12129,134,5870,223,6259,0,0,339,8778,18,1716,339,10494,California
Napa,2021-01-17,341,12470,176,6046,165,6424,0,0,331,9099,10,1726,331,10825,California
Napa,2021-01-18,1081,13551,197,6243,884,7308,0,0,990,9998,91,1817,990,11815,California
Napa,2021-01-19,1010,14561,405,6648,605,7913,0,0,768,10525,241,2058,768,12583,California
Napa,2021-01-20,825,15386,185,6833,640,8553,0,0,643,10988,180,2238,643,13226,California
Napa,2021-01-21,1336,16722,375,7208,961,9514,0,0,1080,11814,255,2493,1081,14307,California
Napa,2021-01-22,1540,18262,412,7620,1128,10642,0,0,1213,12702,326,2819,1214,15521,California
Napa,2021-01-23,398,18660,318,7938,80,10722,0,0,336,12976,62,2881,336,15857,California
Napa,2021-01-24,266,18926,189,8127,77,10799,0,0,208,13126,58,2939,208,16065,California
Napa,2021-01-25,1522,20448,231,8358,1291,12090,0,0,1432,14468,90,3029,1432,17497,California
Napa,2021-01-26,881,21329,285,8643,596,12686,0,0,787,15162,94,3123,788,18285,California
Napa,2021-01-27,627,21956,221,8864,406,13092,0,0,471,15478,156,3279,472,18757,California
Napa,2021-01-28,390,22346,177,9041,213,13305,0,0,198,15486,190,3469,198,18955,California
Napa,2021-01-29,254,22600,65,9106,189,13494,0,0,159,15550,95,3564,159,19114,California
Napa,2021-01-30,804,23404,695,9801,109,13603,0,0,640,16026,164,3728,640,19754,California
Napa,2021-01-31,655,24059,625,10426,30,13633,0,0,629,16629,26,3754,629,20383,California
Napa,2021-02-01,315,24374,110,10536,205,13838,0,0,163,16640,152,3906,163,20546,California
Napa,2021-02-02,608,24982,281,10817,327,14165,0,0,298,16631,307,4213,298,20844,California
Napa,2021-02-03,745,25727,310,11127,435,14600,0,0,431,16749,313,4526,431,21275,California
Napa,2021-02-04,789,26516,373,11500,416,15016,0,0,441,16844,346,4872,441,21716,California
Napa,2021-02-05,713,27229,313,11813,400,15416,0,0,345,16821,368,5240,345,22061,California
Napa,2021-02-06,435,27664,146,11959,289,15705,0,0,330,17046,105,5345,330,22391,California
Napa,2021-02-07,176,27840,163,12122,13,15718,0,0,71,17012,105,5450,71,22462,California
Napa,2021-02-08,838,28678,191,12313,647,16365,0,0,274,16725,561,6011,274,22736,California
Napa,2021-02-09,1078,29756,443,12756,635,17000,0,0,437,16521,641,6652,437,23173,California
Napa,2021-02-10,1720,31476,193,12949,1527,18527,0,0,453,15711,1264,7916,454,23627,California
Napa,2021-02-11,1492,32968,194,13143,1298,19825,0,0,406,15043,1074,8990,406,24033,California
Napa,2021-02-12,2163,35131,840,13983,1323,21148,0,0,723,14329,1437,10427,723,24756,California
Napa,2021-02-13,497,35628,52,14035,445,21593,0,0,313,14458,184,10611,313,25069,California
Napa,2021-02-14,355,35983,89,14124,266,21859,0,0,194,14491,161,10772,194,25263,California
Napa,2021-02-15,873,36856,182,14306,691,22550,0,0,220,14060,651,11423,220,25483,California
Napa,2021-02-16,1288,38144,597,14903,691,23241,0,0,612,13997,675,12098,612,26095,California
Napa,2021-02-17,1052,39196,534,15437,518,23759,0,0,481,13909,569,12667,481,26576,California
Napa,2021-02-18,1897,41093,485,15922,1412,25171,0,0,658,13331,1236,13903,658,27234,California
Napa,2021-02-19,1482,42575,587,16509,895,26066,0,0,676,13202,805,14708,676,27910,California
Napa,2021-02-20,822,43397,596,17105,226,26292,0,0,274,12928,548,15256,274,28184,California
Napa,2021-02-21,798,44195,735,17840,63,26355,0,0,196,12522,602,15858,196,28380,California
Napa,2021-02-22,443,44638,187,18027,256,26611,0,0,138,12355,305,16163,138,28518,California
Napa,2021-02-23,1126,45764,301,18328,825,27436,0,0,308,11845,818,16981,308,28826,California
Napa,2021-02-24,1164,46928,643,18971,521,27957,0,0,575,11834,587,17568,576,29402,California
Napa,2021-02-25,2553,49481,1221,20192,1332,29289,0,0,1841,12964,711,18279,1841,31243,California
Napa,2021-02-26,1502,50983,526,20718,976,30265,0,0,589,12642,911,19190,589,31832,California
Napa,2021-02-27,1118,52101,380,21098,738,31003,0,0,865,13256,251,19441,865,32697,California
Napa,2021-02-28,560,52661,459,21557,101,31104,0,0,461,13620,97,19538,461,33158,California
Napa,2021-03-01,1101,53762,815,22372,286,31390,0,0,832,14184,268,19806,832,33990,California
Napa,2021-03-02,1483,55245,1024,23396,459,31849,0,0,1142,14986,340,20146,1142,35132,California
Napa,2021-03-03,1553,56798,690,24086,863,32712,0,0,1368,16170,184,20330,1368,36500,California
Napa,2021-03-04,1710,58508,785,24871,925,33637,0,0,1472,17407,235,20565,1472,37972,California
Napa,2021-03-05,1892,60400,785,25656,1103,34740,4,4,1475,18471,415,20980,1479,39451,California
Napa,2021-03-06,648,61048,281,25937,336,35076,31,35,535,18926,111,21091,566,40017,California
Napa,2021-03-07,522,61570,319,26256,188,35264,15,50,371,19161,151,21242,386,40403,California
Napa,2021-03-08,706,62276,330,26586,323,35587,53,103,529,19568,175,21417,582,40985,California
Napa,2021-03-09,1633,63909,570,27156,1017,36604,46,149,1201,20386,429,21846,1247,42232,California
Napa,2021-03-10,1479,65388,919,28075,467,37071,93,242,777,20557,698,22544,869,43101,California
Napa,2021-03-11,1850,67238,1055,29130,666,37737,129,371,960,20755,890,23434,1088,44189,California
Napa,2021-03-12,1506,68744,915,30045,495,38232,96,467,803,20952,701,24135,898,45087,California
Napa,2021-03-13,1164,69908,299,30344,841,39073,24,491,827,21468,335,24470,851,45938,California
Napa,2021-03-14,611,70519,329,30673,134,39207,148,639,227,21459,383,24853,374,46312,California
Napa,2021-03-15,949,71468,408,31081,472,39679,69,708,480,21541,467,25320,549,46861,California
Napa,2021-03-16,1837,73305,387,31468,1324,41003,126,834,1377,22589,456,25776,1504,48365,California
Napa,2021-03-17,2497,75802,1848,33316,470,41473,179,1013,1587,23445,910,26686,1766,50131,California
Napa,2021-03-18,2104,77906,917,34233,1177,42650,10,1023,1283,23919,819,27505,1293,51424,California
Napa,2021-03-19,1444,79350,872,35105,544,43194,28,1051,715,23936,726,28231,743,52167,California
Napa,2021-03-20,1005,80355,529,35634,323,43517,153,1204,431,23947,573,28804,584,52751,California
Napa,2021-03-21,701,81056,680,36314,19,43536,2,1206,350,23949,350,29154,352,53103,California
Napa,2021-03-22,1089,82145,913,37227,165,43701,11,1217,476,23827,609,29763,487,53590,California
Napa,2021-03-23,1514,83659,822,38049,675,44376,17,1234,1001,24335,510,30273,1018,54608,California
Napa,2021-03-24,1704,85363,944,38993,752,45128,8,1242,819,24278,884,31157,827,55435,California
Napa,2021-03-25,1630,86993,1049,40042,527,45655,54,1296,745,24194,883,32040,799,56234,California
Napa,2021-03-26,1294,88287,831,40873,457,46112,6,1302,589,24088,701,32741,595,56829,California
Napa,2021-03-27,945,89232,431,41304,487,46599,27,1329,313,23796,632,33373,340,57169,California
Napa,2021-03-28,484,89716,374,41678,103,46702,7,1336,184,23688,299,33672,191,57360,California
Napa,2021-03-29,1194,90910,871,42549,318,47020,5,1341,734,23968,459,34131,739,58099,California
Napa,2021-03-30,2533,93443,929,43478,1600,48620,4,1345,1748,24935,785,34916,1752,59851,California
Napa,2021-03-31,1963,95406,958,44436,936,49556,69,1414,802,24646,1158,36074,869,60720,California
Napa,2021-04-01,1726,97132,829,45265,782,50338,115,1529,470,23980,1251,37325,585,61305,California
Napa,2021-04-02,1831,98963,821,46086,868,51206,142,1671,456,23206,1372,38697,598,61903,California
Napa,2021-04-03,622,99585,360,46446,203,51409,59,1730,208,23058,414,39111,266,62169,California
Napa,2021-04-04,353,99938,144,46590,151,51560,58,1788,124,23012,228,39339,182,62351,California
Napa,2021-04-05,1265,101203,755,47345,292,51852,218,2006,575,23116,689,40028,793,63144,California
Napa,2021-04-06,2220,103423,559,47904,1406,53258,255,2261,525,22204,1692,41720,780,63924,California
Napa,2021-04-07,1719,105142,699,48603,799,54057,221,2482,522,21754,1192,42912,742,64666,California
Napa,2021-04-08,1849,106991,1060,49663,419,54476,370,2852,977,22231,868,43780,1345,66011,California
Napa,2021-04-09,1532,108523,920,50583,310,54786,302,3154,678,22358,852,44632,979,66990,California
Napa,2021-04-10,1028,109551,345,50928,583,55369,100,3254,238,21906,789,45421,337,67327,California
Napa,2021-04-11,386,109937,301,51229,62,55431,23,3277,157,21857,229,45650,180,67507,California
Napa,2021-04-12,784,110721,303,51532,358,55789,123,3400,293,21781,490,46140,414,67921,California
Napa,2021-04-13,2519,113240,840,52372,1679,57468,0,3400,917,21100,1598,47738,917,68838,California
Napa,2021-04-14,2059,115299,975,53347,1084,58552,0,3400,1006,21061,1045,48783,1006,69844,California
Napa,2021-04-15,1618,116917,525,53872,1093,59645,0,3400,865,21178,748,49531,865,70709,California
Napa,2021-04-16,2898,119815,1569,55441,1329,60974,0,3400,2186,22654,710,50241,2186,72895,California
Napa,2021-04-17,1125,120940,266,55707,859,61833,0,3400,829,23187,296,50537,829,73724,California
Napa,2021-04-18,263,121203,171,55878,92,61925,0,3400,118,23161,144,50681,118,73842,California
Napa,2021-04-19,608,121811,339,56217,269,62194,0,3400,266,23086,341,51022,266,74108,California
Napa,2021-04-20,2912,124723,1952,58169,960,63154,0,3400,1976,24128,935,51957,1977,76085,California
Napa,2021-04-21,2823,127546,2067,60236,756,63910,0,3400,1774,24859,1044,53001,1775,77860,California
Napa,2021-04-22,1611,129157,1114,61350,497,64407,0,3400,821,24894,786,53787,821,78681,California
Napa,2021-04-23,1543,130700,1166,62516,375,64782,2,3402,1075,25505,464,54251,1075,79756,California
Napa,2021-04-24,539,131239,313,62829,226,65008,0,3402,284,25535,254,54505,284,80040,California
Napa,2021-04-25,248,131487,191,63020,57,65065,0,3402,129,25546,118,54623,129,80169,California
Napa,2021-04-26,488,131975,256,63276,232,65297,0,3402,251,25563,234,54857,251,80420,California
Napa,2021-04-27,1492,133467,424,63700,1057,66354,11,3413,625,25335,864,55721,636,81056,California
Napa,2021-04-28,906,134373,398,64098,491,66845,17,3430,300,25047,605,56326,317,81373,California
Napa,2021-04-29,565,134938,294,64392,255,67100,16,3446,173,24848,387,56713,188,81561,California
Napa,2021-04-30,572,135510,289,64681,221,67321,62,3508,247,24832,324,57037,308,81869,California
Napa,2021-05-01,325,135835,271,64952,46,67367,8,3516,125,24765,200,57237,133,82002,California
Napa,2021-05-02,230,136065,186,65138,38,67405,6,3522,96,24734,133,57370,102,82104,California
Napa,2021-05-03,214,136279,111,65249,80,67485,23,3545,65,24675,148,57518,89,82193,California
Napa,2021-05-04,1023,137302,650,65899,268,67753,105,3650,249,24257,772,58290,354,82547,California
Napa,2021-05-05,670,137972,446,66345,198,67951,26,3676,145,23906,522,58812,171,82718,California
Nevada,2020-12-16,3,3,3,3,0,0,0,0,3,3,0,0,3,3,California
Nevada,2020-12-17,6,9,6,9,0,0,0,0,6,9,0,0,6,9,California
Nevada,2020-12-18,52,61,52,61,0,0,0,0,52,61,0,0,52,61,California
Nevada,2020-12-19,55,116,55,116,0,0,0,0,55,116,0,0,55,116,California
Nevada,2020-12-20,12,128,12,128,0,0,0,0,12,128,0,0,12,128,California
Nevada,2020-12-21,69,197,69,197,0,0,0,0,69,197,0,0,69,197,California
Nevada,2020-12-22,91,288,89,286,2,2,0,0,91,288,0,0,91,288,California
Nevada,2020-12-23,233,521,202,488,31,33,0,0,233,521,0,0,233,521,California
Nevada,2020-12-24,13,534,11,499,2,35,0,0,13,534,0,0,13,534,California
Nevada,2020-12-25,3,537,3,502,0,35,0,0,3,537,0,0,3,537,California
Nevada,2020-12-26,6,543,4,506,2,37,0,0,6,543,0,0,6,543,California
Nevada,2020-12-27,88,631,88,594,0,37,0,0,88,631,0,0,88,631,California
Nevada,2020-12-28,170,801,93,687,77,114,0,0,170,801,0,0,170,801,California
Nevada,2020-12-29,100,901,74,761,26,140,0,0,100,901,0,0,100,901,California
Nevada,2020-12-30,86,987,66,827,20,160,0,0,86,987,0,0,86,987,California
Nevada,2020-12-31,39,1026,9,836,30,190,0,0,39,1026,0,0,39,1026,California
Nevada,2021-01-01,1,1027,0,836,1,191,0,0,1,1027,0,0,1,1027,California
Nevada,2021-01-02,1,1028,1,837,0,191,0,0,1,1028,0,0,1,1028,California
Nevada,2021-01-03,129,1157,126,963,3,194,0,0,129,1157,0,0,129,1157,California
Nevada,2021-01-04,71,1228,47,1010,24,218,0,0,71,1228,0,0,71,1228,California
Nevada,2021-01-05,273,1501,132,1142,141,359,0,0,272,1499,1,1,272,1500,California
Nevada,2021-01-06,91,1592,43,1185,48,407,0,0,83,1574,8,9,83,1583,California
Nevada,2021-01-07,215,1807,43,1228,172,579,0,0,208,1777,6,15,209,1792,California
Nevada,2021-01-08,222,2029,128,1356,94,673,0,0,170,1895,52,67,170,1962,California
Nevada,2021-01-09,64,2093,56,1412,8,681,0,0,16,1863,48,115,16,1978,California
Nevada,2021-01-10,17,2110,9,1421,8,689,0,0,9,1864,8,123,9,1987,California
Nevada,2021-01-11,185,2295,131,1552,54,743,0,0,57,1793,128,251,57,2044,California
Nevada,2021-01-12,597,2892,451,2003,146,889,0,0,531,2258,66,317,531,2575,California
Nevada,2021-01-13,258,3150,146,2149,112,1001,0,0,123,2246,135,452,123,2698,California
Nevada,2021-01-14,238,3388,127,2276,111,1112,0,0,220,2449,17,469,220,2918,California
Nevada,2021-01-15,394,3782,169,2445,225,1337,0,0,296,2647,98,567,296,3214,California
Nevada,2021-01-16,296,4078,15,2460,281,1618,0,0,292,2935,4,571,292,3506,California
Nevada,2021-01-17,35,4113,31,2491,4,1622,0,0,33,2966,2,573,33,3539,California
Nevada,2021-01-18,151,4264,41,2532,110,1732,0,0,141,3097,10,583,141,3680,California
Nevada,2021-01-19,244,4508,85,2617,159,1891,0,0,225,3303,19,602,225,3905,California
Nevada,2021-01-20,258,4766,153,2770,105,1996,0,0,245,3535,13,615,245,4150,California
Nevada,2021-01-21,338,5104,207,2977,131,2127,0,0,325,3847,13,628,325,4475,California
Nevada,2021-01-22,346,5450,209,3186,137,2264,0,0,316,4133,30,658,316,4791,California
Nevada,2021-01-23,177,5627,104,3290,73,2337,0,0,177,4310,0,658,177,4968,California
Nevada,2021-01-24,105,5732,98,3388,7,2344,0,0,66,4337,39,697,66,5034,California
Nevada,2021-01-25,267,5999,137,3525,130,2474,0,0,206,4482,61,758,206,5240,California
Nevada,2021-01-26,401,6400,141,3666,260,2734,0,0,297,4675,104,862,297,5537,California
Nevada,2021-01-27,417,6817,248,3914,169,2903,0,0,393,5044,24,886,393,5930,California
Nevada,2021-01-28,469,7286,318,4232,151,3054,0,0,425,5426,43,929,425,6355,California
Nevada,2021-01-29,602,7888,392,4624,210,3264,0,0,576,5978,25,954,577,6932,California
Nevada,2021-01-30,232,8120,105,4729,127,3391,0,0,229,6204,3,957,229,7161,California
Nevada,2021-01-31,102,8222,86,4815,16,3407,0,0,101,6305,1,958,102,7263,California
Nevada,2021-02-01,291,8513,71,4886,220,3627,0,0,277,6568,14,972,277,7540,California
Nevada,2021-02-02,511,9024,173,5059,338,3965,0,0,323,6703,188,1160,323,7863,California
Nevada,2021-02-03,810,9834,570,5629,240,4205,0,0,758,7410,51,1211,758,8621,California
Nevada,2021-02-04,738,10572,392,6021,346,4551,0,0,488,7649,249,1460,488,9109,California
Nevada,2021-02-05,644,11216,365,6386,279,4830,0,0,454,7915,188,1648,454,9563,California
Nevada,2021-02-06,268,11484,82,6468,186,5016,0,0,241,8129,27,1675,241,9804,California
Nevada,2021-02-07,245,11729,192,6660,53,5069,0,0,191,8266,54,1729,191,9995,California
Nevada,2021-02-08,650,12379,408,7068,242,5311,0,0,552,8720,98,1827,552,10547,California
Nevada,2021-02-09,601,12980,337,7405,264,5575,0,0,463,9045,138,1965,463,11010,California
Nevada,2021-02-10,647,13627,322,7727,325,5900,0,0,417,9233,230,2195,418,11428,California
Nevada,2021-02-11,871,14498,504,8231,367,6267,0,0,541,9445,329,2524,541,11969,California
Nevada,2021-02-12,932,15430,435,8666,497,6764,0,0,614,9743,316,2840,614,12583,California
Nevada,2021-02-13,599,16029,236,8902,363,7127,0,0,390,9929,205,3045,391,12974,California
Nevada,2021-02-14,229,16258,119,9021,110,7237,0,0,201,10102,28,3073,201,13175,California
Nevada,2021-02-15,709,16967,438,9459,271,7508,0,0,535,10463,174,3247,535,13710,California
Nevada,2021-02-16,621,17588,197,9656,424,7932,0,0,451,10745,169,3416,451,14161,California
Nevada,2021-02-17,1186,18774,764,10420,422,8354,0,0,858,11275,328,3744,858,15019,California
Nevada,2021-02-18,1006,19780,547,10967,459,8813,0,0,600,11471,404,4148,600,15619,California
Nevada,2021-02-19,1013,20793,630,11597,383,9196,0,0,652,11763,361,4509,653,16272,California
Nevada,2021-02-20,298,21091,106,11703,192,9388,0,0,173,11812,124,4633,173,16445,California
Nevada,2021-02-21,88,21179,83,11786,5,9393,0,0,8,11741,79,4712,8,16453,California
Nevada,2021-02-22,494,21673,327,12113,167,9560,0,0,346,11940,147,4859,346,16799,California
Nevada,2021-02-23,468,22141,219,12332,249,9809,0,0,206,11887,259,5118,206,17005,California
Nevada,2021-02-24,474,22615,235,12567,239,10048,0,0,249,11913,225,5343,251,17256,California
Nevada,2021-02-25,861,23476,465,13032,396,10444,0,0,431,11916,428,5771,431,17687,California
Nevada,2021-02-26,1234,24710,880,13912,354,10798,0,0,407,11499,824,6595,407,18094,California
Nevada,2021-02-27,353,25063,110,14022,243,11041,0,0,183,11512,170,6765,183,18277,California
Nevada,2021-02-28,266,25329,153,14175,113,11154,0,0,123,11493,142,6907,123,18400,California
Nevada,2021-03-01,819,26148,426,14601,393,11547,0,0,354,11384,463,7370,354,18754,California
Nevada,2021-03-02,706,26854,262,14863,444,11991,0,0,480,11642,222,7592,480,19234,California
Nevada,2021-03-03,965,27819,492,15355,472,12463,1,1,493,11665,471,8063,494,19728,California
Nevada,2021-03-04,1102,28921,614,15969,488,12951,0,1,465,11496,634,8697,465,20193,California
Nevada,2021-03-05,817,29738,458,16427,349,13300,10,11,362,11415,453,9150,372,20565,California
Nevada,2021-03-06,358,30096,121,16548,210,13510,27,38,145,11374,213,9363,172,20737,California
Nevada,2021-03-07,209,30305,109,16657,81,13591,19,57,68,11320,141,9504,87,20824,California
Nevada,2021-03-08,804,31109,538,17195,221,13812,45,102,358,11279,445,9949,404,21228,California
Nevada,2021-03-09,669,31778,318,17513,301,14113,50,152,366,11393,301,10250,415,21643,California
Nevada,2021-03-10,958,32736,604,18117,297,14410,57,209,321,11138,633,10883,378,22021,California
Nevada,2021-03-11,1103,33839,724,18841,354,14764,25,234,550,11168,545,11428,575,22596,California
Nevada,2021-03-12,1190,35029,722,19563,438,15202,30,264,504,11017,684,12112,533,23129,California
Nevada,2021-03-13,268,35297,52,19615,211,15413,5,269,97,10948,170,12282,101,23230,California
Nevada,2021-03-14,155,35452,21,19636,128,15541,6,275,33,10865,122,12404,39,23269,California
Nevada,2021-03-15,841,36293,456,20092,373,15914,12,287,358,10755,480,12884,370,23639,California
Nevada,2021-03-16,994,37287,466,20558,467,16381,61,348,647,11117,346,13230,708,24347,California
Nevada,2021-03-17,1014,38301,450,21008,554,16935,10,358,584,11284,427,13657,594,24941,California
Nevada,2021-03-18,969,39270,526,21534,420,17355,23,381,476,11294,489,14146,499,25440,California
Nevada,2021-03-19,751,40021,437,21971,282,17637,32,413,352,11282,396,14542,384,25824,California
Nevada,2021-03-20,822,40843,92,22063,306,17943,424,837,234,11355,582,15124,655,26479,California
Nevada,2021-03-21,58,40901,32,22095,25,17968,1,838,40,11379,17,15141,41,26520,California
Nevada,2021-03-22,795,41696,513,22608,277,18245,5,843,538,11667,255,15396,543,27063,California
Nevada,2021-03-23,852,42548,383,22991,443,18688,26,869,641,12126,208,15604,667,27730,California
Nevada,2021-03-24,1018,43566,540,23531,471,19159,7,876,649,12417,364,15968,655,28385,California
Nevada,2021-03-25,899,44465,451,23982,423,19582,25,901,494,12531,404,16372,518,28903,California
Nevada,2021-03-26,1138,45603,433,24415,668,20250,37,938,827,13086,308,16680,863,29766,California
Nevada,2021-03-27,567,46170,71,24486,480,20730,16,954,386,13307,181,16861,402,30168,California
Nevada,2021-03-28,174,46344,50,24536,111,20841,13,967,39,13227,132,16993,52,30220,California
Nevada,2021-03-29,821,47165,501,25037,298,21139,22,989,393,13216,425,17418,414,30634,California
Nevada,2021-03-30,1044,48209,476,25513,534,21673,34,1023,541,13296,495,17913,575,31209,California
Nevada,2021-03-31,1173,49382,659,26172,497,22170,17,1040,696,13540,468,18381,712,31921,California
Nevada,2021-04-01,1224,50606,715,26887,456,22626,53,1093,541,13456,678,19059,594,32515,California
Nevada,2021-04-02,1282,51888,655,27542,591,23217,36,1129,761,13736,517,19576,797,33312,California
Nevada,2021-04-03,287,52175,89,27631,160,23377,38,1167,83,13654,203,19779,121,33433,California
Nevada,2021-04-04,128,52303,42,27673,79,23456,7,1174,78,13689,50,19829,85,33518,California
Nevada,2021-04-05,933,53236,612,28285,302,23758,19,1193,621,14021,308,20137,640,34158,California
Nevada,2021-04-06,1067,54303,661,28946,263,24021,143,1336,469,14041,592,20729,612,34770,California
Nevada,2021-04-07,1136,55439,809,29755,245,24266,82,1418,600,14193,529,21258,681,35451,California
Nevada,2021-04-08,1272,56711,891,30646,298,24564,83,1501,700,14407,569,21827,783,36234,California
Nevada,2021-04-09,1235,57946,845,31491,321,24885,69,1570,838,14917,397,22224,907,37141,California
Nevada,2021-04-10,266,58212,81,31572,109,24994,76,1646,115,14958,150,22374,191,37332,California
Nevada,2021-04-11,100,58312,31,31603,65,25059,4,1650,39,14940,61,22435,43,37375,California
Nevada,2021-04-12,734,59046,537,32140,180,25239,17,1667,310,14846,421,22856,327,37702,California
Nevada,2021-04-13,877,59923,350,32490,527,25766,0,1667,467,14905,408,23264,467,38169,California
Nevada,2021-04-14,1048,60971,564,33054,484,26250,0,1667,537,14939,503,23767,537,38706,California
Nevada,2021-04-15,1067,62038,705,33759,362,26612,0,1667,617,15116,440,24207,617,39323,California
Nevada,2021-04-16,897,62935,696,34455,201,26813,0,1667,529,15278,367,24574,529,39852,California
Nevada,2021-04-17,194,63129,52,34507,142,26955,0,1667,84,15253,109,24683,84,39936,California
Nevada,2021-04-18,181,63310,17,34524,164,27119,0,1667,101,15274,80,24763,101,40037,California
Nevada,2021-04-19,750,64060,481,35005,269,27388,0,1667,304,15140,438,25201,304,40341,California
Nevada,2021-04-20,795,64855,307,35312,488,27876,0,1667,298,14946,492,25693,298,40639,California
Nevada,2021-04-21,898,65753,491,35803,407,28283,0,1667,267,14589,624,26317,267,40906,California
Nevada,2021-04-22,989,66742,616,36419,373,28656,0,1667,338,14287,640,26957,338,41244,California
Nevada,2021-04-23,1215,67957,538,36957,677,29333,0,1667,396,13874,809,27766,396,41640,California
Nevada,2021-04-24,519,68476,73,37030,446,29779,0,1667,169,13694,349,28115,169,41809,California
Nevada,2021-04-25,116,68592,61,37091,50,29829,5,1672,51,13686,64,28179,56,41865,California
Nevada,2021-04-26,697,69289,527,37618,162,29991,8,1680,196,13398,492,28671,204,42069,California
Nevada,2021-04-27,758,70047,345,37963,409,30400,4,1684,394,13440,356,29027,398,42467,California
Nevada,2021-04-28,935,70982,550,38513,380,30780,5,1689,364,13243,566,29593,369,42836,California
Nevada,2021-04-29,870,71852,597,39110,267,31047,6,1695,222,12824,647,30240,228,43064,California
Nevada,2021-04-30,1150,73002,687,39797,453,31500,10,1705,192,12070,956,31196,202,43266,California
Nevada,2021-05-01,142,73144,63,39860,75,31575,4,1709,61,12055,80,31276,65,43331,California
Nevada,2021-05-02,49,73193,29,39889,17,31592,3,1712,15,12039,34,31310,18,43349,California
Nevada,2021-05-03,495,73688,343,40232,139,31731,13,1725,163,11884,330,31640,175,43524,California
Nevada,2021-05-04,519,74207,155,40387,348,32079,16,1741,309,12004,205,31845,325,43849,California
Nevada,2021-05-05,406,74613,177,40564,225,32304,4,1745,225,12057,176,32021,229,44078,California
Orange,2020-12-15,16,16,16,16,0,0,0,0,16,16,0,0,16,16,California
Orange,2020-12-16,365,381,365,381,0,0,0,0,365,381,0,0,365,381,California
Orange,2020-12-17,3725,4106,3725,4106,0,0,0,0,3724,4105,0,0,3724,4105,California
Orange,2020-12-18,5052,9158,5045,9151,7,7,0,0,5051,9156,0,0,5051,9156,California
Orange,2020-12-19,2230,11388,2223,11374,7,14,0,0,2229,11385,0,0,2229,11385,California
Orange,2020-12-20,1987,13375,1984,13358,3,17,0,0,1987,13372,0,0,1987,13372,California
Orange,2020-12-21,4251,17626,4245,17603,6,23,0,0,4251,17623,0,0,4251,17623,California
Orange,2020-12-22,3982,21608,3947,21550,35,58,0,0,3982,21605,0,0,3982,21605,California
Orange,2020-12-23,3558,25166,3197,24747,361,419,0,0,3560,25165,0,0,3560,25165,California
Orange,2020-12-24,1377,26543,1078,25825,299,718,0,0,1377,26542,0,0,1377,26542,California
Orange,2020-12-25,17,26560,12,25837,5,723,0,0,17,26559,0,0,17,26559,California
Orange,2020-12-26,1023,27583,424,26261,599,1322,0,0,1023,27582,0,0,1023,27582,California
Orange,2020-12-27,582,28165,275,26536,307,1629,0,0,582,28164,0,0,582,28164,California
Orange,2020-12-28,3539,31704,2567,29103,972,2601,0,0,3539,31703,0,0,3539,31703,California
Orange,2020-12-29,3573,35277,2564,31667,1009,3610,0,0,3572,35274,1,1,3572,35275,California
Orange,2020-12-30,5126,40403,3558,35225,1568,5178,0,0,5126,40400,0,1,5126,40401,California
Orange,2020-12-31,1497,41900,800,36025,697,5875,0,0,1497,41897,0,1,1497,41898,California
Orange,2021-01-01,536,42436,294,36319,242,6117,0,0,535,42431,1,2,535,42433,California
Orange,2021-01-02,1407,43843,896,37215,511,6628,0,0,1407,43838,0,2,1407,43840,California
Orange,2021-01-03,578,44421,320,37535,258,6886,0,0,578,44416,0,2,578,44418,California
Orange,2021-01-04,2740,47161,1561,39096,1179,8065,0,0,2741,47156,1,3,2741,47159,California
Orange,2021-01-05,3519,50680,2293,41389,1226,9291,0,0,3112,49868,403,406,3115,50274,California
Orange,2021-01-06,5008,55688,3465,44854,1543,10834,0,0,3642,52156,1354,1760,3642,53916,California
Orange,2021-01-07,9261,64949,5163,50017,4098,14932,0,0,5693,54298,3555,5315,5697,59613,California
Orange,2021-01-08,9414,74363,5265,55282,4149,19081,0,0,5653,56202,3751,9066,5655,65268,California
Orange,2021-01-09,5006,79369,1740,57022,3266,22347,0,0,3725,58646,1281,10347,3725,68993,California
Orange,2021-01-10,4235,83604,1042,58064,3193,25540,0,0,3355,61126,879,11226,3359,72352,California
Orange,2021-01-11,9440,93044,4901,62965,4539,30079,0,0,5819,63322,3624,14850,5820,78172,California
Orange,2021-01-12,8816,101860,4722,67687,4094,34173,0,0,5352,65213,3462,18312,5353,83525,California
Orange,2021-01-13,10246,112106,4916,72603,5330,39503,0,0,7046,69071,3195,21507,7053,90578,California
Orange,2021-01-14,9966,122072,3775,76378,6191,45694,0,0,8376,75865,1588,23095,8382,98960,California
Orange,2021-01-15,10164,132236,2622,79000,7542,53236,0,0,9289,84277,883,23978,9295,108255,California
Orange,2021-01-16,8707,140943,2097,81097,6610,59846,0,0,8311,92197,396,24374,8316,116571,California
Orange,2021-01-17,8156,149099,1484,82581,6672,66518,0,0,8009,100069,147,24521,8019,124590,California
Orange,2021-01-18,9753,158852,4460,87041,5293,71811,0,0,7510,105336,2245,26766,7512,132102,California
Orange,2021-01-19,7493,166345,5418,92459,2075,73886,0,0,4862,107568,2631,29397,4863,136965,California
Orange,2021-01-20,8369,174714,5907,98366,2462,76348,0,0,5311,109827,3059,32456,5318,142283,California
Orange,2021-01-21,10998,185712,4896,103262,6102,82450,0,0,10187,119214,810,33266,10197,152480,California
Orange,2021-01-22,13623,199335,5108,108370,8515,90965,0,0,12771,131148,845,34111,12779,165259,California
Orange,2021-01-23,13131,212466,6186,114556,6945,97910,0,0,12149,142325,980,35091,12157,177416,California
Orange,2021-01-24,9820,222286,4292,118848,5528,103438,0,0,9492,151495,325,35416,9495,186911,California
Orange,2021-01-25,10440,232726,5862,124710,4578,108016,0,0,7715,156495,2720,38136,7720,194631,California
Orange,2021-01-26,11901,244627,7725,132435,4176,112192,0,0,9737,164075,2160,40296,9740,204371,California
Orange,2021-01-27,13426,258053,8004,140439,5422,117614,0,0,10724,172113,2691,42987,10729,215100,California
Orange,2021-01-28,13025,271078,7199,147638,5826,123440,0,0,11163,181436,1848,44835,11171,226271,California
Orange,2021-01-29,13635,284713,8447,156085,5188,128628,0,0,10741,189301,2880,47715,10745,237016,California
Orange,2021-01-30,12932,297645,4444,160529,8488,137116,0,0,12188,200763,729,48444,12191,249207,California
Orange,2021-01-31,13720,311365,4946,165475,8774,145890,0,0,13265,213586,450,48894,13273,262480,California
Orange,2021-02-01,14066,325431,5799,171274,8267,154157,0,0,12053,223651,1993,50887,12058,274538,California
Orange,2021-02-02,15424,340855,8373,179647,7051,161208,0,0,12673,233684,2643,53530,12676,287214,California
Orange,2021-02-03,16761,357616,12581,192228,4180,165388,0,0,13729,244464,2954,56484,13734,300948,California
Orange,2021-02-04,19834,377450,12958,205186,6876,172264,0,0,14745,254159,5058,61542,14753,315701,California
Orange,2021-02-05,20754,398204,12016,217202,8738,181002,0,0,14466,262380,6247,67789,14468,330169,California
Orange,2021-02-06,16321,414525,10787,227989,5534,186536,0,0,11065,268422,5241,73030,11283,341452,California
Orange,2021-02-07,11523,426048,8102,236091,3421,189957,0,0,7548,272179,3960,76990,7717,349169,California
Orange,2021-02-08,14863,440911,8499,244590,6364,196321,0,0,8839,275025,5994,82984,8840,358009,California
Orange,2021-02-09,17660,458571,12022,256612,5638,201959,0,0,10697,278837,6890,89874,10702,368711,California
Orange,2021-02-10,20913,479484,11191,267803,9722,211681,0,0,12669,283367,8148,98022,12678,381389,California
Orange,2021-02-11,22011,501495,11399,279202,10612,222293,0,0,12318,286136,9567,107589,12336,393725,California
Orange,2021-02-12,24772,526267,11903,291105,12869,235162,0,0,14620,290668,10094,117683,14626,408351,California
Orange,2021-02-13,22015,548282,11914,303019,10101,245263,0,0,11147,291793,10664,128347,11789,420140,California
Orange,2021-02-14,16191,564473,6573,309592,9618,254881,0,0,9549,294726,6617,134964,9550,429690,California
Orange,2021-02-15,17227,581700,7393,316985,9834,264715,0,0,8881,295314,8302,143266,8890,438580,California
Orange,2021-02-16,19925,601625,8981,325966,10944,275659,0,0,10711,296881,9168,152434,10735,449315,California
Orange,2021-02-17,17858,619483,9319,335285,8539,284198,0,0,9177,297453,8636,161070,9208,458523,California
Orange,2021-02-18,14999,634482,9844,345129,5155,289353,0,0,6747,296007,8201,169271,6755,465278,California
Orange,2021-02-19,18178,652660,10886,356015,7292,296645,0,0,6933,291758,11194,180465,6945,472223,California
Orange,2021-02-20,7491,660151,5589,361604,1902,298547,0,0,3761,291820,3709,184174,3771,475994,California
Orange,2021-02-21,4336,664487,3657,365261,679,299226,0,0,783,289085,3518,187692,783,476777,California
Orange,2021-02-22,9645,674132,7869,373130,1776,301002,0,0,3896,287274,5722,193414,3911,480688,California
Orange,2021-02-23,13267,687399,7250,380380,6017,307019,0,0,3494,281065,9713,203127,3504,484192,California
Orange,2021-02-24,21164,708563,12836,393216,8328,315347,0,0,5396,270775,15705,218832,5415,489607,California
Orange,2021-02-25,22653,731216,12283,405499,10370,325717,0,0,7984,264177,14598,233430,8000,497607,California
Orange,2021-02-26,27734,758950,14063,419562,13671,339388,0,0,11176,258939,16439,249869,11201,508808,California
Orange,2021-02-27,24964,783914,10072,429634,14890,354278,2,2,7252,248600,17608,267477,7269,516077,California
Orange,2021-02-28,19046,802960,7377,437011,11669,365947,0,2,4806,239296,14127,281604,4823,520900,California
Orange,2021-03-01,18394,821354,8384,445395,10004,375951,6,8,7113,235220,11207,292811,7131,528031,California
Orange,2021-03-02,18803,840157,8885,454280,9915,385866,3,11,9172,234837,9585,302396,9202,537233,California
Orange,2021-03-03,20366,860523,9505,463785,10858,396724,3,14,10971,236514,9319,311715,10996,548229,California
Orange,2021-03-04,22313,882836,12845,476630,9454,406178,14,28,11590,237458,10686,322401,11630,559859,California
Orange,2021-03-05,20732,903568,10748,487378,9940,416118,44,72,12687,242245,8004,330405,12791,572650,California
Orange,2021-03-06,23903,927471,13127,500505,9912,426030,864,936,12658,244580,11212,341617,13547,586197,California
Orange,2021-03-07,14839,942310,8311,508816,6138,432168,390,1326,8665,247519,6136,347753,9075,595272,California
Orange,2021-03-08,16192,958502,7413,516229,7518,439686,1261,2587,10397,253455,5748,353501,11684,606956,California
Orange,2021-03-09,19724,978226,8581,524810,8711,448397,2432,5019,11318,258840,8368,361869,13753,620709,California
Orange,2021-03-10,24019,1002245,11754,536564,9099,457496,3166,8185,12147,262336,11814,373683,15310,636019,California
Orange,2021-03-11,28861,1031106,15682,552246,9057,466553,4122,12307,13412,264507,15363,389046,17534,653553,California
Orange,2021-03-12,29199,1060305,14218,566464,11146,477699,3835,16142,14668,268582,14451,403497,18526,672079,California
Orange,2021-03-13,27693,1087998,10149,576613,13617,491316,3927,20069,14011,272891,13628,417125,17937,690016,California
Orange,2021-03-14,18778,1106776,8137,584750,8123,499439,2518,22587,11859,280370,6890,424015,14369,704385,California
Orange,2021-03-15,22974,1129750,10112,594862,12102,511541,760,23347,14346,286914,8557,432572,15101,719486,California
Orange,2021-03-16,26314,1156064,11123,605985,14969,526510,222,23569,17130,295168,9106,441678,17360,736846,California
Orange,2021-03-17,27163,1183227,13531,619516,13156,539666,476,24045,19414,307375,7681,449359,19888,756734,California
Orange,2021-03-18,27658,1210885,13890,633406,13496,553162,272,24317,21556,323171,6037,455396,21833,778567,California
Orange,2021-03-19,33360,1244245,18334,651740,14599,567761,427,24744,24863,340080,8391,463787,25300,803867,California
Orange,2021-03-20,25737,1269982,13538,665278,11993,579754,206,24950,22030,358668,3647,467434,22235,826102,California
Orange,2021-03-21,18463,1288445,10667,675945,7069,586823,727,25677,15710,372378,2727,470161,16437,842539,California
Orange,2021-03-22,22663,1311108,11700,687645,10641,597464,322,25999,19172,388464,3416,473577,19502,862041,California
Orange,2021-03-23,25887,1336995,13416,701061,11840,609304,631,26630,20809,404904,5003,478580,21443,883484,California
Orange,2021-03-24,28971,1365966,16139,717200,11932,621236,900,27530,21968,420852,6924,485504,22872,906356,California
Orange,2021-03-25,32205,1398171,17140,734340,14363,635599,702,28232,24168,437765,7956,493460,24869,931225,California
Orange,2021-03-26,34674,1432845,17974,752314,15847,651446,853,29085,24965,453976,9609,503069,25820,957045,California
Orange,2021-03-27,28323,1461168,13544,765858,14466,665912,313,29398,19775,465606,8460,511529,20090,977135,California
Orange,2021-03-28,24693,1485861,12771,778629,11855,677767,67,29465,18618,478287,6008,517537,18689,995824,California
Orange,2021-03-29,26358,1512219,12052,790681,13754,691521,552,30017,17911,488377,8373,525910,18463,1014287,California
Orange,2021-03-30,30719,1542938,13819,804500,16277,707798,623,30640,21310,500969,9340,535250,21932,1036219,California
Orange,2021-03-31,36887,1579825,19344,823844,16860,724658,683,31323,24025,512914,12767,548017,24712,1060931,California
Orange,2021-04-01,40050,1619875,21025,844869,17251,741909,1774,33097,26033,526794,13921,561938,27801,1088732,California
Orange,2021-04-02,39614,1659489,19990,864859,17918,759827,1706,34803,22519,534021,17003,578941,24230,1112962,California
Orange,2021-04-03,29878,1689367,15615,880474,12621,772448,1642,36445,14195,534242,15613,594554,15834,1128796,California
Orange,2021-04-04,18241,1707608,10636,891110,6907,779355,698,37143,8161,533065,10031,604585,8854,1137650,California
Orange,2021-04-05,29729,1737337,13917,905027,12484,791839,3328,40471,13826,534371,15835,620420,17141,1154791,California
Orange,2021-04-06,33180,1770517,15533,920560,14242,806081,3405,43876,14358,533384,18735,639155,17748,1172539,California
Orange,2021-04-07,35787,1806304,19967,940527,11278,817359,4542,48418,15780,533748,19933,659088,20297,1192836,California
Orange,2021-04-08,38445,1844749,21403,961930,11634,828993,5408,53826,18743,538262,19610,678698,24124,1216960,California
Orange,2021-04-09,40407,1885156,23559,985489,11740,840733,5108,58934,17914,538855,22410,701108,23003,1239963,California
Orange,2021-04-10,34060,1919216,18057,1003546,11802,852535,4201,63135,14135,537326,19845,720953,18316,1258279,California
Orange,2021-04-11,25450,1944666,14371,1017917,7827,860362,3252,66387,9797,534757,15606,736559,13037,1271316,California
Orange,2021-04-12,30237,1974903,15333,1033250,11398,871760,3506,69893,11901,531864,18284,754843,15391,1286707,California
Orange,2021-04-13,32208,2007111,18105,1051355,14035,885795,68,69961,15021,529824,17126,771969,15086,1301793,California
Orange,2021-04-14,34127,2041238,19921,1071276,14176,899971,30,69991,14997,525808,19044,791013,15028,1316821,California
Orange,2021-04-15,39681,2080919,24191,1095467,15479,915450,11,70002,18414,523067,21168,812181,18427,1335248,California
Orange,2021-04-16,41015,2121934,24091,1119558,16895,932345,29,70031,18518,519212,22408,834589,18553,1353801,California
Orange,2021-04-17,29695,2151629,17259,1136817,12433,944778,3,70034,12821,515235,16805,851394,12828,1366629,California
Orange,2021-04-18,21349,2172978,12908,1149725,8440,953218,1,70035,8461,510858,12842,864236,8465,1375094,California
Orange,2021-04-19,32326,2205304,17808,1167533,14516,967734,2,70037,14852,508320,17395,881631,14857,1389951,California
Orange,2021-04-20,35046,2240350,18193,1185726,16850,984584,3,70040,17530,508408,17444,899075,17532,1407483,California
Orange,2021-04-21,40267,2280617,23113,1208839,17144,1001728,10,70050,18986,506210,21194,920269,18996,1426479,California
Orange,2021-04-22,39065,2319682,20633,1229472,18425,1020153,7,70057,16276,499825,22675,942944,16290,1442769,California
Orange,2021-04-23,39851,2359533,20520,1249992,19325,1039478,6,70063,17721,495525,22029,964973,17729,1460498,California
Orange,2021-04-24,31782,2391315,16645,1266637,15102,1054580,35,70098,13373,490598,18337,983310,13410,1473908,California
Orange,2021-04-25,22926,2414241,12928,1279565,9985,1064565,13,70111,9846,487435,13027,996337,9864,1483772,California
Orange,2021-04-26,25203,2439444,12012,1291577,13017,1077582,174,70285,11035,484557,14087,1010424,11209,1494981,California
Orange,2021-04-27,27659,2467103,12585,1304162,14587,1092169,487,70772,10513,478559,17004,1027428,11006,1505987,California
Orange,2021-04-28,29800,2496903,14839,1319001,14128,1106297,833,71605,11727,473144,17973,1045401,12558,1518545,California
Orange,2021-04-29,25492,2522395,13675,1332676,10943,1117240,874,72479,9175,466942,16247,1061648,10045,1528590,California
Orange,2021-04-30,28239,2550634,16061,1348737,11283,1128523,895,73374,11778,463231,16383,1078031,12672,1541262,California
Orange,2021-05-01,21485,2572119,14486,1363223,6061,1134584,938,74312,8596,459949,12816,1090847,9534,1550796,California
Orange,2021-05-02,14695,2586814,9617,1372840,4449,1139033,629,74941,5207,456351,9432,1100279,5834,1556630,California
Orange,2021-05-03,12284,2599098,6867,1379707,5046,1144079,371,75312,4203,452890,8035,1108314,4574,1561204,California
Orange,2021-05-04,15377,2614475,8107,1387814,6843,1150922,427,75739,5684,449362,9630,1117944,6102,1567306,California
Orange,2021-05-05,11104,2625579,6599,1394413,4125,1155047,380,76119,3377,445442,7677,1125621,3757,1571063,California
Placer,2020-12-15,29,29,29,29,0,0,0,0,29,29,0,0,29,29,California
Placer,2020-12-16,54,83,54,83,0,0,0,0,54,83,0,0,54,83,California
Placer,2020-12-17,140,223,140,223,0,0,0,0,140,223,0,0,140,223,California
Placer,2020-12-18,331,554,331,554,0,0,0,0,331,554,0,0,331,554,California
Placer,2020-12-19,252,806,252,806,0,0,0,0,252,806,0,0,252,806,California
Placer,2020-12-20,234,1040,234,1040,0,0,0,0,234,1040,0,0,234,1040,California
Placer,2020-12-21,492,1532,491,1531,1,1,0,0,492,1532,0,0,492,1532,California
Placer,2020-12-22,675,2207,668,2199,7,8,0,0,675,2207,0,0,675,2207,California
Placer,2020-12-23,745,2952,659,2858,86,94,0,0,745,2952,0,0,745,2952,California
Placer,2020-12-24,398,3350,346,3204,52,146,0,0,398,3350,0,0,398,3350,California
Placer,2020-12-26,156,3506,111,3315,45,191,0,0,156,3506,0,0,156,3506,California
Placer,2020-12-27,186,3692,163,3478,23,214,0,0,186,3692,0,0,186,3692,California
Placer,2020-12-28,663,4355,536,4014,127,341,0,0,663,4355,0,0,663,4355,California
Placer,2020-12-29,761,5116,513,4527,248,589,0,0,761,5116,0,0,761,5116,California
Placer,2020-12-30,728,5844,454,4981,274,863,0,0,726,5842,0,0,726,5842,California
Placer,2020-12-31,529,6373,343,5324,186,1049,0,0,529,6371,0,0,529,6371,California
Placer,2021-01-01,15,6388,11,5335,4,1053,0,0,15,6386,0,0,15,6386,California
Placer,2021-01-02,184,6572,152,5487,32,1085,0,0,184,6570,0,0,184,6570,California
Placer,2021-01-03,154,6726,79,5566,75,1160,0,0,154,6724,0,0,154,6724,California
Placer,2021-01-04,619,7345,180,5746,439,1599,0,0,619,7343,0,0,619,7343,California
Placer,2021-01-05,725,8070,159,5905,566,2165,0,0,642,7904,82,82,643,7986,California
Placer,2021-01-06,760,8830,244,6149,516,2681,0,0,618,8380,142,224,618,8604,California
Placer,2021-01-07,985,9815,368,6517,617,3298,0,0,780,8955,205,429,780,9384,California
Placer,2021-01-08,1183,10998,528,7045,655,3953,0,0,855,9485,325,754,855,10239,California
Placer,2021-01-09,449,11447,321,7366,128,4081,0,0,233,9503,215,969,233,10472,California
Placer,2021-01-10,329,11776,186,7552,143,4224,0,0,164,9502,165,1134,164,10636,California
Placer,2021-01-11,1424,13200,806,8358,618,4842,0,0,836,9751,588,1722,837,11473,California
Placer,2021-01-12,1649,14849,876,9234,773,5615,0,0,1047,10196,602,2324,1047,12520,California
Placer,2021-01-13,1632,16481,819,10053,813,6428,0,0,1210,10989,420,2744,1213,13733,California
Placer,2021-01-14,1769,18250,652,10705,1117,7545,0,0,1414,12052,352,3096,1415,15148,California
Placer,2021-01-15,1933,20183,722,11427,1211,8756,0,0,1583,13287,349,3445,1584,16732,California
Placer,2021-01-16,1470,21653,719,12146,751,9507,0,0,1349,14516,121,3566,1350,18082,California
Placer,2021-01-17,563,22216,397,12543,166,9673,0,0,430,14813,133,3699,430,18512,California
Placer,2021-01-18,977,23193,539,13082,438,10111,0,0,748,15333,229,3928,749,19261,California
Placer,2021-01-19,2608,25801,1947,15029,661,10772,0,0,2158,17041,450,4378,2158,21419,California
Placer,2021-01-20,2261,28062,1695,16724,566,11338,0,0,1933,18647,328,4706,1934,23353,California
Placer,2021-01-21,2553,30615,1112,17836,1441,12779,0,0,2160,20416,392,5098,2161,25514,California
Placer,2021-01-22,2305,32920,595,18431,1710,14489,0,0,2130,22374,173,5271,2131,27645,California
Placer,2021-01-23,1189,34109,380,18811,809,15298,0,0,1034,23253,155,5426,1034,28679,California
Placer,2021-01-24,507,34616,265,19076,242,15540,0,0,431,23609,76,5502,432,29111,California
Placer,2021-01-25,1671,36287,803,19879,868,16408,0,0,1383,24705,288,5790,1384,30495,California
Placer,2021-01-26,1853,38140,1028,20907,825,17233,0,0,1589,26030,264,6054,1589,32084,California
Placer,2021-01-27,1839,39979,1152,22059,687,17920,0,0,1596,27386,241,6295,1597,33681,California
Placer,2021-01-28,1805,41784,1115,23174,690,18610,0,0,1557,28697,246,6541,1557,35238,California
Placer,2021-01-29,1892,43676,1171,24345,721,19331,0,0,1700,30208,191,6732,1702,36940,California
Placer,2021-01-30,1725,45401,971,25316,754,20085,0,0,1604,31692,120,6852,1604,38544,California
Placer,2021-01-31,780,46181,624,25940,156,20241,0,0,712,32337,68,6920,713,39257,California
Placer,2021-02-01,2071,48252,1090,27030,981,21222,0,0,1757,33780,314,7234,1757,41014,California
Placer,2021-02-02,2375,50627,1541,28571,834,22056,0,0,1885,35178,487,7721,1885,42899,California
Placer,2021-02-03,2918,53545,1875,30446,1043,23099,0,0,2294,36852,620,8341,2294,45193,California
Placer,2021-02-04,2758,56303,1186,31632,1572,24671,0,0,1934,37967,820,9161,1935,47128,California
Placer,2021-02-05,2729,59032,1204,32836,1525,26196,0,0,1402,38048,1322,10483,1403,48531,California
Placer,2021-02-06,1947,60979,1308,34144,639,26835,0,0,1397,38895,550,11033,1397,49928,California
Placer,2021-02-07,1222,62201,911,35055,311,27146,0,0,937,39548,284,11317,937,50865,California
Placer,2021-02-08,3302,65503,1767,36822,1535,28681,0,0,1977,40209,1317,12634,1978,52843,California
Placer,2021-02-09,3547,69050,2175,38997,1372,30053,0,0,1642,39948,1903,14537,1642,54485,California
Placer,2021-02-10,3745,72795,2189,41186,1556,31609,0,0,1742,39692,2000,16537,1744,56229,California
Placer,2021-02-11,3685,76480,1904,43090,1781,33390,0,0,1586,39193,2086,18623,1587,57816,California
Placer,2021-02-12,2841,79321,1322,44412,1519,34909,0,0,1666,39719,1141,19764,1667,59483,California
Placer,2021-02-13,2533,81854,1484,45896,1049,35958,0,0,1882,40950,651,20415,1882,61365,California
Placer,2021-02-14,1082,82936,676,46572,406,36364,0,0,739,41349,340,20755,739,62104,California
Placer,2021-02-15,2239,85175,1043,47615,1196,37560,0,0,1531,42172,709,21464,1532,63636,California
Placer,2021-02-16,3573,88748,1780,49395,1793,39353,0,0,1588,41785,1976,23440,1589,65225,California
Placer,2021-02-17,3541,92289,1960,51355,1581,40934,0,0,1509,41266,2028,25468,1509,66734,California
Placer,2021-02-18,3792,96081,2045,53400,1747,42681,0,0,1625,40734,2158,27626,1626,68360,California
Placer,2021-02-19,3585,99666,1910,55310,1675,44356,0,0,1327,39808,2254,29880,1328,69688,California
Placer,2021-02-20,1976,101642,1234,56544,742,45098,0,0,892,39625,1078,30958,895,70583,California
Placer,2021-02-21,971,102613,729,57273,242,45340,0,0,280,39218,688,31646,281,70864,California
Placer,2021-02-22,2522,105135,1774,59047,748,46088,0,0,604,37905,1917,33563,604,71468,California
Placer,2021-02-23,2544,107679,1572,60619,972,47060,0,0,879,37120,1664,35227,879,72347,California
Placer,2021-02-24,3285,110964,1174,61793,2111,49171,0,0,1789,37425,1486,36713,1791,74138,California
Placer,2021-02-25,3531,114495,1423,63216,2108,51279,0,0,1876,37655,1647,38360,1877,76015,California
Placer,2021-02-26,4095,118590,2374,65590,1721,53000,0,0,2353,38270,1738,40098,2353,78368,California
Placer,2021-02-27,2820,121410,1493,67083,1327,54327,0,0,1455,38369,1359,41457,1458,79826,California
Placer,2021-02-28,1397,122807,793,67876,604,54931,0,0,586,38150,805,42262,586,80412,California
Placer,2021-03-01,2997,125804,1990,69866,1007,55938,0,0,1549,38256,1443,43705,1549,81961,California
Placer,2021-03-02,2871,128675,1763,71629,1108,57046,0,0,1879,39148,987,44692,1879,83840,California
Placer,2021-03-03,3323,131998,1424,73053,1899,58945,0,0,1818,39468,1499,46191,1819,85659,California
Placer,2021-03-04,3629,135627,1454,74507,2175,61120,0,0,1898,39648,1719,47910,1899,87558,California
Placer,2021-03-05,3006,138633,1030,75537,1954,63074,22,22,1806,40278,1198,49108,1828,89386,California
Placer,2021-03-06,2408,141041,1483,77020,829,63903,96,118,924,39821,1477,50585,1020,90406,California
Placer,2021-03-07,1298,142339,752,77772,508,64411,38,156,531,39626,764,51349,569,90975,California
Placer,2021-03-08,2909,145248,1828,79600,968,65379,113,269,1651,40134,1256,52605,1764,92739,California
Placer,2021-03-09,3173,148421,1681,81281,1401,66780,91,360,1817,40689,1353,53958,1908,94647,California
Placer,2021-03-10,3277,151698,1319,82600,1851,68631,107,467,1705,40934,1567,55525,1812,96459,California
Placer,2021-03-11,3578,155276,1591,84191,1863,70494,124,591,1726,40943,1844,57369,1853,98312,California
Placer,2021-03-12,3671,158947,1483,85674,1407,71901,781,1372,1250,40561,2414,59783,2032,100344,California
Placer,2021-03-13,2105,161052,739,86413,1248,73149,118,1490,1128,40834,974,60757,1247,101591,California
Placer,2021-03-14,1639,162691,672,87085,818,73967,149,1639,892,41128,747,61504,1041,102632,California
Placer,2021-03-15,3177,165868,1530,88615,1516,75483,131,1770,1762,41608,1414,62918,1894,104526,California
Placer,2021-03-16,3559,169427,1917,90532,1509,76992,133,1903,2283,42760,1265,64183,2417,106943,California
Placer,2021-03-17,3415,172842,1727,92259,1589,78581,99,2002,2204,43856,1209,65392,2305,109248,California
Placer,2021-03-18,3964,176806,2197,94456,1729,80310,38,2040,2826,45588,1131,66523,2863,112111,California
Placer,2021-03-19,3429,180235,2062,96518,1103,81413,264,2304,2187,46803,1235,67758,2450,114561,California
Placer,2021-03-20,2136,182371,895,97413,1144,82557,97,2401,1301,47369,831,68589,1397,115958,California
Placer,2021-03-21,1251,183622,573,97986,669,83226,9,2410,943,48016,305,68894,952,116910,California
Placer,2021-03-22,3266,186888,2101,100087,1078,84304,87,2497,2194,49230,1068,69962,2282,119192,California
Placer,2021-03-23,3527,190415,2098,102185,1338,85642,91,2588,2523,50846,999,70961,2615,121807,California
Placer,2021-03-24,3786,194201,1997,104182,1693,87335,96,2684,1951,51080,1813,72774,2047,123854,California
Placer,2021-03-25,3775,197976,1793,105975,1885,89220,97,2781,1724,50858,2042,74816,1820,125674,California
Placer,2021-03-26,3753,201729,1657,107632,1864,91084,232,3013,1579,50508,2161,76977,1811,127485,California
Placer,2021-03-27,1596,203325,468,108100,1108,92192,20,3033,651,50241,938,77915,671,128156,California
Placer,2021-03-28,1102,204427,527,108627,565,92757,10,3043,373,49900,724,78639,383,128539,California
Placer,2021-03-29,3555,207982,1987,110614,1534,94291,34,3077,1722,49833,1824,80463,1757,130296,California
Placer,2021-03-30,3981,211963,2104,112718,1833,96124,44,3121,2097,50103,1870,82333,2140,132436,California
Placer,2021-03-31,4089,216052,1830,114548,2185,98309,74,3195,1691,49476,2391,84724,1764,134200,California
Placer,2021-04-01,2898,218950,1361,115909,1491,99800,46,3241,1599,49823,1298,86022,1645,135845,California
Placer,2021-04-02,2831,221781,1445,117354,1322,101122,64,3305,1584,50230,1240,87262,1647,137492,California
Placer,2021-04-03,1853,223634,984,118338,741,101863,128,3433,890,50292,956,88218,1018,138510,California
Placer,2021-04-04,709,224343,361,118699,295,102158,53,3486,285,50208,422,88640,338,138848,California
Placer,2021-04-05,2987,227330,1890,120589,915,103073,182,3668,1739,50885,1244,89884,1921,140769,California
Placer,2021-04-06,4272,231602,2472,123061,1501,104574,299,3967,1519,49955,2748,92632,1818,142587,California
Placer,2021-04-07,4492,236094,2560,125621,1471,106045,461,4428,2051,50028,2436,95068,2509,145096,California
Placer,2021-04-08,4685,240779,2594,128215,1545,107590,546,4974,1571,49042,3103,98171,2117,147213,California
Placer,2021-04-09,4075,244854,2246,130461,1215,108805,614,5588,1213,48018,2853,101024,1829,149042,California
Placer,2021-04-10,1980,246834,853,131314,947,109752,180,5768,847,47914,1130,102154,1026,150068,California
Placer,2021-04-11,1325,248159,504,131818,788,110540,33,5801,428,47481,893,103047,460,150528,California
Placer,2021-04-12,4105,252264,2655,134473,1070,111610,380,6181,2469,48704,1625,104672,2848,153376,California
Placer,2021-04-13,4335,256599,2989,137462,1345,112955,1,6182,2185,48744,2146,106818,2186,155562,California
Placer,2021-04-14,4064,260663,2508,139970,1555,114510,1,6183,1794,48277,2261,109079,1794,157356,California
Placer,2021-04-15,4456,265119,2470,142440,1985,116495,1,6184,2338,48509,2107,111186,2339,159695,California
Placer,2021-04-16,3657,268776,2171,144611,1486,117981,0,6184,1426,47710,2225,113411,1426,161121,California
Placer,2021-04-17,2348,271124,795,145406,1553,119534,0,6184,1456,48277,889,114300,1456,162577,California
Placer,2021-04-18,1156,272280,233,145639,923,120457,0,6184,404,47931,750,115050,404,162981,California
Placer,2021-04-19,2906,275186,1777,147416,1129,121586,0,6184,1144,47317,1759,116809,1145,164126,California
Placer,2021-04-20,3769,278955,2446,149862,1323,122909,0,6184,2399,48354,1362,118171,2399,166525,California
Placer,2021-04-21,3649,282604,2391,152253,1257,124166,1,6185,2378,49466,1267,119438,2379,168904,California
Placer,2021-04-22,3536,286140,2142,154395,1394,125560,0,6185,1734,49401,1799,121237,1734,170638,California
Placer,2021-04-23,3485,289625,2314,156709,1170,126730,1,6186,1365,48655,2112,123349,1366,172004,California
Placer,2021-04-24,2066,291691,1249,157958,817,127547,0,6186,1210,49015,850,124199,1210,173214,California
Placer,2021-04-25,901,292592,498,158456,403,127950,0,6186,557,49228,344,124543,557,173771,California
Placer,2021-04-26,2194,294786,1203,159659,968,128918,23,6209,1094,49253,1091,125634,1116,174887,California
Placer,2021-04-27,2490,297276,1308,160967,1147,130065,35,6244,1469,49742,1016,126650,1505,176392,California
Placer,2021-04-28,2724,300000,1690,162657,997,131062,37,6281,1405,49872,1312,127962,1442,177834,California
Placer,2021-04-29,2949,302949,1823,164480,1072,132134,54,6335,1120,49222,1824,129786,1174,179008,California
Placer,2021-04-30,2782,305731,1696,166176,1040,133174,46,6381,1067,48624,1711,131497,1113,180121,California
Placer,2021-05-01,1285,307016,895,167071,364,133538,26,6407,574,48519,704,132201,599,180720,California
Placer,2021-05-02,645,307661,494,167565,130,133668,21,6428,300,48497,343,132544,321,181041,California
Placer,2021-05-03,896,308557,573,168138,289,133957,34,6462,271,48180,622,133166,305,181346,California
Placer,2021-05-04,1518,310075,845,168983,583,134540,90,6552,625,48003,892,134058,715,182061,California
Placer,2021-05-05,2537,312612,1894,170877,605,135145,38,6590,535,46578,1997,136055,572,182633,California
Plumas,2020-12-18,4,4,4,4,0,0,0,0,4,4,0,0,4,4,California
Plumas,2020-12-19,1,5,1,5,0,0,0,0,1,5,0,0,1,5,California
Plumas,2020-12-21,45,50,45,50,0,0,0,0,45,50,0,0,45,50,California
Plumas,2020-12-22,92,142,92,142,0,0,0,0,92,142,0,0,92,142,California
Plumas,2020-12-23,50,192,50,192,0,0,0,0,50,192,0,0,50,192,California
Plumas,2020-12-24,6,198,6,198,0,0,0,0,6,198,0,0,6,198,California
Plumas,2020-12-28,8,206,0,198,8,8,0,0,8,206,0,0,8,206,California
Plumas,2020-12-29,32,238,22,220,10,18,0,0,32,238,0,0,32,238,California
Plumas,2020-12-30,22,260,1,221,21,39,0,0,22,260,0,0,22,260,California
Plumas,2020-12-31,4,264,1,222,3,42,0,0,4,264,0,0,4,264,California
Plumas,2021-01-04,10,274,4,226,6,48,0,0,10,274,0,0,10,274,California
Plumas,2021-01-05,22,296,2,228,20,68,0,0,22,296,0,0,22,296,California
Plumas,2021-01-06,124,420,5,233,119,187,0,0,124,420,0,0,124,420,California
Plumas,2021-01-07,53,473,2,235,51,238,0,0,52,471,1,1,52,472,California
Plumas,2021-01-08,12,485,5,240,7,245,0,0,8,475,4,5,8,480,California
Plumas,2021-01-09,2,487,2,242,0,245,0,0,1,475,1,6,1,481,California
Plumas,2021-01-11,59,546,50,292,9,254,0,0,12,440,47,53,12,493,California
Plumas,2021-01-12,155,701,86,378,69,323,0,0,71,427,84,137,71,564,California
Plumas,2021-01-13,56,757,50,428,6,329,0,0,10,391,46,183,10,574,California
Plumas,2021-01-14,96,853,14,442,82,411,0,0,91,477,5,188,91,665,California
Plumas,2021-01-15,62,915,7,449,55,466,0,0,60,535,2,190,60,725,California
Plumas,2021-01-16,58,973,1,450,57,523,0,0,58,593,0,190,58,783,California
Plumas,2021-01-18,2,975,1,451,1,524,0,0,2,595,0,190,2,785,California
Plumas,2021-01-19,36,1011,5,456,31,555,0,0,32,623,4,194,32,817,California
Plumas,2021-01-20,121,1132,3,459,118,673,0,0,119,740,2,196,119,936,California
Plumas,2021-01-21,112,1244,2,461,110,783,0,0,112,852,0,196,112,1048,California
Plumas,2021-01-22,5,1249,1,462,4,787,0,0,5,857,0,196,5,1053,California
Plumas,2021-01-23,92,1341,1,463,91,878,0,0,92,949,0,196,92,1145,California
Plumas,2021-01-24,1,1342,1,464,0,878,0,0,1,950,0,196,1,1146,California
Plumas,2021-01-25,10,1352,7,471,3,881,0,0,7,954,3,199,7,1153,California
Plumas,2021-01-26,60,1412,2,473,58,939,0,0,52,998,8,207,52,1205,California
Plumas,2021-01-27,25,1437,20,493,5,944,0,0,5,983,20,227,5,1210,California
Plumas,2021-01-28,23,1460,0,493,23,967,0,0,21,1002,2,229,21,1231,California
Plumas,2021-01-29,8,1468,2,495,6,973,0,0,7,1008,1,230,7,1238,California
Plumas,2021-01-30,8,1476,4,499,4,977,0,0,7,1014,1,231,7,1245,California
Plumas,2021-01-31,3,1479,3,502,0,977,0,0,3,1017,0,231,3,1248,California
Plumas,2021-02-01,15,1494,2,504,13,990,0,0,7,1016,8,239,7,1255,California
Plumas,2021-02-02,21,1515,2,506,19,1009,0,0,2,999,19,258,2,1257,California
Plumas,2021-02-03,128,1643,8,514,120,1129,0,0,13,898,114,372,13,1270,California
Plumas,2021-02-04,101,1744,8,522,93,1222,0,0,23,843,78,450,23,1293,California
Plumas,2021-02-05,24,1768,11,533,13,1235,0,0,9,837,15,465,9,1302,California
Plumas,2021-02-06,7,1775,0,533,7,1242,0,0,7,844,0,465,7,1309,California
Plumas,2021-02-08,16,1791,7,540,9,1251,0,0,4,836,12,477,4,1313,California
Plumas,2021-02-09,171,1962,1,541,170,1421,0,0,111,887,60,537,111,1424,California
Plumas,2021-02-10,89,2051,9,550,80,1501,0,0,80,959,9,546,81,1505,California
Plumas,2021-02-11,322,2373,7,557,315,1816,0,0,263,1163,59,605,263,1768,California
Plumas,2021-02-12,122,2495,3,560,119,1935,0,0,118,1277,4,609,118,1886,California
Plumas,2021-02-13,73,2568,4,564,69,2004,0,0,14,1232,59,668,14,1900,California
Plumas,2021-02-14,8,2576,5,569,3,2007,0,0,8,1240,0,668,8,1908,California
Plumas,2021-02-15,27,2603,5,574,22,2029,0,0,24,1261,3,671,24,1932,California
Plumas,2021-02-16,76,2679,4,578,72,2101,0,0,14,1213,62,733,14,1946,California
Plumas,2021-02-17,136,2815,5,583,131,2232,0,0,12,1101,124,857,12,1958,California
Plumas,2021-02-18,128,2943,6,589,122,2354,0,0,19,1012,109,966,20,1978,California
Plumas,2021-02-19,41,2984,4,593,37,2391,0,0,6,983,35,1001,6,1984,California
Plumas,2021-02-20,104,3088,7,600,97,2488,0,0,12,903,92,1093,12,1996,California
Plumas,2021-02-21,5,3093,5,605,0,2488,0,0,1,900,4,1097,1,1997,California
Plumas,2021-02-22,3,3096,1,606,2,2490,0,0,0,897,3,1100,0,1997,California
Plumas,2021-02-23,25,3121,5,611,20,2510,0,0,17,906,8,1108,17,2014,California
Plumas,2021-02-24,456,3577,7,618,449,2959,0,0,443,1336,13,1121,443,2457,California
Plumas,2021-02-25,231,3808,10,628,221,3180,0,0,170,1445,61,1182,170,2627,California
Plumas,2021-02-26,264,4072,8,636,256,3436,0,0,256,1694,8,1190,257,2884,California
Plumas,2021-02-27,40,4112,4,640,36,3472,0,0,33,1720,7,1197,33,2917,California
Plumas,2021-02-28,1,4113,0,640,1,3473,0,0,1,1721,0,1197,1,2918,California
Plumas,2021-03-01,13,4126,3,643,10,3483,0,0,8,1725,4,1201,8,2926,California
Plumas,2021-03-02,8,4134,0,643,8,3491,0,0,6,1729,2,1203,6,2932,California
Plumas,2021-03-03,152,4286,10,653,142,3633,0,0,136,1849,16,1219,136,3068,California
Plumas,2021-03-04,252,4538,9,662,243,3876,0,0,230,2057,22,1241,230,3298,California
Plumas,2021-03-05,400,4938,7,669,388,4264,5,5,389,2440,11,1252,394,3692,California
Plumas,2021-03-06,19,4957,2,671,9,4273,8,13,3,2435,16,1268,11,3703,California
Plumas,2021-03-07,13,4970,2,673,2,4275,9,22,3,2437,10,1278,12,3715,California
Plumas,2021-03-08,29,4999,3,676,2,4277,24,46,3,2438,26,1304,27,3742,California
Plumas,2021-03-09,133,5132,2,678,116,4393,15,61,18,2356,115,1419,33,3775,California
Plumas,2021-03-10,255,5387,3,681,238,4631,14,75,108,2332,146,1565,122,3897,California
Plumas,2021-03-11,181,5568,8,689,168,4799,5,80,146,2448,35,1600,151,4048,California
Plumas,2021-03-12,595,6163,3,692,304,5103,288,368,23,2187,572,2172,311,4359,California
Plumas,2021-03-13,25,6188,4,696,10,5113,11,379,5,2183,20,2192,16,4375,California
Plumas,2021-03-14,12,6200,3,699,4,5117,5,384,1,2179,10,2202,6,4381,California
Plumas,2021-03-15,32,6232,1,700,24,5141,7,391,6,2166,26,2228,13,4394,California
Plumas,2021-03-16,60,6292,3,703,56,5197,1,392,49,2205,11,2239,50,4444,California
Plumas,2021-03-17,73,6365,9,712,63,5260,1,393,58,2250,14,2253,59,4503,California
Plumas,2021-03-18,60,6425,6,718,38,5298,16,409,12,2230,48,2301,28,4531,California
Plumas,2021-03-19,164,6589,6,724,156,5454,2,411,155,2381,7,2308,158,4689,California
Plumas,2021-03-20,693,7282,4,728,688,6142,1,412,673,3037,18,2326,674,5363,California
Plumas,2021-03-21,2,7284,1,729,1,6143,0,412,1,3038,0,2326,1,5364,California
Plumas,2021-03-22,183,7467,2,731,181,6324,0,412,176,3207,7,2333,176,5540,California
Plumas,2021-03-23,27,7494,2,733,25,6349,0,412,13,3206,14,2347,13,5553,California
Plumas,2021-03-24,654,8148,7,740,646,6995,1,413,224,3002,429,2776,225,5778,California
Plumas,2021-03-25,299,8447,7,747,290,7285,2,415,155,3013,144,2920,155,5933,California
Plumas,2021-03-26,312,8759,9,756,303,7588,0,415,46,2794,265,3185,46,5979,California
Plumas,2021-03-27,12,8771,1,757,10,7598,1,416,2,2787,10,3195,3,5982,California
Plumas,2021-03-28,5,8776,3,760,1,7599,1,417,3,2789,2,3197,4,5986,California
Plumas,2021-03-29,12,8788,4,764,7,7606,1,418,4,2786,8,3205,5,5991,California
Plumas,2021-03-30,151,8939,3,767,147,7753,1,419,24,2684,127,3332,25,6016,California
Plumas,2021-03-31,287,9226,2,769,284,8037,1,420,267,2932,20,3352,268,6284,California
Plumas,2021-04-01,294,9520,10,779,283,8320,1,421,58,2756,234,3586,58,6342,California
Plumas,2021-04-02,374,9894,5,784,368,8688,1,422,28,2451,334,3920,29,6371,California
Plumas,2021-04-03,16,9910,3,787,5,8693,8,430,4,2451,12,3932,12,6383,California
Plumas,2021-04-04,3,9913,1,788,1,8694,1,431,0,2449,3,3935,1,6384,California
Plumas,2021-04-05,12,9925,3,791,8,8702,1,432,5,2448,7,3942,6,6390,California
Plumas,2021-04-06,120,10045,6,797,88,8790,26,458,13,2380,107,4049,39,6429,California
Plumas,2021-04-07,280,10325,6,803,99,8889,175,633,27,2329,253,4302,202,6631,California
Plumas,2021-04-08,150,10475,3,806,132,9021,15,648,34,2262,115,4417,48,6679,California
Plumas,2021-04-09,50,10525,9,815,25,9046,16,664,19,2265,31,4448,34,6713,California
Plumas,2021-04-10,23,10548,2,817,5,9051,16,680,4,2266,19,4467,20,6733,California
Plumas,2021-04-11,4,10552,3,820,0,9051,1,681,3,2269,1,4468,4,6737,California
Plumas,2021-04-12,9,10561,4,824,3,9054,2,683,6,2274,3,4471,8,6745,California
Plumas,2021-04-13,206,10767,5,829,201,9255,0,683,138,2344,68,4539,138,6883,California
Plumas,2021-04-14,108,10875,7,836,101,9356,0,683,54,2344,54,4593,54,6937,California
Plumas,2021-04-15,50,10925,2,838,48,9404,0,683,32,2358,18,4611,32,6969,California
Plumas,2021-04-16,144,11069,4,842,140,9544,0,683,4,2222,140,4751,4,6973,California
Plumas,2021-04-17,666,11735,1,843,665,10209,0,683,20,1598,644,5395,20,6993,California
Plumas,2021-04-18,3,11738,2,845,1,10210,0,683,1,1597,2,5397,1,6994,California
Plumas,2021-04-19,38,11776,3,848,35,10245,0,683,5,1569,33,5430,5,6999,California
Plumas,2021-04-20,41,11817,4,852,37,10282,0,683,25,1579,15,5445,25,7024,California
Plumas,2021-04-21,313,12130,5,857,307,10589,1,684,18,1303,294,5739,18,7042,California
Plumas,2021-04-22,270,12400,7,864,263,10852,0,684,130,1293,140,5879,130,7172,California
Plumas,2021-04-23,73,12473,6,870,67,10919,0,684,16,1252,57,5936,16,7188,California
Plumas,2021-04-24,171,12644,5,875,166,11085,0,684,146,1374,24,5960,146,7334,California
Plumas,2021-04-26,27,12671,2,877,25,11110,0,684,8,1364,18,5978,8,7342,California
Plumas,2021-04-27,88,12759,3,880,85,11195,0,684,52,1380,36,6014,52,7394,California
Plumas,2021-04-28,262,13021,3,883,259,11454,0,684,32,1183,229,6243,32,7426,California
Plumas,2021-04-29,144,13165,64,947,79,11533,1,685,104,1248,40,6283,105,7531,California
Plumas,2021-04-30,17,13182,7,954,9,11542,1,686,4,1240,13,6296,5,7536,California
Plumas,2021-05-01,3,13185,1,955,1,11543,1,687,1,1240,2,6298,2,7538,California
Plumas,2021-05-02,3,13188,3,958,0,11543,0,687,1,1239,2,6300,1,7539,California
Plumas,2021-05-03,12,13200,2,960,4,11547,6,693,3,1239,9,6309,9,7548,California
Plumas,2021-05-04,26,13226,2,962,18,11565,6,699,14,1247,12,6321,20,7568,California
Plumas,2021-05-05,31,13257,2,964,29,11594,0,699,9,1234,22,6343,9,7577,California
Riverside,2020-12-15,5,5,5,5,0,0,0,0,5,5,0,0,5,5,California
Riverside,2020-12-16,64,69,64,69,0,0,0,0,64,69,0,0,64,69,California
Riverside,2020-12-17,805,874,805,874,0,0,0,0,805,874,0,0,805,874,California
Riverside,2020-12-18,1723,2597,1722,2596,1,1,0,0,1723,2597,0,0,1723,2597,California
Riverside,2020-12-19,1027,3624,1024,3620,3,4,0,0,1025,3621,1,1,1025,3622,California
Riverside,2020-12-20,1085,4709,1084,4704,1,5,0,0,1085,4706,0,1,1085,4707,California
Riverside,2020-12-21,2272,6981,2270,6974,2,7,0,0,2272,6978,0,1,2272,6979,California
Riverside,2020-12-22,2253,9234,2214,9188,39,46,0,0,2252,9230,0,1,2252,9231,California
Riverside,2020-12-23,2129,11363,1792,10980,337,383,0,0,2130,11360,0,1,2130,11361,California
Riverside,2020-12-24,827,12190,625,11605,202,585,0,0,827,12187,0,1,827,12188,California
Riverside,2020-12-25,28,12218,5,11610,23,608,0,0,28,12215,0,1,28,12216,California
Riverside,2020-12-26,400,12618,257,11867,143,751,0,0,400,12615,0,1,400,12616,California
Riverside,2020-12-27,361,12979,243,12110,118,869,0,0,361,12976,0,1,361,12977,California
Riverside,2020-12-28,1626,14605,1126,13236,500,1369,0,0,1626,14602,0,1,1626,14603,California
Riverside,2020-12-29,1737,16342,972,14208,765,2134,0,0,1737,16339,0,1,1737,16340,California
Riverside,2020-12-30,2578,18920,1685,15893,893,3027,0,0,2577,18916,0,1,2577,18917,California
Riverside,2020-12-31,1023,19943,395,16288,628,3655,0,0,1024,19940,0,1,1024,19941,California
Riverside,2021-01-01,114,20057,44,16332,70,3725,0,0,114,20054,0,1,114,20055,California
Riverside,2021-01-02,833,20890,693,17025,140,3865,0,0,833,20887,0,1,833,20888,California
Riverside,2021-01-03,345,21235,300,17325,45,3910,0,0,344,21231,0,1,344,21232,California
Riverside,2021-01-04,1262,22497,795,18120,467,4377,0,0,1262,22493,0,1,1262,22494,California
Riverside,2021-01-05,1983,24480,1362,19482,621,4998,0,0,1888,24292,89,90,1888,24382,California
Riverside,2021-01-06,2492,26972,1112,20594,1380,6378,0,0,2186,26176,302,392,2186,26568,California
Riverside,2021-01-07,2768,29740,1814,22408,954,7332,0,0,1706,26826,1058,1450,1708,28276,California
Riverside,2021-01-08,4054,33794,2935,25343,1119,8451,0,0,2243,27262,1807,3257,2243,30519,California
Riverside,2021-01-09,2070,35864,844,26187,1226,9677,0,0,1724,28641,345,3602,1724,32243,California
Riverside,2021-01-10,1665,37529,735,26922,930,10607,0,0,1061,29098,604,4206,1061,33304,California
Riverside,2021-01-11,4520,42049,3100,30022,1420,12027,0,0,2785,30151,1733,5939,2786,36090,California
Riverside,2021-01-12,3403,45452,2730,32752,673,12700,0,0,1716,30185,1682,7621,1716,37806,California
Riverside,2021-01-13,4386,49838,2869,35621,1517,14217,0,0,2782,31366,1601,9222,2782,40588,California
Riverside,2021-01-14,5493,55331,1894,37515,3599,17816,0,0,4906,35685,587,9809,4906,45494,California
Riverside,2021-01-15,6153,61484,2097,39612,4056,21872,0,0,5865,41263,287,10096,5865,51359,California
Riverside,2021-01-16,3610,65094,1018,40630,2592,24464,0,0,3364,44382,246,10342,3365,54724,California
Riverside,2021-01-17,3595,68689,582,41212,3013,27477,0,0,3398,47585,195,10537,3398,58122,California
Riverside,2021-01-18,3725,72414,2023,43235,1702,29179,0,0,2720,49300,1005,11542,2720,60842,California
Riverside,2021-01-19,7406,79820,2639,45874,4767,33946,0,0,6289,54473,1117,12659,6290,67132,California
Riverside,2021-01-20,8108,87928,3021,48895,5087,39033,0,0,6535,59449,1563,14222,6539,73671,California
Riverside,2021-01-21,8359,96287,3518,52413,4841,43874,0,0,7711,66511,649,14871,7711,81382,California
Riverside,2021-01-22,8723,105010,2977,55390,5746,49620,0,0,8293,74377,428,15299,8294,89676,California
Riverside,2021-01-23,5926,110936,2393,57783,3533,53153,0,0,5198,78848,728,16027,5199,94875,California
Riverside,2021-01-24,3034,113970,1430,59213,1604,54757,0,0,2820,81458,211,16238,2821,97696,California
Riverside,2021-01-25,7878,121848,4537,63750,3341,58098,0,0,6752,87086,1125,17363,6753,104449,California
Riverside,2021-01-26,9118,130966,5731,69481,3387,61485,0,0,7609,93189,1507,18870,7610,112059,California
Riverside,2021-01-27,10898,141864,6384,75865,4514,65999,0,0,9295,100887,1600,20470,9298,121357,California
Riverside,2021-01-28,11484,153348,6779,82644,4705,70704,0,0,10325,110062,1151,21621,10326,131683,California
Riverside,2021-01-29,11920,165268,7274,89918,4646,75350,0,0,10551,119275,1342,22963,10555,142238,California
Riverside,2021-01-30,9054,174322,4609,94527,4445,79795,0,0,8591,127407,460,23423,8592,150830,California
Riverside,2021-01-31,5157,179479,4247,98774,910,80705,0,0,5024,132303,132,23555,5028,155858,California
Riverside,2021-02-01,10865,190344,6707,105481,4158,84863,0,0,9082,139611,1777,25332,9085,164943,California
Riverside,2021-02-02,9513,199857,4850,110331,4663,89526,0,0,8018,146144,1488,26820,8021,172964,California
Riverside,2021-02-03,12115,211972,5094,115425,7021,96547,0,0,9786,153611,2319,29139,9786,182750,California
Riverside,2021-02-04,13553,225525,6046,121471,7507,104054,0,0,11437,162941,2109,31248,11439,194189,California
Riverside,2021-02-05,14331,239856,5400,126871,8931,112985,0,0,11279,171181,3044,34292,11284,205473,California
Riverside,2021-02-06,7262,247118,4286,131157,2976,115961,0,0,5619,175168,1635,35927,5622,211095,California
Riverside,2021-02-07,2167,249285,796,131953,1371,117332,0,0,1851,176705,315,36242,1852,212947,California
Riverside,2021-02-08,12452,261737,5532,137485,6920,124252,0,0,10142,184558,2293,38535,10146,223093,California
Riverside,2021-02-09,9649,271386,4529,142014,5120,129372,0,0,7724,190371,1916,40451,7729,230822,California
Riverside,2021-02-10,12065,283451,6981,148995,5084,134456,0,0,8894,196114,3159,43610,8902,239724,California
Riverside,2021-02-11,16584,300035,9042,158037,7542,141998,0,0,12079,203725,4483,48093,12094,251818,California
Riverside,2021-02-12,17688,317723,10822,168859,6866,148864,0,0,12819,211732,4824,52917,12831,264649,California
Riverside,2021-02-13,6326,324049,2126,170985,4200,153064,0,0,3097,211639,3211,56128,3118,267767,California
Riverside,2021-02-14,4929,328978,1121,172106,3808,156872,0,0,2175,211065,2750,58878,2176,269943,California
Riverside,2021-02-15,9816,338794,4996,177102,4820,161692,0,0,5405,212074,4403,63281,5412,275355,California
Riverside,2021-02-16,16109,354903,10109,187211,6000,167692,0,0,9249,214478,6853,70134,9257,284612,California
Riverside,2021-02-17,15009,369912,8202,195413,6807,174499,0,0,7442,214376,7554,77688,7452,292064,California
Riverside,2021-02-18,15526,385438,8994,204407,6532,181031,0,0,8026,214933,7482,85170,8039,300103,California
Riverside,2021-02-19,15255,400693,8219,212626,7036,188067,0,0,7210,214125,8026,93196,7218,307321,California
Riverside,2021-02-20,8063,408756,4254,216880,3809,191876,0,0,2083,210248,5963,99159,2086,309407,California
Riverside,2021-02-21,3431,412187,2911,219791,520,192396,0,0,1027,208885,2390,101549,1027,310434,California
Riverside,2021-02-22,12355,424542,7759,227550,4596,196992,0,0,5103,206759,7234,108783,5108,315542,California
Riverside,2021-02-23,11089,435631,7557,235107,3532,200524,0,0,5390,206483,5670,114453,5394,320936,California
Riverside,2021-02-24,14803,450434,8103,243210,6700,207224,0,0,6294,204324,8470,122923,6311,327247,California
Riverside,2021-02-25,17318,467752,7382,250592,9936,217160,0,0,8039,203131,9258,132181,8065,335312,California
Riverside,2021-02-26,18588,486340,6712,257304,11876,229036,0,0,9288,203209,9242,141423,9320,344632,California
Riverside,2021-02-27,11385,497725,4917,262221,6468,235504,0,0,5677,203238,5674,147097,5703,350335,California
Riverside,2021-02-28,4623,502348,2959,265180,1664,237168,0,0,2374,203381,2238,149335,2381,352716,California
Riverside,2021-03-01,14307,516655,6095,271275,8211,245379,1,1,8431,205998,5842,155177,8459,361175,California
Riverside,2021-03-02,15283,531938,7439,278714,7843,253222,1,2,8976,208718,6284,161461,9004,370179,California
Riverside,2021-03-03,16854,548792,8345,287059,8509,261731,0,2,7279,206598,9526,170987,7406,377585,California
Riverside,2021-03-04,18703,567495,7446,294505,11253,272984,4,6,8882,205857,9777,180764,9036,386621,California
Riverside,2021-03-05,18727,586222,7511,302016,11172,284156,44,50,9264,206029,9413,190177,9585,396206,California
Riverside,2021-03-06,9441,595663,5010,307026,3949,288105,482,532,4693,206500,4734,194911,5205,401411,California
Riverside,2021-03-07,4174,599837,2698,309724,1086,289191,390,922,1960,206650,2204,197115,2354,403765,California
Riverside,2021-03-08,11927,611764,4739,314463,6780,295971,408,1330,5312,205819,6597,203712,5766,409531,California
Riverside,2021-03-09,14656,626420,6764,321227,7394,303365,498,1828,5786,203385,8852,212564,6418,415949,California
Riverside,2021-03-10,15616,642036,8391,329618,6346,309711,879,2707,6011,200860,9566,222130,7041,422990,California
Riverside,2021-03-11,19188,661224,9442,339060,7910,317621,1836,4543,7560,198873,11594,233724,9607,432597,California
Riverside,2021-03-12,21142,682366,7919,346979,8489,326110,4734,9277,7093,197011,14016,247740,12154,444751,California
Riverside,2021-03-13,8390,690756,2506,349485,4679,330789,1205,10482,4294,198513,4076,251816,5578,450329,California
Riverside,2021-03-14,4607,695363,1582,351067,1735,332524,1290,11772,2046,199295,2551,254367,3333,453662,California
Riverside,2021-03-15,18669,714032,7848,358915,9149,341673,1672,13444,9195,200826,9435,263802,10966,464628,California
Riverside,2021-03-16,20889,734921,10138,369053,9936,351609,815,14259,11385,203655,9464,273266,12293,476921,California
Riverside,2021-03-17,21265,756186,10908,379961,9308,360917,1049,15308,12774,209079,8458,281724,13882,490803,California
Riverside,2021-03-18,22554,778740,11730,391691,9171,370088,1653,16961,12520,213272,9988,291712,14181,504984,California
Riverside,2021-03-19,24004,802744,12576,404267,10478,380566,950,17911,14035,218703,9916,301628,15347,520331,California
Riverside,2021-03-20,10594,813338,6840,411107,2590,383156,1164,19075,6827,222956,3739,305367,7992,528323,California
Riverside,2021-03-21,3676,817014,2872,413979,551,383707,253,19328,2524,224595,1139,306506,2778,531101,California
Riverside,2021-03-22,16633,833647,9922,423901,6159,389866,552,19880,10601,229760,5985,312491,11150,542251,California
Riverside,2021-03-23,18543,852190,10493,434394,7628,397494,422,20302,11956,235621,6532,319023,12393,554644,California
Riverside,2021-03-24,18676,870866,10413,444807,8144,405638,119,20421,12847,242811,5783,324806,12973,567617,California
Riverside,2021-03-25,21088,891954,11644,456451,9266,414904,178,20599,14171,250317,6851,331657,14357,581974,California
Riverside,2021-03-26,24054,916008,11868,468319,12014,426918,172,20771,15009,256554,8947,340604,15184,597158,California
Riverside,2021-03-27,9255,925263,4857,473176,3342,430260,1056,21827,4788,257949,4449,345053,5844,603002,California
Riverside,2021-03-28,4724,929987,3106,476282,1526,431786,92,21919,2837,259004,1875,346928,2930,605932,California
Riverside,2021-03-29,17628,947615,8448,484730,9064,440850,116,22035,10962,263461,6632,353560,11089,617021,California
Riverside,2021-03-30,18310,965925,9537,494267,8569,449419,204,22239,11795,268984,6479,360039,12002,629023,California
Riverside,2021-03-31,17975,983900,8377,502644,9299,458718,299,22538,11426,274213,6506,366545,11735,640758,California
Riverside,2021-04-01,25335,1009235,12386,515030,12206,470924,743,23281,16394,282468,8880,375425,17135,657893,California
Riverside,2021-04-02,26006,1035241,14017,529047,11058,481982,931,24212,16351,290375,9600,385025,17507,675400,California
Riverside,2021-04-03,9235,1044476,5891,534938,2784,484766,560,24772,5992,293704,3222,388247,6551,681951,California
Riverside,2021-04-04,3351,1047827,2047,536985,1082,485848,222,24994,1749,294081,1595,389842,1972,683923,California
Riverside,2021-04-05,18317,1066144,9401,546386,7094,492942,1822,26816,9881,297385,8401,398243,11705,695628,California
Riverside,2021-04-06,23664,1089808,12313,558699,9253,502195,2098,28914,13201,302263,10418,408661,15296,710924,California
Riverside,2021-04-07,24490,1114298,13175,571874,8859,511054,2456,31370,13649,307569,10799,419460,16105,727029,California
Riverside,2021-04-08,26933,1141231,14813,586687,9198,520252,2922,34292,16429,316458,10446,429906,19335,746364,California
Riverside,2021-04-09,25974,1167205,15309,601996,8265,528517,2400,36692,15880,324705,10052,439958,18299,764663,California
Riverside,2021-04-10,11915,1179120,6707,608703,3828,532345,1380,38072,5225,324657,6649,446607,6601,771264,California
Riverside,2021-04-11,4561,1183681,2726,611429,1242,533587,593,38665,2169,325037,2380,448987,2760,774024,California
Riverside,2021-04-12,20008,1203689,8915,620344,8510,542097,2583,41248,10077,327803,9893,458880,12659,786683,California
Riverside,2021-04-13,19876,1223565,11137,631481,8714,550811,25,41273,11357,330708,8479,467359,11384,798067,California
Riverside,2021-04-14,21998,1245563,12096,643577,9887,560698,15,41288,10781,330350,11156,478515,10798,808865,California
Riverside,2021-04-15,21618,1267181,12146,655723,9465,570163,7,41295,11326,331455,10230,488745,11335,820200,California
Riverside,2021-04-16,24917,1292098,14428,670151,10483,580646,6,41301,11625,329854,13239,501984,11638,831838,California
Riverside,2021-04-17,9840,1301938,6490,676641,3350,583996,0,41301,4976,329987,4849,506833,4982,836820,California
Riverside,2021-04-18,3856,1305794,2812,679453,1037,585033,7,41308,1840,329832,2004,508837,1849,838669,California
Riverside,2021-04-19,19429,1325223,11566,691019,7861,592894,2,41310,6955,324360,12435,521272,6963,845632,California
Riverside,2021-04-20,18763,1343986,9882,700901,8872,601766,9,41319,7679,321005,11047,532319,7692,853324,California
Riverside,2021-04-21,19416,1363402,11075,711976,8333,610099,8,41327,7659,316979,11700,544019,7674,860998,California
Riverside,2021-04-22,23049,1386451,13420,725396,9626,619725,3,41330,8572,311146,14412,558431,8579,869577,California
Riverside,2021-04-23,23152,1409603,13628,739024,9510,629235,14,41344,9063,306194,14037,572468,9085,878662,California
Riverside,2021-04-24,10461,1420064,7307,746331,3152,632387,2,41346,4855,305480,5572,578040,4858,883520,California
Riverside,2021-04-25,4211,1424275,2826,749157,1385,633772,0,41346,2204,305692,1993,580033,2205,885725,California
Riverside,2021-04-26,15822,1440097,9984,759141,5797,639569,41,41387,5281,300509,10508,590541,5325,891050,California
Riverside,2021-04-27,17061,1457158,9676,768817,7227,646796,158,41545,5863,295377,11153,601694,6021,897071,California
Riverside,2021-04-28,15783,1472941,8587,777404,6957,653753,239,41784,5274,290436,10454,612148,5513,902584,California
Riverside,2021-04-29,16285,1489226,10047,787451,5951,659704,287,42071,4703,283896,11530,623678,4990,907574,California
Riverside,2021-04-30,18347,1507573,10610,798061,7394,667098,343,42414,5822,277585,12480,636158,6169,913743,California
Riverside,2021-05-01,6682,1514255,4824,802885,1704,668802,154,42568,2239,275557,4421,640579,2393,916136,California
Riverside,2021-05-02,2913,1517168,1933,804818,790,669592,190,42758,887,274623,2015,642594,1081,917217,California
Riverside,2021-05-03,14101,1531269,8211,813029,5689,675281,201,42959,3167,267106,10886,653480,3369,920586,California
Riverside,2021-05-04,13299,1544568,8217,821246,4905,680186,177,43136,3621,261274,9634,663114,3802,924388,California
Riverside,2021-05-05,8110,1552678,4787,826033,3177,683363,146,43282,1966,257272,6115,669229,2113,926501,California
Sacramento,2020-12-15,315,315,315,315,0,0,0,0,315,315,0,0,315,315,California
Sacramento,2020-12-16,643,958,643,958,0,0,0,0,643,958,0,0,643,958,California
Sacramento,2020-12-17,646,1604,646,1604,0,0,0,0,646,1604,0,0,646,1604,California
Sacramento,2020-12-18,972,2576,972,2576,0,0,0,0,972,2576,0,0,972,2576,California
Sacramento,2020-12-19,612,3188,612,3188,0,0,0,0,612,3188,0,0,612,3188,California
Sacramento,2020-12-20,633,3821,633,3821,0,0,0,0,633,3821,0,0,633,3821,California
Sacramento,2020-12-21,1677,5498,1677,5498,0,0,0,0,1678,5499,0,0,1678,5499,California
Sacramento,2020-12-22,2096,7594,2063,7561,33,33,0,0,2096,7595,0,0,2096,7595,California
Sacramento,2020-12-23,2250,9844,2082,9643,168,201,0,0,2250,9845,0,0,2250,9845,California
Sacramento,2020-12-24,1047,10891,835,10478,212,413,0,0,1047,10892,0,0,1047,10892,California
Sacramento,2020-12-25,1,10892,0,10478,1,414,0,0,1,10893,0,0,1,10893,California
Sacramento,2020-12-26,509,11401,291,10769,218,632,0,0,509,11402,0,0,509,11402,California
Sacramento,2020-12-27,351,11752,247,11016,104,736,0,0,351,11753,0,0,351,11753,California
Sacramento,2020-12-28,1903,13655,1324,12340,579,1315,0,0,1902,13654,1,1,1902,13655,California
Sacramento,2020-12-29,1952,15607,1188,13528,764,2079,0,0,1952,15606,0,1,1952,15607,California
Sacramento,2020-12-30,2556,18163,1454,14982,1102,3181,0,0,2557,18163,0,1,2557,18164,California
Sacramento,2020-12-31,1229,19392,695,15677,534,3715,0,0,1230,19393,0,1,1230,19394,California
Sacramento,2021-01-01,81,19473,70,15747,11,3726,0,0,81,19474,0,1,81,19475,California
Sacramento,2021-01-02,563,20036,362,16109,201,3927,0,0,563,20037,0,1,563,20038,California
Sacramento,2021-01-03,410,20446,221,16330,189,4116,0,0,410,20447,0,1,410,20448,California
Sacramento,2021-01-04,1958,22404,845,17175,1113,5229,0,0,1956,22402,1,2,1956,22404,California
Sacramento,2021-01-05,2212,24616,986,18161,1226,6455,0,0,1858,23913,354,356,1865,24269,California
Sacramento,2021-01-06,2734,27350,1621,19782,1113,7568,0,0,1958,25099,772,1128,1958,26227,California
Sacramento,2021-01-07,2832,30182,1504,21286,1328,8896,0,0,1972,26214,857,1985,1972,28199,California
Sacramento,2021-01-08,3299,33481,2094,23380,1205,10101,0,0,2262,27444,1033,3018,2263,30462,California
Sacramento,2021-01-09,1287,34768,798,24178,489,10590,0,0,897,27953,388,3406,897,31359,California
Sacramento,2021-01-10,1246,36014,710,24888,536,11126,0,0,775,28259,470,3876,776,32135,California
Sacramento,2021-01-11,4350,40364,2959,27847,1391,12517,0,0,2414,28750,1935,5811,2426,34561,California
Sacramento,2021-01-12,4395,44759,3033,30880,1362,13879,0,0,2428,29216,1966,7777,2432,36993,California
Sacramento,2021-01-13,3789,48548,2173,33053,1616,15495,0,0,2375,30179,1413,9190,2376,39369,California
Sacramento,2021-01-14,4621,53169,2367,35420,2254,17749,0,0,3698,32958,919,10109,3698,43067,California
Sacramento,2021-01-15,4420,57589,2263,37683,2157,19906,0,0,3698,35936,721,10830,3699,46766,California
Sacramento,2021-01-16,2090,59679,1292,38975,798,20704,0,0,1873,37592,217,11047,1873,48639,California
Sacramento,2021-01-17,1639,61318,952,39927,687,21391,0,0,1461,38878,178,11225,1464,50103,California
Sacramento,2021-01-18,2862,64180,1768,41695,1094,22485,0,0,2335,40688,526,11751,2336,52439,California
Sacramento,2021-01-19,5000,69180,3053,44748,1947,24432,0,0,3730,43150,1270,13021,3732,56171,California
Sacramento,2021-01-20,4785,73965,2828,47576,1957,26389,0,0,3565,45498,1222,14243,3570,59741,California
Sacramento,2021-01-21,5193,79158,2992,50568,2201,28590,0,0,4229,48770,958,15201,4230,63971,California
Sacramento,2021-01-22,4978,84136,2653,53221,2325,30915,0,0,4677,53148,300,15501,4678,68649,California
Sacramento,2021-01-23,3728,87864,1559,54780,2169,33084,0,0,3271,55962,457,15958,3271,71920,California
Sacramento,2021-01-24,1591,89455,996,55776,595,33679,0,0,1350,57072,241,16199,1351,73271,California
Sacramento,2021-01-25,4359,93814,2110,57886,2249,35928,0,0,2942,58599,1417,17616,2944,76215,California
Sacramento,2021-01-26,4724,98538,2136,60022,2588,38516,0,0,3521,60921,1201,18817,3523,79738,California
Sacramento,2021-01-27,5804,104342,3050,63072,2754,41270,0,0,4200,63522,1601,20418,4202,83940,California
Sacramento,2021-01-28,5361,109703,2707,65779,2654,43924,0,0,4267,66697,1093,21511,4268,88208,California
Sacramento,2021-01-29,5399,115102,2938,68717,2461,46385,0,0,4374,70055,1016,22527,4374,92582,California
Sacramento,2021-01-30,4513,119615,2208,70925,2305,48690,0,0,4078,73700,433,22960,4078,96660,California
Sacramento,2021-01-31,2306,121921,2012,72937,294,48984,0,0,2031,75460,273,23233,2033,98693,California
Sacramento,2021-02-01,5909,127830,3015,75952,2894,51878,0,0,4246,78047,1659,24892,4246,102939,California
Sacramento,2021-02-02,6930,134760,3761,79713,3169,55047,0,0,4847,80832,2064,26956,4849,107788,California
Sacramento,2021-02-03,7092,141852,3551,83264,3541,58588,0,0,5230,84212,1852,28808,5232,113020,California
Sacramento,2021-02-04,7716,149568,3638,86902,4078,62666,0,0,5499,87504,2207,31015,5499,118519,California
Sacramento,2021-02-05,7804,157372,4444,91346,3360,66026,0,0,4869,89464,2912,33927,4872,123391,California
Sacramento,2021-02-06,8433,165805,3449,94795,4984,71010,0,0,7105,95246,1324,35251,7106,130497,California
Sacramento,2021-02-07,4068,169873,2183,96978,1885,72895,0,0,2846,96880,1214,36465,2848,133345,California
Sacramento,2021-02-08,6198,176071,3201,100179,2997,75892,0,0,3887,98460,2307,38772,3887,137232,California
Sacramento,2021-02-09,6803,182874,3593,103772,3210,79102,0,0,4012,99691,2782,41554,4013,141245,California
Sacramento,2021-02-10,7658,190532,4173,107945,3485,82587,0,0,4533,101115,3111,44665,4535,145780,California
Sacramento,2021-02-11,9590,200122,5739,113684,3851,86438,0,0,5553,102646,4024,48689,5555,151335,California
Sacramento,2021-02-12,10651,210773,4141,117825,6510,92948,0,0,6401,104855,4195,52884,6404,157739,California
Sacramento,2021-02-13,7606,218379,2992,120817,4614,97562,0,0,6023,109297,1581,54465,6023,163762,California
Sacramento,2021-02-14,3157,221536,1943,122760,1214,98776,0,0,2082,110310,1073,55538,2086,165848,California
Sacramento,2021-02-15,5982,227518,2040,124800,3942,102718,0,0,4159,112655,1816,57354,4161,170009,California
Sacramento,2021-02-16,9208,236726,4201,129001,5007,107725,0,0,5308,114074,3893,61247,5312,175321,California
Sacramento,2021-02-17,8825,245551,4977,133978,3848,111573,0,0,5135,115533,3678,64925,5137,180458,California
Sacramento,2021-02-18,9531,255082,5715,139693,3816,115389,0,0,5752,117516,3772,68697,5755,186213,California
Sacramento,2021-02-19,9999,265081,6132,145825,3867,119256,0,0,5909,119353,4077,72774,5914,192127,California
Sacramento,2021-02-20,7354,272435,5372,151197,1982,121238,0,0,4302,120612,3044,75818,4303,196430,California
Sacramento,2021-02-21,2921,275356,2324,153521,597,121835,0,0,1018,119735,1895,77713,1018,197448,California
Sacramento,2021-02-22,6186,281542,3743,157264,2443,124278,0,0,2682,118928,3493,81206,2686,200134,California
Sacramento,2021-02-23,7135,288677,4435,161699,2700,126978,0,0,3469,118751,3650,84856,3473,203607,California
Sacramento,2021-02-24,9641,298318,5293,166992,4348,131326,0,0,5282,119696,4342,89198,5287,208894,California
Sacramento,2021-02-25,10099,308417,5409,172401,4690,136016,0,0,5594,120800,4490,93688,5594,214488,California
Sacramento,2021-02-26,13893,322310,6458,178859,7435,143451,0,0,9569,126080,4293,97981,9573,224061,California
Sacramento,2021-02-27,10799,333109,6717,185576,4079,147530,3,3,7937,131177,2844,100825,7941,232002,California
Sacramento,2021-02-28,5605,338714,2217,187793,3388,150918,0,3,2588,130763,3003,103828,2589,234591,California
Sacramento,2021-03-01,8038,346752,3466,191259,4572,155490,0,3,4345,131439,3671,107499,4347,238938,California
Sacramento,2021-03-02,9235,355987,4017,195276,5217,160707,1,4,5668,133559,3552,111051,5672,244610,California
Sacramento,2021-03-03,10909,366896,4997,200273,5909,166616,3,7,6502,135677,4389,115440,6507,251117,California
Sacramento,2021-03-04,13399,380295,6152,206425,7243,173859,4,11,7461,137240,5908,121348,7471,258588,California
Sacramento,2021-03-05,10568,390863,4880,211305,5658,179517,30,41,7025,140773,3522,124870,7055,265643,California
Sacramento,2021-03-06,8079,398942,3098,214403,4859,184376,122,163,4088,141008,3974,128844,4209,269852,California
Sacramento,2021-03-07,7581,406523,2193,216596,5303,189679,85,248,3726,140967,3850,132694,3809,273661,California
Sacramento,2021-03-08,9097,415620,4240,220836,4633,194312,224,472,5957,144019,3127,135821,6179,279840,California
Sacramento,2021-03-09,9532,425152,4527,225363,4731,199043,274,746,5487,145750,4030,139851,5761,285601,California
Sacramento,2021-03-10,11675,436827,7477,232840,3869,202912,329,1075,6830,148102,4809,144660,7161,292762,California
Sacramento,2021-03-11,13900,450727,8904,241744,4204,207116,792,1867,8255,151541,5607,150267,9046,301808,California
Sacramento,2021-03-12,17254,467981,8302,250046,8119,215235,833,2700,8141,151462,9061,159328,8982,310790,California
Sacramento,2021-03-13,12945,480926,3571,253617,8951,224186,423,3123,8145,155241,4787,164115,8566,319356,California
Sacramento,2021-03-14,8373,489299,3461,257078,4282,228468,630,3753,4476,156472,3874,167989,5105,324461,California
Sacramento,2021-03-15,12149,501448,4817,261895,6683,235151,649,4402,7069,159133,5059,173048,7720,332181,California
Sacramento,2021-03-16,13948,515396,6197,268092,7113,242264,638,5040,8616,163084,5299,178347,9250,341431,California
Sacramento,2021-03-17,13575,528971,6568,274660,6397,248661,610,5650,8754,167659,4794,183141,9369,350800,California
Sacramento,2021-03-18,14030,543001,6603,281263,6863,255524,564,6214,9293,172805,4709,187850,9855,360655,California
Sacramento,2021-03-19,15079,558080,7485,288748,6225,261749,1369,7583,7637,174392,7417,195267,9004,369659,California
Sacramento,2021-03-20,12888,570968,7531,296279,5018,266767,339,7922,8173,178222,4684,199951,8514,378173,California
Sacramento,2021-03-21,5598,576566,2752,299031,2807,269574,39,7961,4947,182571,639,200590,4988,383161,California
Sacramento,2021-03-22,9283,585849,4785,303816,3717,273291,781,8742,6274,186644,2983,203573,7056,390217,California
Sacramento,2021-03-23,11308,597157,6743,310559,3757,277048,808,9550,7310,190801,3960,207533,8117,398334,California
Sacramento,2021-03-24,11836,608993,7262,317821,3943,280991,631,10181,6742,193163,5013,212546,7375,405709,California
Sacramento,2021-03-25,12564,621557,6844,324665,4913,285904,807,10988,7303,196051,5219,217765,8107,413816,California
Sacramento,2021-03-26,17604,639161,8313,332978,8803,294707,488,11476,8621,196246,8916,226681,9111,422927,California
Sacramento,2021-03-27,9651,648812,3552,336530,5813,300520,286,11762,5211,197330,4409,231090,5493,428420,California
Sacramento,2021-03-28,6499,655311,3211,339741,3040,303560,248,12010,3129,197351,3360,234450,3381,431801,California
Sacramento,2021-03-29,11007,666318,5896,345637,4740,308300,371,12381,5222,197189,5757,240207,5595,437396,California
Sacramento,2021-03-30,11821,678139,6067,351704,5363,313663,391,12772,6047,197875,5751,245958,6437,443833,California
Sacramento,2021-03-31,13367,691506,7819,359523,5151,318814,397,13169,5659,196241,7683,253641,6049,449882,California
Sacramento,2021-04-01,15611,707117,8733,368256,6658,325472,220,13389,5887,192661,9693,263334,6113,455995,California
Sacramento,2021-04-02,17012,724129,9655,377911,6631,332103,726,14115,8959,194322,8026,271360,9687,465682,California
Sacramento,2021-04-03,10348,734477,6165,384076,3636,335739,547,14662,6360,197266,3960,275320,6904,472586,California
Sacramento,2021-04-04,3679,738156,1521,385597,1971,337710,187,14849,1443,196661,2232,277552,1627,474213,California
Sacramento,2021-04-05,11989,750145,7524,393121,3635,341345,830,15679,5353,196237,6602,284154,6178,480391,California
Sacramento,2021-04-06,15536,765681,8830,401951,5364,346709,1342,17021,6873,195818,8632,292786,8213,488604,California
Sacramento,2021-04-07,14700,780381,7953,409904,5170,351879,1577,18598,7130,196979,7537,300323,8698,497302,California
Sacramento,2021-04-08,14891,795272,6689,416593,5236,357115,2966,21564,5911,196893,8949,309272,8863,506165,California
Sacramento,2021-04-09,15775,811047,7662,424255,5949,363064,2164,23728,6116,195544,9622,318894,8273,514438,California
Sacramento,2021-04-10,11639,822686,3113,427368,7473,370537,1053,24781,4595,194163,7020,325914,5639,520077,California
Sacramento,2021-04-11,9490,832176,3099,430467,6169,376706,222,25003,2603,190124,6863,332777,2824,522901,California
Sacramento,2021-04-12,12865,845041,4987,435454,6016,382722,1862,26865,4920,189000,7894,340671,6770,529671,California
Sacramento,2021-04-13,14240,859281,7949,443403,6287,389009,4,26869,5579,185953,8634,349305,5587,535258,California
Sacramento,2021-04-14,14104,873385,7155,450558,6947,395956,2,26871,5115,182117,8957,358262,5121,540379,California
Sacramento,2021-04-15,15324,888709,7446,458004,7876,403832,2,26873,6473,179776,8819,367081,6478,546857,California
Sacramento,2021-04-16,15964,904673,8247,466251,7717,411549,0,26873,7079,178010,8847,375928,7081,553938,California
Sacramento,2021-04-17,12035,916708,4399,470650,7636,419185,0,26873,7925,181845,4093,380021,7928,561866,California
Sacramento,2021-04-18,7229,923937,1934,472584,5295,424480,0,26873,3441,181511,3776,383797,3442,565308,California
Sacramento,2021-04-19,10519,934456,5692,478276,4824,429304,3,26876,4699,180415,5800,389597,4704,570012,California
Sacramento,2021-04-20,11065,945521,6718,484994,4344,433648,3,26879,5897,181169,5150,394747,5904,575916,California
Sacramento,2021-04-21,11438,956959,6606,491600,4830,438478,2,26881,6217,182193,5196,399943,6220,582136,California
Sacramento,2021-04-22,12332,969291,7427,499027,4902,443380,3,26884,6646,183184,5660,405603,6651,588787,California
Sacramento,2021-04-23,13889,983180,8438,507465,5451,448831,0,26884,6368,182065,7488,413091,6369,595156,California
Sacramento,2021-04-24,11303,994483,6995,514460,4306,453137,2,26886,5929,182660,5336,418427,5931,601087,California
Sacramento,2021-04-25,7972,1002455,4483,518943,3489,456626,0,26886,4157,183016,3802,422229,4158,605245,California
Sacramento,2021-04-26,9819,1012274,6159,525102,3635,460261,25,26911,4474,182199,5317,427546,4500,609745,California
Sacramento,2021-04-27,11179,1023453,7357,532459,3702,463963,120,27031,5450,182069,5700,433246,5570,615315,California
Sacramento,2021-04-28,9492,1032945,5533,537992,3759,467722,200,27231,5091,182991,4374,437620,5296,620611,California
Sacramento,2021-04-29,8378,1041323,5411,543403,2671,470393,296,27527,4187,183307,4168,441788,4484,625095,California
Sacramento,2021-04-30,10182,1051505,5937,549340,4009,474402,236,27763,5086,183580,5050,446838,5323,630418,California
Sacramento,2021-05-01,6902,1058407,4819,554159,1915,476317,168,27931,2598,182079,4269,451107,2768,633186,California
Sacramento,2021-05-02,3486,1061893,2892,557051,509,476826,85,28016,2049,182791,1421,452528,2133,635319,California
Sacramento,2021-05-03,4847,1066740,3466,560517,1263,478089,118,28134,2752,183579,2081,454609,2869,638188,California
Sacramento,2021-05-04,7275,1074015,4294,564811,2826,480915,155,28289,2900,182299,4334,458943,3054,641242,California
Sacramento,2021-05-05,6482,1080497,3172,567983,3092,484007,218,28507,2423,180905,4036,462979,2642,643884,California
San Benito,2020-12-16,2,2,2,2,0,0,0,0,2,2,0,0,2,2,California
San Benito,2020-12-17,8,10,8,10,0,0,0,0,8,10,0,0,8,10,California
San Benito,2020-12-18,32,42,32,42,0,0,0,0,32,42,0,0,32,42,California
San Benito,2020-12-19,47,89,47,89,0,0,0,0,47,89,0,0,47,89,California
San Benito,2020-12-20,22,111,21,110,1,1,0,0,22,111,0,0,22,111,California
San Benito,2020-12-21,48,159,48,158,0,1,0,0,48,159,0,0,48,159,California
San Benito,2020-12-22,65,224,65,223,0,1,0,0,65,224,0,0,65,224,California
San Benito,2020-12-23,48,272,36,259,12,13,0,0,48,272,0,0,48,272,California
San Benito,2020-12-24,12,284,4,263,8,21,0,0,12,284,0,0,12,284,California
San Benito,2020-12-25,4,288,4,267,0,21,0,0,4,288,0,0,4,288,California
San Benito,2020-12-26,13,301,4,271,9,30,0,0,13,301,0,0,13,301,California
San Benito,2020-12-27,8,309,7,278,1,31,0,0,8,309,0,0,8,309,California
San Benito,2020-12-28,63,372,36,314,27,58,0,0,63,372,0,0,63,372,California
San Benito,2020-12-29,49,421,20,334,29,87,0,0,49,421,0,0,49,421,California
San Benito,2020-12-30,59,480,37,371,22,109,0,0,59,480,0,0,59,480,California
San Benito,2020-12-31,19,499,2,373,17,126,0,0,19,499,0,0,19,499,California
San Benito,2021-01-02,25,524,24,397,1,127,0,0,25,524,0,0,25,524,California
San Benito,2021-01-03,3,527,1,398,2,129,0,0,3,527,0,0,3,527,California
San Benito,2021-01-04,62,589,23,421,39,168,0,0,62,589,0,0,62,589,California
San Benito,2021-01-05,119,708,37,458,82,250,0,0,116,702,3,3,116,705,California
San Benito,2021-01-06,97,805,42,500,55,305,0,0,83,771,14,17,83,788,California
San Benito,2021-01-07,80,885,43,543,37,342,0,0,52,795,28,45,52,840,California
San Benito,2021-01-08,129,1014,66,609,63,405,0,0,86,838,43,88,86,926,California
San Benito,2021-01-09,43,1057,30,639,13,418,0,0,29,853,14,102,29,955,California
San Benito,2021-01-10,15,1072,13,652,2,420,0,0,5,848,10,112,5,960,California
San Benito,2021-01-11,102,1174,59,711,43,463,0,0,49,844,53,165,49,1009,California
San Benito,2021-01-12,157,1331,53,764,104,567,0,0,121,929,36,201,121,1130,California
San Benito,2021-01-13,190,1521,35,799,155,722,0,0,163,1065,27,228,163,1293,California
San Benito,2021-01-14,116,1637,23,822,93,815,0,0,99,1147,17,245,99,1392,California
San Benito,2021-01-15,215,1852,21,843,194,1009,0,0,201,1334,14,259,201,1593,California
San Benito,2021-01-16,27,1879,9,852,18,1027,0,0,21,1349,6,265,21,1614,California
San Benito,2021-01-17,11,1890,5,857,6,1033,0,0,8,1354,3,268,8,1622,California
San Benito,2021-01-18,36,1926,23,880,13,1046,0,0,21,1360,15,283,21,1643,California
San Benito,2021-01-19,151,2077,64,944,87,1133,0,0,125,1459,26,309,125,1768,California
San Benito,2021-01-20,275,2352,94,1038,181,1314,0,0,229,1643,45,354,229,1997,California
San Benito,2021-01-21,124,2476,31,1069,93,1407,0,0,100,1719,24,378,100,2097,California
San Benito,2021-01-22,231,2707,19,1088,212,1619,0,0,221,1930,10,388,221,2318,California
San Benito,2021-01-23,31,2738,17,1105,14,1633,0,0,13,1925,18,406,13,2331,California
San Benito,2021-01-24,11,2749,3,1108,8,1641,0,0,7,1928,4,410,7,2338,California
San Benito,2021-01-25,67,2816,25,1133,42,1683,0,0,21,1903,46,456,21,2359,California
San Benito,2021-01-26,134,2950,41,1174,93,1776,0,0,81,1931,53,509,81,2440,California
San Benito,2021-01-27,230,3180,69,1243,161,1937,0,0,190,2081,40,549,190,2630,California
San Benito,2021-01-28,155,3335,32,1275,123,2060,0,0,123,2173,31,580,123,2753,California
San Benito,2021-01-29,284,3619,31,1306,253,2313,0,0,261,2412,22,602,261,3014,California
San Benito,2021-01-30,50,3669,31,1337,19,2332,0,0,28,2418,22,624,28,3042,California
San Benito,2021-01-31,16,3685,5,1342,11,2343,0,0,11,2424,5,629,11,3053,California
San Benito,2021-02-01,133,3818,28,1370,105,2448,0,0,89,2469,44,673,89,3142,California
San Benito,2021-02-02,226,4044,49,1419,177,2625,0,0,136,2515,90,763,136,3278,California
San Benito,2021-02-03,336,4380,42,1461,294,2919,0,0,272,2723,64,827,272,3550,California
San Benito,2021-02-04,162,4542,24,1485,138,3057,0,0,118,2797,44,871,118,3668,California
San Benito,2021-02-05,289,4831,40,1525,249,3306,0,0,227,2962,62,933,227,3895,California
San Benito,2021-02-06,49,4880,9,1534,40,3346,0,0,32,2977,17,950,32,3927,California
San Benito,2021-02-07,15,4895,7,1541,8,3354,0,0,14,2990,1,951,14,3941,California
San Benito,2021-02-08,138,5033,15,1556,123,3477,0,0,92,3036,46,997,92,4033,California
San Benito,2021-02-09,327,5360,64,1620,263,3740,0,0,194,3097,133,1130,194,4227,California
San Benito,2021-02-10,319,5679,88,1708,231,3971,0,0,111,3001,207,1337,111,4338,California
San Benito,2021-02-11,296,5975,32,1740,264,4235,0,0,198,3101,98,1435,198,4536,California
San Benito,2021-02-12,412,6387,30,1770,382,4617,0,0,207,3104,204,1639,207,4743,California
San Benito,2021-02-13,57,6444,8,1778,49,4666,0,0,43,3133,14,1653,43,4786,California
San Benito,2021-02-14,40,6484,5,1783,35,4701,0,0,30,3153,10,1663,30,4816,California
San Benito,2021-02-15,106,6590,9,1792,97,4798,0,0,95,3237,11,1674,95,4911,California
San Benito,2021-02-16,205,6795,11,1803,194,4992,0,0,101,3234,104,1778,101,5012,California
San Benito,2021-02-17,327,7122,30,1833,297,5289,0,0,278,3463,49,1827,278,5290,California
San Benito,2021-02-18,293,7415,38,1871,255,5544,0,0,72,3314,221,2048,72,5362,California
San Benito,2021-02-19,342,7757,45,1916,297,5841,0,0,177,3326,165,2213,177,5539,California
San Benito,2021-02-20,45,7802,26,1942,19,5860,0,0,36,3353,9,2222,36,5575,California
San Benito,2021-02-21,23,7825,8,1950,15,5875,0,0,14,3358,9,2231,14,5589,California
San Benito,2021-02-22,132,7957,36,1986,96,5971,0,0,98,3423,33,2264,98,5687,California
San Benito,2021-02-23,374,8331,92,2078,282,6253,0,0,262,3573,112,2376,262,5949,California
San Benito,2021-02-24,376,8707,63,2141,313,6566,0,0,236,3669,140,2516,236,6185,California
San Benito,2021-02-25,392,9099,63,2204,329,6895,0,0,271,3817,123,2639,271,6456,California
San Benito,2021-02-26,640,9739,72,2276,568,7463,0,0,397,3971,243,2882,397,6853,California
San Benito,2021-02-27,98,9837,36,2312,62,7525,0,0,83,4039,15,2897,83,6936,California
San Benito,2021-02-28,248,10085,24,2336,224,7749,0,0,239,4269,9,2906,239,7175,California
San Benito,2021-03-01,224,10309,59,2395,165,7914,0,0,155,4354,70,2976,155,7330,California
San Benito,2021-03-02,275,10584,90,2485,185,8099,0,0,205,4489,70,3046,205,7535,California
San Benito,2021-03-03,394,10978,58,2543,336,8435,0,0,218,4533,174,3220,218,7753,California
San Benito,2021-03-04,610,11588,124,2667,471,8906,15,15,429,4785,181,3401,433,8186,California
San Benito,2021-03-05,582,12170,305,2972,264,9170,13,28,373,4963,208,3609,386,8572,California
San Benito,2021-03-06,191,12361,67,3039,110,9280,14,42,139,5064,52,3661,153,8725,California
San Benito,2021-03-07,647,13008,603,3642,22,9302,22,64,615,5669,32,3693,637,9362,California
San Benito,2021-03-08,288,13296,65,3707,177,9479,46,110,167,5761,121,3814,213,9575,California
San Benito,2021-03-09,423,13719,84,3791,240,9719,99,209,137,5685,285,4099,209,9784,California
San Benito,2021-03-10,402,14121,114,3905,193,9912,95,304,232,5842,170,4269,327,10111,California
San Benito,2021-03-11,467,14588,119,4024,196,10108,152,456,206,5939,261,4530,358,10469,California
San Benito,2021-03-12,511,15099,117,4141,300,10408,94,550,229,5983,280,4810,324,10793,California
San Benito,2021-03-13,202,15301,102,4243,82,10490,18,568,128,6058,71,4881,146,10939,California
San Benito,2021-03-14,232,15533,40,4283,172,10662,20,588,180,6207,51,4932,200,11139,California
San Benito,2021-03-15,325,15858,100,4383,206,10868,19,607,191,6283,134,5066,210,11349,California
San Benito,2021-03-16,496,16354,218,4601,247,11115,31,638,349,6515,147,5213,379,11728,California
San Benito,2021-03-17,785,17139,475,5076,289,11404,21,659,559,6865,222,5435,572,12300,California
San Benito,2021-03-18,786,17925,524,5600,207,11611,55,714,572,7271,212,5647,618,12918,California
San Benito,2021-03-19,777,18702,404,6004,350,11961,23,737,577,7671,200,5847,600,13518,California
San Benito,2021-03-20,239,18941,147,6151,80,12041,12,749,183,7810,56,5903,195,13713,California
San Benito,2021-03-21,108,19049,56,6207,47,12088,5,754,81,7869,27,5930,86,13799,California
San Benito,2021-03-22,344,19393,171,6378,148,12236,25,779,221,7992,123,6053,246,14045,California
San Benito,2021-03-23,475,19868,197,6575,268,12504,10,789,215,7956,260,6313,224,14269,California
San Benito,2021-03-24,575,20443,305,6880,263,12767,7,796,360,8109,214,6527,367,14636,California
San Benito,2021-03-25,741,21184,440,7320,297,13064,4,800,442,8260,295,6822,446,15082,California
San Benito,2021-03-26,999,22183,517,7837,479,13543,3,803,331,7927,667,7489,334,15416,California
San Benito,2021-03-27,332,22515,184,8021,115,13658,33,836,215,8059,116,7605,248,15664,California
San Benito,2021-03-28,692,23207,570,8591,117,13775,5,841,126,7624,566,8171,131,15795,California
San Benito,2021-03-29,344,23551,110,8701,214,13989,20,861,149,7597,195,8366,168,15963,California
San Benito,2021-03-30,571,24122,268,8969,209,14198,94,955,288,7696,283,8649,382,16345,California
San Benito,2021-03-31,582,24704,356,9325,202,14400,24,979,333,7806,247,8896,357,16702,California
San Benito,2021-04-01,930,25634,372,9697,520,14920,38,1017,554,8017,375,9271,586,17288,California
San Benito,2021-04-02,540,26174,264,9961,141,15061,135,1152,267,8146,273,9544,402,17690,California
San Benito,2021-04-03,252,26426,87,10048,103,15164,62,1214,74,8104,178,9722,136,17826,California
San Benito,2021-04-04,144,26570,109,10157,30,15194,5,1219,107,8179,37,9759,112,17938,California
San Benito,2021-04-05,351,26921,171,10328,138,15332,42,1261,143,8155,208,9967,184,18122,California
San Benito,2021-04-06,459,27380,158,10486,127,15459,174,1435,158,8186,301,10268,332,18454,California
San Benito,2021-04-07,923,28303,521,11007,212,15671,190,1625,254,7962,668,10936,444,18898,California
San Benito,2021-04-08,848,29151,425,11432,173,15844,250,1875,216,7797,631,11567,466,19364,California
San Benito,2021-04-09,838,29989,497,11929,250,16094,91,1966,289,7628,549,12116,380,19744,California
San Benito,2021-04-10,319,30308,191,12120,71,16165,57,2023,174,7714,145,12261,231,19975,California
San Benito,2021-04-11,469,30777,269,12389,167,16332,33,2056,248,7768,220,12481,274,20249,California
San Benito,2021-04-12,523,31300,283,12672,129,16461,111,2167,272,7898,250,12731,380,20629,California
San Benito,2021-04-13,752,32052,290,12962,439,16900,23,2190,523,8217,228,12959,547,21176,California
San Benito,2021-04-14,836,32888,658,13620,178,17078,0,2190,401,8188,430,13389,401,21577,California
San Benito,2021-04-15,937,33825,729,14349,207,17285,1,2191,466,8185,470,13859,467,22044,California
San Benito,2021-04-16,694,34519,363,14712,322,17607,9,2200,291,8085,400,14259,300,22344,California
San Benito,2021-04-17,315,34834,227,14939,88,17695,0,2200,127,8024,188,14447,127,22471,California
San Benito,2021-04-18,491,35325,410,15349,81,17776,0,2200,241,8016,250,14697,242,22713,California
San Benito,2021-04-19,727,36052,586,15935,141,17917,0,2200,411,8113,315,15012,412,23125,California
San Benito,2021-04-20,747,36799,399,16334,347,18264,1,2201,476,8323,266,15278,476,23601,California
San Benito,2021-04-21,954,37753,703,17037,251,18515,0,2201,522,8427,418,15696,522,24123,California
San Benito,2021-04-22,892,38645,689,17726,203,18718,0,2201,566,8675,318,16014,566,24689,California
San Benito,2021-04-23,624,39269,395,18121,228,18946,1,2202,339,8779,236,16250,340,25029,California
San Benito,2021-04-24,351,39620,199,18320,152,19098,0,2202,161,8790,150,16400,161,25190,California
San Benito,2021-04-25,199,39819,122,18442,77,19175,0,2202,88,8786,92,16492,88,25278,California
San Benito,2021-04-26,462,40281,366,18808,96,19271,0,2202,243,8870,159,16651,243,25521,California
San Benito,2021-04-27,516,40797,258,19066,251,19522,7,2209,388,9147,118,16769,395,25916,California
San Benito,2021-04-28,515,41312,362,19428,144,19666,9,2218,354,9353,156,16925,362,26278,California
San Benito,2021-04-29,533,41845,185,19613,338,20004,10,2228,200,9245,333,17258,225,26503,California
San Benito,2021-04-30,354,42199,201,19814,144,20148,9,2237,183,9268,169,17427,192,26695,California
San Benito,2021-05-01,174,42373,123,19937,43,20191,8,2245,63,9229,110,17537,71,26766,California
San Benito,2021-05-02,175,42548,142,20079,28,20219,5,2250,54,9167,121,17658,59,26825,California
San Benito,2021-05-03,245,42793,201,20280,39,20258,5,2255,65,9059,180,17838,72,26897,California
San Benito,2021-05-04,305,43098,187,20467,115,20373,3,2258,128,9016,175,18013,132,27029,California
San Benito,2021-05-05,316,43414,216,20683,89,20462,11,2269,71,8853,245,18258,82,27111,California
San Bernardino,2020-12-15,13,13,13,13,0,0,0,0,13,13,0,0,13,13,California
San Bernardino,2020-12-16,107,120,107,120,0,0,0,0,107,120,0,0,107,120,California
San Bernardino,2020-12-17,2353,2473,2353,2473,0,0,0,0,2353,2473,0,0,2353,2473,California
San Bernardino,2020-12-18,3144,5617,3141,5614,3,3,0,0,3145,5618,0,0,3145,5618,California
San Bernardino,2020-12-19,1070,6687,1069,6683,1,4,0,0,1071,6689,0,0,1071,6689,California
San Bernardino,2020-12-20,1174,7861,1172,7855,2,6,0,0,1174,7863,0,0,1174,7863,California
San Bernardino,2020-12-21,2453,10314,2448,10303,5,11,0,0,2453,10316,0,0,2453,10316,California
San Bernardino,2020-12-22,2269,12583,2143,12446,126,137,0,0,2270,12586,0,0,2270,12586,California
San Bernardino,2020-12-23,2648,15231,1455,13901,1193,1330,0,0,2647,15233,0,0,2647,15233,California
San Bernardino,2020-12-24,1158,16389,582,14483,576,1906,0,0,1160,16393,0,0,1160,16393,California
San Bernardino,2020-12-25,75,16464,14,14497,61,1967,0,0,75,16468,0,0,75,16468,California
San Bernardino,2020-12-26,462,16926,254,14751,208,2175,0,0,462,16930,0,0,462,16930,California
San Bernardino,2020-12-27,343,17269,160,14911,183,2358,0,0,343,17273,0,0,343,17273,California
San Bernardino,2020-12-28,1567,18836,712,15623,855,3213,0,0,1568,18841,0,0,1568,18841,California
San Bernardino,2020-12-29,2211,21047,1042,16665,1169,4382,0,0,2211,21052,0,0,2211,21052,California
San Bernardino,2020-12-30,2895,23942,1459,18124,1436,5818,0,0,2896,23948,0,0,2896,23948,California
San Bernardino,2020-12-31,1358,25300,440,18564,918,6736,0,0,1356,25304,0,0,1356,25304,California
San Bernardino,2021-01-01,282,25582,150,18714,132,6868,0,0,281,25585,0,0,281,25585,California
San Bernardino,2021-01-02,475,26057,338,19052,137,7005,0,0,475,26060,0,0,475,26060,California
San Bernardino,2021-01-03,135,26192,85,19137,50,7055,0,0,135,26195,0,0,135,26195,California
San Bernardino,2021-01-04,2120,28312,1287,20424,833,7888,0,0,2119,28314,0,0,2119,28314,California
San Bernardino,2021-01-05,2336,30648,1462,21886,874,8762,0,0,2226,30431,109,109,2226,30540,California
San Bernardino,2021-01-06,3435,34083,2352,24238,1083,9845,0,0,2941,32885,488,597,2942,33482,California
San Bernardino,2021-01-07,5418,39501,4504,28742,914,10759,0,0,2484,32454,2915,3512,2484,35966,California
San Bernardino,2021-01-08,5367,44868,4445,33187,922,11681,0,0,2291,31674,3072,6584,2292,38258,California
San Bernardino,2021-01-09,1398,46266,1099,34286,299,11980,0,0,902,32080,496,7080,902,39160,California
San Bernardino,2021-01-10,1024,47290,597,34883,427,12407,0,0,576,32208,448,7528,576,39736,California
San Bernardino,2021-01-11,4979,52269,4074,38957,905,13312,0,0,2765,32762,2211,9739,2765,42501,California
San Bernardino,2021-01-12,4229,56498,3218,42175,1011,14323,0,0,2516,33566,1712,11451,2516,45017,California
San Bernardino,2021-01-13,4558,61056,2849,45024,1709,16032,0,0,3335,35692,1210,12661,3336,48353,California
San Bernardino,2021-01-14,4789,65845,2816,47840,1973,18005,0,0,4206,39319,579,13240,4206,52559,California
San Bernardino,2021-01-15,5982,71827,2977,50817,3005,21010,0,0,5586,44522,386,13626,5589,58148,California
San Bernardino,2021-01-16,2258,74085,1293,52110,965,21975,0,0,2116,46496,142,13768,2116,60264,California
San Bernardino,2021-01-17,1189,75274,515,52625,674,22649,0,0,1099,47508,89,13857,1101,61365,California
San Bernardino,2021-01-18,4269,79543,2639,55264,1630,24279,0,0,3648,50539,620,14477,3651,65016,California
San Bernardino,2021-01-19,6312,85855,3709,58973,2603,26882,0,0,5221,54673,1089,15566,5223,70239,California
San Bernardino,2021-01-20,6808,92663,3741,62714,3067,29949,0,0,4875,57625,1925,17491,4877,75116,California
San Bernardino,2021-01-21,5983,98646,3078,65792,2905,32854,0,0,4866,61386,1108,18599,4869,79985,California
San Bernardino,2021-01-22,6521,105167,3052,68844,3469,36323,0,0,5798,66464,721,19320,5799,85784,California
San Bernardino,2021-01-23,3108,108275,1891,70735,1217,37540,0,0,2719,68795,388,19708,2719,88503,California
San Bernardino,2021-01-24,1195,109470,462,71197,733,38273,0,0,1094,69788,101,19809,1094,89597,California
San Bernardino,2021-01-25,6872,116342,3396,74593,3476,41749,0,0,5022,72965,1848,21657,5025,94622,California
San Bernardino,2021-01-26,7107,123449,3569,78162,3538,45287,0,0,5009,75877,2098,23755,5010,99632,California
San Bernardino,2021-01-27,8489,131938,4146,82308,4343,49630,0,0,5693,78782,2788,26543,5693,105325,California
San Bernardino,2021-01-28,8587,140525,4080,86388,4507,54137,0,0,6262,82724,2320,28863,6262,111587,California
San Bernardino,2021-01-29,8183,148708,3771,90159,4412,58549,0,0,6215,86986,1954,30817,6216,117803,California
San Bernardino,2021-01-30,3092,151800,1901,92060,1191,59740,0,0,2805,89505,286,31103,2805,120608,California
San Bernardino,2021-01-31,924,152724,494,92554,430,60170,0,0,870,90322,53,31156,870,121478,California
San Bernardino,2021-02-01,7545,160269,4233,96787,3312,63482,0,0,4927,92634,2615,33771,4927,126405,California
San Bernardino,2021-02-02,10425,170694,3652,100439,6773,70255,0,0,8362,98938,2059,35830,8363,134768,California
San Bernardino,2021-02-03,8989,179683,4150,104589,4839,75094,0,0,6489,102936,2492,38322,6490,141258,California
San Bernardino,2021-02-04,10516,190199,5196,109785,5320,80414,0,0,7412,107255,3093,41415,7412,148670,California
San Bernardino,2021-02-05,10988,201187,5911,115696,5077,85491,0,0,7463,111205,3514,44929,7464,156134,California
San Bernardino,2021-02-06,5253,206440,2205,117901,3048,88539,0,0,3616,113212,1612,46541,3619,159753,California
San Bernardino,2021-02-07,844,207284,490,118391,354,88893,0,0,466,113304,375,46916,467,160220,California
San Bernardino,2021-02-08,7277,214561,3880,122271,3397,92290,0,0,5609,117248,1665,48581,5609,165829,California
San Bernardino,2021-02-09,9901,224462,5815,128086,4086,96376,0,0,6672,120696,3227,51808,6675,172504,California
San Bernardino,2021-02-10,12007,236469,6531,134617,5476,101852,0,0,7841,124383,4155,55963,7842,180346,California
San Bernardino,2021-02-11,12376,248845,7108,141725,5268,107120,0,0,7884,127801,4469,60432,7887,188233,California
San Bernardino,2021-02-12,10381,259226,5929,147654,4452,111572,0,0,5672,128779,4694,65126,5672,193905,California
San Bernardino,2021-02-13,6022,265248,4001,151655,2021,113593,0,0,3784,130346,2222,67348,3789,197694,California
San Bernardino,2021-02-14,1549,266797,650,152305,899,114492,0,0,871,130547,670,68018,871,198565,California
San Bernardino,2021-02-15,5455,272252,2994,155299,2461,116953,0,0,3055,131216,2386,70404,3055,201620,California
San Bernardino,2021-02-16,12600,284852,7371,162670,5229,122182,0,0,7958,134546,4629,75033,7959,209579,California
San Bernardino,2021-02-17,11784,296636,6452,169122,5332,127514,0,0,7141,137063,4626,79659,7143,216722,California
San Bernardino,2021-02-18,12459,309095,7590,176712,4869,132383,0,0,7704,140028,4740,84399,7705,224427,California
San Bernardino,2021-02-19,11497,320592,5932,182644,5565,137948,0,0,6805,142159,4674,89073,6805,231232,California
San Bernardino,2021-02-20,4497,325089,3449,186093,1048,138996,0,0,2038,141742,2456,91529,2039,233271,California
San Bernardino,2021-02-21,1023,326112,567,186660,456,139452,0,0,326,141371,697,92226,326,233597,California
San Bernardino,2021-02-22,8624,334736,5322,191982,3302,142754,0,0,4032,140823,4581,96807,4033,237630,California
San Bernardino,2021-02-23,9093,343829,5422,197404,3671,146425,0,0,4577,140914,4486,101293,4577,242207,California
San Bernardino,2021-02-24,12354,356183,7151,204555,5203,151628,0,0,6085,140756,6244,107537,6086,248293,California
San Bernardino,2021-02-25,12993,369176,6269,210824,6724,158352,0,0,7557,142899,5417,112954,7560,255853,California
San Bernardino,2021-02-26,13548,382724,6374,217198,7174,165526,0,0,7543,144501,5944,118898,7546,263399,California
San Bernardino,2021-02-27,6609,389333,3676,220874,2932,168458,1,1,4787,147477,1812,120710,4788,268187,California
San Bernardino,2021-02-28,1739,391072,711,221585,1028,169486,0,1,1122,147987,612,121322,1122,269309,California
San Bernardino,2021-03-01,8406,399478,4336,225921,4068,173554,2,3,3832,147277,4552,125874,3842,273151,California
San Bernardino,2021-03-02,13649,413127,5366,231287,8283,181837,0,3,6422,146504,7198,133072,6425,279576,California
San Bernardino,2021-03-03,12670,425797,6437,237724,6231,188068,2,5,5873,145606,6778,139850,5880,285456,California
San Bernardino,2021-03-04,13661,439458,6863,244587,6798,194866,0,5,5934,143837,7706,147556,5937,291393,California
San Bernardino,2021-03-05,14151,453609,7316,251903,6834,201700,1,6,6842,143418,7280,154836,6861,298254,California
San Bernardino,2021-03-06,9638,463247,5387,257290,4036,205736,215,221,4512,143033,5111,159947,4726,302980,California
San Bernardino,2021-03-07,1569,464816,925,258215,589,206325,55,276,999,143519,568,160515,1054,304034,California
San Bernardino,2021-03-08,7979,472795,3504,261719,4315,210640,160,436,3518,142745,4455,164970,3681,307715,California
San Bernardino,2021-03-09,12605,485400,7033,268752,5328,215968,244,680,4867,140132,7725,172695,5112,312827,California
San Bernardino,2021-03-10,13999,499399,7687,276439,5780,221748,532,1212,6196,139088,7777,180472,6733,319560,California
San Bernardino,2021-03-11,15224,514623,7128,283567,6540,228288,1556,2768,7264,139965,7939,188411,8816,328376,California
San Bernardino,2021-03-12,15263,529886,6808,290375,6417,234705,2038,4806,7276,141366,7959,196370,9360,337736,California
San Bernardino,2021-03-13,8274,538160,4495,294870,3269,237974,510,5316,4899,143411,3365,199735,5410,343146,California
San Bernardino,2021-03-14,3218,541378,1612,296482,1032,239006,574,5890,1837,144441,1375,201110,2405,345551,California
San Bernardino,2021-03-15,11325,552703,5328,301810,3972,242978,2025,7915,5546,146239,5769,206879,7567,353118,California
San Bernardino,2021-03-16,16097,568800,7986,309796,7166,250144,945,8860,9833,150775,6239,213118,10775,363893,California
San Bernardino,2021-03-17,17081,585881,8581,318377,7752,257896,748,9608,10286,155032,6778,219896,11035,374928,California
San Bernardino,2021-03-18,16499,602380,8190,326567,7924,265820,385,9993,9773,158489,6700,226596,10157,385085,California
San Bernardino,2021-03-19,16807,619187,8335,334902,7885,273705,587,10580,9637,161621,7146,233742,10278,395363,California
San Bernardino,2021-03-20,9379,628566,5914,340816,2880,276585,585,11165,5565,163976,3791,237533,6146,401509,California
San Bernardino,2021-03-21,2752,631318,2240,343056,464,277049,48,11213,2226,165736,514,238047,2274,403783,California
San Bernardino,2021-03-22,9569,640887,4497,347553,4637,281686,435,11648,6940,170499,2612,240659,7375,411158,California
San Bernardino,2021-03-23,15435,656322,8754,356307,6059,287745,622,12270,9658,175021,5757,246416,10279,421437,California
San Bernardino,2021-03-24,15006,671328,7770,364077,6937,294682,299,12569,9991,180332,4981,251397,10292,431729,California
San Bernardino,2021-03-25,16928,688256,8292,372369,8339,303021,297,12866,10757,185258,6124,257521,11050,442779,California
San Bernardino,2021-03-26,17952,706208,8589,380958,8596,311617,767,13633,10912,189926,7011,264532,11679,454458,California
San Bernardino,2021-03-27,10724,716932,6905,387863,3070,314687,749,14382,6149,192265,4558,269090,6897,461355,California
San Bernardino,2021-03-28,3540,720472,2476,390339,951,315638,113,14495,2501,193846,1032,270122,2613,463968,California
San Bernardino,2021-03-29,11689,732161,6071,396410,5221,320859,397,14892,7977,198524,3696,273818,8374,472342,California
San Bernardino,2021-03-30,16823,748984,9419,405829,6695,327554,709,15601,10821,204079,5969,279787,11524,483866,California
San Bernardino,2021-03-31,16197,765181,9147,414976,6420,333974,630,16231,10838,210211,5334,285121,11466,495332,California
San Bernardino,2021-04-01,19427,784608,10249,425225,7821,341795,1357,17588,12532,217230,6862,291983,13881,509213,California
San Bernardino,2021-04-02,18573,803181,9331,434556,7973,349768,1269,18857,11245,222481,7303,299286,12554,521767,California
San Bernardino,2021-04-03,10946,814127,6833,441389,2990,352758,1123,19980,5992,224655,4938,304224,7112,528879,California
San Bernardino,2021-04-04,2455,816582,1488,442877,720,353478,247,20227,1255,224961,1195,305419,1501,530380,California
San Bernardino,2021-04-05,11714,828296,5257,448134,4732,358210,1725,21952,6002,226992,5691,311110,7722,538102,California
San Bernardino,2021-04-06,19632,847928,11036,459170,6493,364703,2103,24055,10423,230344,9172,320282,12524,550626,California
San Bernardino,2021-04-07,20729,868657,11075,470245,7206,371909,2448,26503,11332,234743,9369,329651,13768,564394,California
San Bernardino,2021-04-08,21582,890239,11053,481298,7938,379847,2591,29094,11944,239663,9608,339259,14528,578922,California
San Bernardino,2021-04-09,21497,911736,10888,492186,8075,387922,2534,31628,11727,244178,9738,348997,14253,593175,California
San Bernardino,2021-04-10,15549,927285,8063,500249,3809,391731,3677,35305,7742,247802,7786,356783,11410,604585,California
San Bernardino,2021-04-11,4376,931661,2555,502804,882,392613,939,36244,2027,248423,2343,359126,2964,607549,California
San Bernardino,2021-04-12,13287,944948,6156,508960,5496,398109,1635,37879,6288,249364,6980,366106,7921,615470,California
San Bernardino,2021-04-13,19161,964109,10924,519884,8219,406328,18,37897,10974,252193,8164,374270,10993,626463,California
San Bernardino,2021-04-14,18949,983058,10244,530128,8702,415030,3,37900,10829,254935,8091,382361,10833,637296,California
San Bernardino,2021-04-15,20078,1003136,11254,541382,8819,423849,5,37905,10705,256313,9336,391697,10714,648010,California
San Bernardino,2021-04-16,18451,1021587,10507,551889,7943,431792,1,37906,9129,256159,9283,400980,9129,657139,California
San Bernardino,2021-04-17,11845,1033432,7821,559710,4024,435816,0,37906,6230,256804,5585,406565,6230,663369,California
San Bernardino,2021-04-18,2870,1036302,1966,561676,904,436720,0,37906,1309,256564,1549,408114,1309,664678,California
San Bernardino,2021-04-19,12437,1048739,6618,568294,5819,442539,0,37906,4826,253804,7590,415704,4830,669508,California
San Bernardino,2021-04-20,17483,1066222,9758,578052,7722,450261,3,37909,8005,252356,9456,425160,8008,677516,California
San Bernardino,2021-04-21,17874,1084096,10274,588326,7597,457858,3,37912,7959,250459,9859,435019,7962,685478,California
San Bernardino,2021-04-22,19047,1103143,10899,599225,8144,466002,4,37916,7830,247126,11167,446186,7834,693312,California
San Bernardino,2021-04-23,18333,1121476,10481,609706,7850,473852,2,37918,8074,244991,10213,456399,8078,701390,California
San Bernardino,2021-04-24,12768,1134244,9450,619156,3316,477168,2,37920,6885,246013,5865,462264,6887,708277,California
San Bernardino,2021-04-25,3408,1137652,2237,621393,1171,478339,0,37920,1689,245997,1706,463970,1690,709967,California
San Bernardino,2021-04-26,9991,1147643,5320,626713,4583,482922,88,38008,4273,244672,5685,469655,4360,714327,California
San Bernardino,2021-04-27,15404,1163047,9187,635900,6051,488973,166,38174,6258,241990,9106,478761,6424,720751,California
San Bernardino,2021-04-28,14022,1177069,8344,644244,5410,494383,268,38442,5016,238285,8979,487740,5274,726025,California
San Bernardino,2021-04-29,14159,1191228,8176,652420,5737,500120,246,38688,4702,233812,9419,497159,4946,730971,California
San Bernardino,2021-04-30,15690,1206918,10088,662508,5337,505457,265,38953,5752,229934,9892,507051,6014,736985,California
San Bernardino,2021-05-01,10480,1217398,8255,670763,1942,507399,283,39236,3600,226968,6848,513899,3882,740867,California
San Bernardino,2021-05-02,2557,1219955,1824,672587,613,508012,120,39356,860,226257,1690,515589,979,741846,California
San Bernardino,2021-05-03,6844,1226799,3477,676064,3095,511107,272,39628,1944,223596,4876,520465,2215,744061,California
San Bernardino,2021-05-04,12638,1239437,7544,683608,4811,515918,283,39911,3504,218283,9100,529565,3787,747848,California
San Bernardino,2021-05-05,6792,1246229,4194,687802,2384,518302,214,40125,1661,215045,5109,534674,1871,749719,California
San Diego,2020-12-15,119,119,119,119,0,0,0,0,119,119,0,0,119,119,California
San Diego,2020-12-16,1103,1222,1103,1222,0,0,0,0,1103,1222,0,0,1103,1222,California
San Diego,2020-12-17,2349,3571,2349,3571,0,0,0,0,2349,3571,0,0,2349,3571,California
San Diego,2020-12-18,3671,7242,3670,7241,1,1,0,0,3671,7242,0,0,3671,7242,California
San Diego,2020-12-19,2312,9554,2312,9553,0,1,0,0,2312,9554,0,0,2312,9554,California
San Diego,2020-12-20,1184,10738,1183,10736,1,2,0,0,1184,10738,0,0,1184,10738,California
San Diego,2020-12-21,3524,14262,3523,14259,1,3,0,0,3524,14262,0,0,3524,14262,California
San Diego,2020-12-22,4056,18318,3414,17673,642,645,0,0,4056,18318,0,0,4056,18318,California
San Diego,2020-12-23,3180,21498,1976,19649,1204,1849,0,0,3180,21498,0,0,3180,21498,California
San Diego,2020-12-24,2737,24235,2219,21868,518,2367,0,0,2737,24235,0,0,2737,24235,California
San Diego,2020-12-25,875,25110,874,22742,1,2368,0,0,875,25110,0,0,875,25110,California
San Diego,2020-12-26,3295,28405,2144,24886,1151,3519,0,0,3295,28405,0,0,3295,28405,California
San Diego,2020-12-27,2508,30913,1617,26503,891,4410,0,0,2507,30911,1,1,2507,30912,California
San Diego,2020-12-28,5901,36814,4213,30716,1688,6098,0,0,5901,36812,0,1,5901,36813,California
San Diego,2020-12-29,5590,42404,3015,33731,2575,8673,0,0,5590,42402,0,1,5590,42403,California
San Diego,2020-12-30,5952,48356,3107,36838,2845,11518,0,0,5952,48354,0,1,5952,48355,California
San Diego,2020-12-31,3036,51392,1053,37891,1983,13501,0,0,3036,51390,0,1,3036,51391,California
San Diego,2021-01-01,1005,52397,451,38342,554,14055,0,0,1005,52395,0,1,1005,52396,California
San Diego,2021-01-02,3762,56159,1320,39662,2442,16497,0,0,3762,56157,0,1,3762,56158,California
San Diego,2021-01-03,859,57018,632,40294,227,16724,0,0,858,57015,0,1,858,57016,California
San Diego,2021-01-04,3703,60721,2052,42346,1651,18375,0,0,3696,60711,0,1,3696,60712,California
San Diego,2021-01-05,4342,65063,2154,44500,2188,20563,0,0,3725,63835,613,614,3737,64449,California
San Diego,2021-01-06,4955,70018,2300,46800,2655,23218,0,0,3720,66347,1212,1826,3724,68173,California
San Diego,2021-01-07,5617,75635,2981,49781,2636,25854,0,0,3459,67661,2151,3977,3465,71638,California
San Diego,2021-01-08,7873,83508,4957,54738,2916,28770,0,0,4087,67995,3769,7746,4103,75741,California
San Diego,2021-01-09,3501,87009,1940,56678,1561,30331,0,0,1951,68419,1538,9284,1962,77703,California
San Diego,2021-01-10,1882,88891,1293,57971,589,30920,0,0,780,68118,1090,10374,789,78492,California
San Diego,2021-01-11,10332,99223,5860,63831,4472,35392,0,0,6805,71419,3520,13894,6821,85313,California
San Diego,2021-01-12,11204,110427,5318,69149,5886,41278,0,0,7830,75997,3365,17259,7943,93256,California
San Diego,2021-01-13,11488,121915,5033,74182,6455,47733,0,0,8941,82428,2534,19793,8965,102221,California
San Diego,2021-01-14,12368,134283,4753,78935,7615,55348,0,0,10200,90503,2159,21952,10234,112455,California
San Diego,2021-01-15,15132,149415,5357,84292,9775,65123,0,0,12490,100423,2623,24575,12543,124998,California
San Diego,2021-01-16,10771,160186,3595,87887,7176,72299,0,0,9325,108338,1441,26016,9356,134354,California
San Diego,2021-01-17,8685,168871,2502,90389,6183,78482,0,0,7846,115364,839,26855,7865,142219,California
San Diego,2021-01-18,12524,181395,5964,96353,6560,85042,0,0,9693,122320,2792,29647,9748,151967,California
San Diego,2021-01-19,14762,196157,5832,102185,8930,93972,0,0,11629,131090,3120,32767,11890,163857,California
San Diego,2021-01-20,18329,214486,6389,108574,11940,105912,0,0,15007,142971,3301,36068,15182,179039,California
San Diego,2021-01-21,17418,231904,5909,114483,11509,117421,0,0,16025,157761,1382,37450,16172,195211,California
San Diego,2021-01-22,17679,249583,4758,119241,12921,130342,0,0,15624,171444,2041,39491,15724,210935,California
San Diego,2021-01-23,14482,264065,5273,124514,9209,139551,0,0,12119,181270,2350,41841,12176,223111,California
San Diego,2021-01-24,11916,275981,3359,127873,8557,148108,0,0,10943,191277,971,42812,10978,234089,California
San Diego,2021-01-25,12264,288245,5794,133667,6470,154578,0,0,9246,197666,3011,45823,9400,243489,California
San Diego,2021-01-26,14958,303203,7659,141326,7299,161877,0,0,11643,206186,3310,49133,11830,255319,California
San Diego,2021-01-27,20766,323969,8130,149456,12636,174513,0,0,17673,220923,3079,52212,17816,273135,California
San Diego,2021-01-28,21308,345277,7650,157106,13658,188171,0,0,19042,237789,2256,54468,19122,292257,California
San Diego,2021-01-29,19708,364985,6465,163571,13243,201414,0,0,17281,252699,2417,56885,17327,309584,California
San Diego,2021-01-30,15904,380889,3667,167238,12237,213651,0,0,13222,263346,2672,59557,13319,322903,California
San Diego,2021-01-31,14799,395688,5754,172992,9045,222696,0,0,14442,277461,353,59910,14468,337371,California
San Diego,2021-02-01,20532,416220,7240,180232,13292,235988,0,0,17338,291696,3180,63090,17415,354786,California
San Diego,2021-02-02,23213,439433,8700,188932,14513,250501,0,0,19669,307999,3534,66624,19837,374623,California
San Diego,2021-02-03,27457,466890,11564,200496,15893,266394,0,0,23264,327275,4175,70799,23451,398074,California
San Diego,2021-02-04,24385,491275,10032,210528,14353,280747,0,0,19672,342533,4696,75495,19954,418028,California
San Diego,2021-02-05,25030,516305,8992,219520,16038,296785,0,0,18326,354661,6681,82176,18809,436837,California
San Diego,2021-02-06,20794,537099,8569,228089,12225,309010,0,0,17528,369148,3260,85436,17747,454584,California
San Diego,2021-02-07,12135,549234,5377,233466,6758,315768,0,0,10260,377811,1855,87291,10518,465102,California
San Diego,2021-02-08,20107,569341,8520,241986,11587,327355,0,0,12676,383758,7414,94705,13361,478463,California
San Diego,2021-02-09,20417,589758,8255,250241,12162,339517,0,0,13203,390836,7193,101898,14271,492734,California
San Diego,2021-02-10,23026,612784,9388,259629,13638,353155,0,0,13873,396981,9092,110990,15237,507971,California
San Diego,2021-02-11,23816,636600,10157,269786,13659,366814,0,0,12752,400375,11035,122025,14429,522400,California
San Diego,2021-02-12,23853,660453,7467,277253,16386,383200,0,0,11914,402626,11921,133946,14172,536572,California
San Diego,2021-02-13,20052,680505,9044,286297,11008,394208,0,0,10921,405620,9123,143069,12117,548689,California
San Diego,2021-02-14,11189,691694,7433,293730,3756,397964,0,0,6332,408745,4853,147922,7978,556667,California
San Diego,2021-02-15,15281,706975,7771,301501,7510,405474,0,0,7849,412358,7411,155333,11024,567691,California
San Diego,2021-02-16,19288,726263,11257,312758,8031,413505,0,0,9238,414888,10040,165373,12570,580261,California
San Diego,2021-02-17,23406,749669,10990,323748,12416,425921,0,0,8137,411321,15258,180631,11691,591952,California
San Diego,2021-02-18,23581,773250,12023,335771,11558,437479,0,0,7795,407936,15776,196407,12391,604343,California
San Diego,2021-02-19,15915,789165,10922,346693,4993,442472,0,0,6632,407399,9263,205670,8726,613069,California
San Diego,2021-02-20,10261,799426,6363,353056,3898,446370,0,0,5816,411003,4442,210112,8046,621115,California
San Diego,2021-02-21,11531,810957,10118,363174,1413,447783,0,0,5196,412152,6307,216419,7456,628571,California
San Diego,2021-02-22,12451,823408,10590,373764,1861,449644,0,0,5799,413726,6645,223064,8219,636790,California
San Diego,2021-02-23,25902,849310,14526,388290,11376,461020,0,0,9663,414041,16233,239297,16548,653338,California
San Diego,2021-02-24,28957,878267,12763,401053,16194,477214,0,0,6870,407348,22067,261364,15374,668712,California
San Diego,2021-02-25,33200,911467,14722,415775,18478,495692,0,0,10172,403850,23010,284374,19512,688224,California
San Diego,2021-02-26,33477,944944,12407,428182,21070,516762,0,0,12151,401879,21298,305672,19327,707551,California
San Diego,2021-02-27,21246,966190,9676,437858,11570,528332,0,0,11455,407994,9787,315459,15902,723453,California
San Diego,2021-02-28,15261,981451,9962,447820,5299,533631,0,0,9512,415497,5748,321207,13251,736704,California
San Diego,2021-03-01,24239,1005690,14313,462133,9925,543556,1,1,14733,425546,9430,330637,19479,756183,California
San Diego,2021-03-02,26158,1031848,14075,476208,12083,555639,0,1,12770,432609,13379,344016,20442,776625,California
San Diego,2021-03-03,33988,1065836,15913,492121,18072,573711,3,4,14071,434615,19901,363917,21907,798532,California
San Diego,2021-03-04,28323,1094159,14109,506230,14214,587925,0,4,12663,438977,15639,379556,20001,818533,California
San Diego,2021-03-05,28930,1123089,14833,521063,14015,601940,82,86,13484,444210,15431,394987,20664,839197,California
San Diego,2021-03-06,23361,1146450,9525,530588,13135,615075,701,787,10296,447378,13052,408039,16220,855417,California
San Diego,2021-03-07,18206,1164656,9298,539886,8337,623412,571,1358,6911,448124,11289,419328,12035,867452,California
San Diego,2021-03-08,23097,1187753,11226,551112,10972,634384,899,2257,11463,453793,11622,430950,17291,884743,California
San Diego,2021-03-09,25891,1213644,11979,563091,12157,646541,1755,4012,10132,455495,15747,446697,17449,902192,California
San Diego,2021-03-10,25299,1238943,10773,573864,12134,658675,2392,6404,9917,457830,15370,462067,17705,919897,California
San Diego,2021-03-11,28704,1267647,11031,584895,14075,672750,3598,10002,10047,457971,18639,480706,18780,938677,California
San Diego,2021-03-12,27069,1294716,9453,594348,14482,687232,3134,13136,9964,457511,17091,497797,16631,955308,California
San Diego,2021-03-13,25976,1320692,7299,601647,17073,704305,1604,14740,10076,457483,15897,513694,15869,971177,California
San Diego,2021-03-14,13706,1334398,5361,607008,7609,711914,736,15476,4788,456519,8910,522604,7946,979123,California
San Diego,2021-03-15,22025,1356423,10167,617175,11079,722993,779,16255,9033,456482,12975,535579,12938,992061,California
San Diego,2021-03-16,29935,1386358,15719,632894,13801,736794,415,16670,15677,462045,14236,549815,19799,1011860,California
San Diego,2021-03-17,26308,1412666,12212,645106,13387,750181,709,17379,16774,472494,9522,559337,19971,1031831,California
San Diego,2021-03-18,31488,1444154,17789,662895,12789,762970,910,18289,17016,478564,14441,573778,20511,1052342,California
San Diego,2021-03-19,30242,1474396,14355,677250,14895,777865,992,19281,19354,489756,10872,584650,22064,1074406,California
San Diego,2021-03-20,27829,1502225,8415,685665,17623,795488,1791,21072,21391,508116,6429,591079,24789,1099195,California
San Diego,2021-03-21,16530,1518755,12054,697719,3759,799247,717,21789,7701,510420,8816,599895,11120,1110315,California
San Diego,2021-03-22,22509,1541264,13146,710865,9116,808363,247,22036,14338,520149,8159,608054,17888,1128203,California
San Diego,2021-03-23,25978,1567242,13639,724504,12076,820439,263,22299,17155,531037,8809,616863,19697,1147900,California
San Diego,2021-03-24,29533,1596775,19751,744255,9419,829858,363,22662,17117,539330,12408,629271,20701,1168601,California
San Diego,2021-03-25,30310,1627085,18279,762534,11374,841232,657,23319,17980,547803,12313,641584,20786,1189387,California
San Diego,2021-03-26,32085,1659170,17903,780437,13625,854857,557,23876,17546,554369,14511,656095,21077,1210464,California
San Diego,2021-03-27,25446,1684616,10994,791431,14059,868916,393,24269,15724,563049,9706,665801,18386,1228850,California
San Diego,2021-03-28,15032,1699648,9190,800621,5786,874702,56,24325,9279,568114,5748,671549,10813,1239663,California
San Diego,2021-03-29,26663,1726311,12893,813514,13174,887876,596,24921,16442,577374,10212,681761,19472,1259135,California
San Diego,2021-03-30,33212,1759523,17898,831412,14544,902420,770,25691,22037,590877,11163,692924,24666,1283801,California
San Diego,2021-03-31,30365,1789888,18746,850158,10965,913385,654,26345,20605,603527,9743,702667,22393,1306194,California
San Diego,2021-04-01,34243,1824131,20046,870204,12807,926192,1390,27735,23253,618544,10963,713630,25980,1332174,California
San Diego,2021-04-02,35591,1859722,20646,890850,12323,938515,2622,30357,24107,635219,11464,725094,28139,1360313,California
San Diego,2021-04-03,30783,1890505,14426,905276,11796,950311,4561,34918,19705,649858,11067,736161,25706,1386019,California
San Diego,2021-04-04,9030,1899535,5199,910475,2931,953242,900,35818,4826,651641,4199,740360,5982,1392001,California
San Diego,2021-04-05,29674,1929209,15395,925870,11727,964969,2552,38370,19419,666114,10241,750601,24714,1416715,California
San Diego,2021-04-06,38617,1967826,20378,946248,12468,977437,5771,44141,22423,680797,16178,766779,30861,1447576,California
San Diego,2021-04-07,35715,2003541,21984,968232,9267,986704,4464,48605,20459,692883,15232,782011,27318,1474894,California
San Diego,2021-04-08,35128,2038669,21380,989612,9686,996390,4062,52667,21335,707134,13774,795785,28025,1502919,California
San Diego,2021-04-09,38246,2076915,22858,1012470,10276,1006666,5112,57779,20879,719533,17296,813081,29695,1532614,California
San Diego,2021-04-10,29127,2106042,11834,1024304,13347,1020013,3946,61725,15202,727971,13912,826993,22350,1554964,California
San Diego,2021-04-11,16215,2122257,10096,1034400,3852,1023865,2267,63992,7314,732296,8898,835891,13223,1568187,California
San Diego,2021-04-12,30603,2152860,12877,1047277,13455,1037320,4271,68263,17125,743884,13462,849353,25050,1593237,California
San Diego,2021-04-13,37274,2190134,17896,1065173,19343,1056663,35,68298,24889,760148,12364,861717,28628,1621865,California
San Diego,2021-04-14,32899,2223033,18902,1084075,13986,1070649,11,68309,17841,768940,15042,876759,23834,1645699,California
San Diego,2021-04-15,38985,2262018,20236,1104311,18747,1089396,2,68311,23639,781854,15324,892083,28238,1673937,California
San Diego,2021-04-16,33263,2295281,18494,1122805,14768,1104164,1,68312,19257,790050,13939,906022,22135,1696072,California
San Diego,2021-04-17,27630,2322911,13488,1136293,14142,1118306,0,68312,12255,790823,15277,921299,16050,1712122,California
San Diego,2021-04-18,14239,2337150,8892,1145185,5344,1123650,3,68315,6662,793507,7564,928863,10248,1722370,California
San Diego,2021-04-19,26314,2363464,13443,1158628,12870,1136520,1,68316,12450,795072,13847,942710,15412,1737782,California
San Diego,2021-04-20,38698,2402162,17516,1176144,21182,1157702,0,68316,19831,801471,18848,961558,25247,1763029,California
San Diego,2021-04-21,34836,2436998,20830,1196974,14006,1171708,0,68316,16887,806268,17915,979473,22712,1785741,California
San Diego,2021-04-22,44344,2481342,22790,1219764,21548,1193256,6,68322,22196,813415,22109,1001582,29256,1814997,California
San Diego,2021-04-23,41980,2523322,25967,1245731,16011,1209267,2,68324,15598,813107,26357,1027939,26049,1841046,California
San Diego,2021-04-24,34290,2557612,18761,1264492,15514,1224781,15,68339,15431,817010,18830,1046769,22733,1863779,California
San Diego,2021-04-25,12436,2570048,7661,1272153,4775,1229556,0,68339,5849,818598,6579,1053348,8167,1871946,California
San Diego,2021-04-26,29940,2599988,14622,1286775,15194,1244750,124,68463,10072,817377,19860,1073208,18639,1890585,California
San Diego,2021-04-27,41446,2641434,22573,1309348,18473,1263223,400,68863,18179,821466,23238,1096446,27327,1917912,California
San Diego,2021-04-28,37968,2679402,22438,1331786,14889,1278112,641,69504,17183,826313,20762,1117208,25609,1943521,California
San Diego,2021-04-29,37780,2717182,24069,1355855,13106,1291218,605,70109,15233,828110,22521,1139729,24318,1967839,California
San Diego,2021-04-30,37731,2754913,23004,1378859,13757,1304975,970,71079,14702,828138,23005,1162734,23033,1990872,California
San Diego,2021-05-01,24314,2779227,10763,1389622,12922,1317897,629,71708,9503,828282,14802,1177536,14946,2005818,California
San Diego,2021-05-02,9861,2789088,6744,1396366,2554,1320451,563,72271,2964,826068,6893,1184429,4679,2010497,California
San Diego,2021-05-03,17739,2806827,6751,1403117,10239,1330690,749,73020,6751,825670,10980,1195409,10582,2021079,California
San Diego,2021-05-04,23599,2830426,12031,1415148,11029,1341719,539,73559,8487,826143,15101,1210510,15574,2036653,California
San Diego,2021-05-05,12172,2842598,8972,1424120,2824,1344543,376,73935,4406,827090,7762,1218272,8709,2045362,California
San Francisco,2020-12-15,7,7,7,7,0,0,0,0,7,7,0,0,7,7,California
San Francisco,2020-12-16,229,236,229,236,0,0,0,0,229,236,0,0,229,236,California
San Francisco,2020-12-17,394,630,394,630,0,0,0,0,394,630,0,0,394,630,California
San Francisco,2020-12-18,877,1507,876,1506,1,1,0,0,877,1507,0,0,877,1507,California
San Francisco,2020-12-19,601,2108,601,2107,0,1,0,0,601,2108,0,0,601,2108,California
San Francisco,2020-12-20,484,2592,484,2591,0,1,0,0,484,2592,0,0,484,2592,California
San Francisco,2020-12-21,1163,3755,1163,3754,0,1,0,0,1163,3755,0,0,1163,3755,California
San Francisco,2020-12-22,1401,5156,1367,5121,34,35,0,0,1401,5156,0,0,1401,5156,California
San Francisco,2020-12-23,1336,6492,1046,6167,290,325,0,0,1336,6492,0,0,1336,6492,California
San Francisco,2020-12-24,841,7333,503,6670,338,663,0,0,841,7333,0,0,841,7333,California
San Francisco,2020-12-25,34,7367,29,6699,5,668,0,0,34,7367,0,0,34,7367,California
San Francisco,2020-12-26,245,7612,151,6850,94,762,0,0,245,7612,0,0,245,7612,California
San Francisco,2020-12-27,273,7885,60,6910,213,975,0,0,273,7885,0,0,273,7885,California
San Francisco,2020-12-28,1270,9155,686,7596,584,1559,0,0,1270,9155,0,0,1270,9155,California
San Francisco,2020-12-29,1243,10398,622,8218,621,2180,0,0,1243,10398,0,0,1243,10398,California
San Francisco,2020-12-30,1487,11885,780,8998,707,2887,0,0,1487,11885,0,0,1487,11885,California
San Francisco,2020-12-31,964,12849,411,9409,553,3440,0,0,963,12848,0,0,963,12848,California
San Francisco,2021-01-01,82,12931,68,9477,14,3454,0,0,82,12930,0,0,82,12930,California
San Francisco,2021-01-02,334,13265,302,9779,32,3486,0,0,334,13264,0,0,334,13264,California
San Francisco,2021-01-03,294,13559,102,9881,192,3678,0,0,293,13556,1,1,293,13557,California
San Francisco,2021-01-04,1841,15400,1358,11239,483,4161,0,0,1838,15391,3,4,1838,15395,California
San Francisco,2021-01-05,2235,17635,1417,12656,818,4979,0,0,2200,17558,35,39,2202,17597,California
San Francisco,2021-01-06,1870,19505,1161,13817,709,5688,0,0,1605,18901,263,302,1606,19203,California
San Francisco,2021-01-07,2063,21568,1204,15021,859,6547,0,0,1606,20053,454,756,1606,20809,California
San Francisco,2021-01-08,2334,23902,1634,16655,700,7247,0,0,1497,20718,832,1588,1497,22306,California
San Francisco,2021-01-09,1389,25291,893,17548,496,7743,0,0,885,21101,504,2092,887,23193,California
San Francisco,2021-01-10,919,26210,541,18089,378,8121,0,0,460,21103,458,2550,460,23653,California
San Francisco,2021-01-11,2503,28713,1871,19960,632,8753,0,0,1401,21401,1103,3653,1401,25054,California
San Francisco,2021-01-12,3089,31802,2060,22020,1029,9782,0,0,1896,22106,1193,4846,1898,26952,California
San Francisco,2021-01-13,2826,34628,1603,23623,1223,11005,0,0,1995,23270,831,5677,1995,28947,California
San Francisco,2021-01-14,2439,37067,1098,24721,1341,12346,0,0,1880,24591,559,6236,1880,30827,California
San Francisco,2021-01-15,2740,39807,1146,25867,1594,13940,0,0,2348,26551,390,6626,2350,33177,California
San Francisco,2021-01-16,2252,42059,964,26831,1288,15228,0,0,2086,28472,166,6792,2087,35264,California
San Francisco,2021-01-17,1919,43978,533,27364,1386,16614,0,0,1704,29961,215,7007,1704,36968,California
San Francisco,2021-01-18,1376,45354,591,27955,785,17399,0,0,1113,30814,262,7269,1115,38083,California
San Francisco,2021-01-19,2574,47928,1474,29429,1100,18499,0,0,1827,31894,747,8016,1827,39910,California
San Francisco,2021-01-20,2742,50670,1119,30548,1623,20122,0,0,1993,33142,746,8762,1994,41904,California
San Francisco,2021-01-21,3313,53983,949,31497,2364,22486,0,0,2476,34783,835,9597,2476,44380,California
San Francisco,2021-01-22,3184,57167,642,32139,2542,25028,0,0,2742,37085,440,10037,2742,47122,California
San Francisco,2021-01-23,3089,60256,608,32747,2481,27509,0,0,2723,39444,365,10402,2724,49846,California
San Francisco,2021-01-24,2423,62679,362,33109,2061,29570,0,0,2194,41412,226,10628,2194,52040,California
San Francisco,2021-01-25,4584,67263,1782,34891,2802,32372,0,0,3034,42899,1548,12176,3035,55075,California
San Francisco,2021-01-26,4667,71930,2136,37027,2531,34903,0,0,3075,44387,1589,13765,3077,58152,California
San Francisco,2021-01-27,4427,76357,2074,39101,2353,37256,0,0,3076,46116,1347,15112,3076,61228,California
San Francisco,2021-01-28,3754,80111,1554,40655,2200,39456,0,0,2592,47551,1157,16269,2592,63820,California
San Francisco,2021-01-29,4720,84831,1680,42335,3040,42496,0,0,3450,49738,1263,17532,3450,67270,California
San Francisco,2021-01-30,3772,88603,1838,44173,1934,44430,0,0,3324,52619,447,17979,3328,70598,California
San Francisco,2021-01-31,2352,90955,824,44997,1528,45958,0,0,2200,54669,151,18130,2201,72799,California
San Francisco,2021-02-01,3790,94745,1525,46522,2265,48223,0,0,2887,56654,903,19033,2888,75687,California
San Francisco,2021-02-02,4646,99391,1964,48486,2682,50905,0,0,2881,57776,1759,20792,2881,78568,California
San Francisco,2021-02-03,5053,104444,2367,50853,2686,53591,0,0,3748,60222,1303,22095,3749,82317,California
San Francisco,2021-02-04,5025,109469,2434,53287,2591,56182,0,0,3861,62921,1162,23257,3861,86178,California
San Francisco,2021-02-05,5936,115405,3194,56481,2742,58924,0,0,4594,66176,1340,24597,4595,90773,California
San Francisco,2021-02-06,5471,120876,3651,60132,1820,60744,0,0,4570,69850,898,25495,4572,95345,California
San Francisco,2021-02-07,4326,125202,3175,63307,1151,61895,0,0,3749,73026,576,26071,3752,99097,California
San Francisco,2021-02-08,6698,131900,4612,67919,2086,63981,0,0,5484,77315,1197,27268,5486,104583,California
San Francisco,2021-02-09,5923,137823,3988,71907,1935,65916,0,0,4368,80133,1551,28819,4369,108952,California
San Francisco,2021-02-10,6860,144683,4176,76083,2684,68600,0,0,5064,83412,1788,30607,5067,114019,California
San Francisco,2021-02-11,6700,151383,3973,80056,2727,71327,0,0,4886,86488,1811,32418,4887,118906,California
San Francisco,2021-02-12,5313,156696,2666,82722,2647,73974,0,0,3476,88128,1836,34254,3476,122382,California
San Francisco,2021-02-13,4359,161055,2547,85269,1812,75786,0,0,3036,89843,1323,35577,3038,125420,California
San Francisco,2021-02-14,3417,164472,2244,87513,1173,76959,0,0,2293,91014,1123,36700,2294,127714,California
San Francisco,2021-02-15,2771,167243,1505,89018,1266,78225,0,0,1677,91599,1092,37792,1677,129391,California
San Francisco,2021-02-16,4989,172232,2727,91745,2262,80487,0,0,2954,92531,2028,39820,2960,132351,California
San Francisco,2021-02-17,5399,177631,2680,94425,2719,83206,0,0,2958,93060,2430,42250,2959,135310,California
San Francisco,2021-02-18,5372,183003,2629,97054,2743,85949,0,0,2803,93297,2569,44819,2806,138116,California
San Francisco,2021-02-19,5635,188638,2646,99700,2989,88938,0,0,2930,93530,2699,47518,2932,141048,California
San Francisco,2021-02-20,4521,193159,2180,101880,2341,91279,0,0,1703,92424,2810,50328,1704,142752,California
San Francisco,2021-02-21,2739,195898,1371,103251,1368,92647,0,0,1142,91976,1591,51919,1143,143895,California
San Francisco,2021-02-22,5097,200995,3173,106424,1924,94571,0,0,2562,92013,2527,54446,2564,146459,California
San Francisco,2021-02-23,5453,206448,3083,109507,2370,96941,0,0,2761,92088,2686,57132,2761,149220,California
San Francisco,2021-02-24,8978,215426,5084,114591,3894,100835,0,0,4788,92697,4180,61312,4789,154009,California
San Francisco,2021-02-25,9764,225190,6863,121454,2901,103736,0,0,6308,95554,3453,64765,6310,160319,California
San Francisco,2021-02-26,11919,237109,7734,129188,4185,107921,0,0,7065,97764,4856,69621,7066,167385,California
San Francisco,2021-02-27,8910,246019,5669,134857,3240,111161,1,1,4510,97890,4386,74007,4512,171897,California
San Francisco,2021-02-28,7711,253730,5534,140391,2177,113338,0,1,3828,97838,3881,77888,3829,175726,California
San Francisco,2021-03-01,10740,264470,7228,147619,3510,116848,2,3,5216,97559,5503,83391,5224,180950,California
San Francisco,2021-03-02,8876,273346,5667,153286,3209,120057,0,3,5145,98982,3723,87114,5146,186096,California
San Francisco,2021-03-03,11031,284377,6337,159623,4693,124750,1,4,6033,100032,4987,92101,6037,192133,California
San Francisco,2021-03-04,8647,293024,5438,165061,3209,127959,0,4,4873,101138,3768,95869,4874,197007,California
San Francisco,2021-03-05,8684,301708,5144,170205,3537,131496,3,7,5451,103376,3217,99086,5455,202462,California
San Francisco,2021-03-06,6882,308590,4435,174640,2239,133735,208,215,4228,105143,2666,101752,4433,206895,California
San Francisco,2021-03-07,5131,313721,3977,178617,1096,134831,58,273,2884,105824,2261,104013,2942,209837,California
San Francisco,2021-03-08,7151,320872,5176,183793,1789,136620,186,459,5595,110018,1587,105600,5781,215618,California
San Francisco,2021-03-09,6727,327599,3946,187739,2405,139025,376,835,4593,112842,2140,107740,4964,220582,California
San Francisco,2021-03-10,10406,338005,5890,193629,4016,143041,500,1335,6360,115679,4025,111765,6862,227444,California
San Francisco,2021-03-11,10037,348042,6351,199980,2726,145767,960,2295,6593,119796,3428,115193,7545,234989,California
San Francisco,2021-03-12,10745,358787,6264,206244,3160,148927,1321,3616,5975,122341,4748,119941,7293,242282,California
San Francisco,2021-03-13,6581,365368,3832,210076,1690,150617,1059,4675,4071,124967,2502,122443,5128,247410,California
San Francisco,2021-03-14,7489,372857,4844,214920,2405,153022,240,4915,4043,125817,3433,125876,4283,251693,California
San Francisco,2021-03-15,11926,384783,9098,224018,1889,154911,939,5854,8261,131356,3653,129529,9192,260885,California
San Francisco,2021-03-16,12065,396848,8196,232214,3412,158323,457,6311,8781,137328,3265,132794,9237,270122,California
San Francisco,2021-03-17,13188,410036,8139,240353,4494,162817,555,6866,9522,143763,3638,136432,10073,280195,California
San Francisco,2021-03-18,9963,419999,6747,247100,2594,165411,622,7488,5675,145793,4263,140695,6293,286488,California
San Francisco,2021-03-19,12024,432023,8705,255805,2854,168265,465,7953,6402,147057,5598,146293,6862,293350,California
San Francisco,2021-03-20,8719,440742,6382,262187,1876,170141,461,8414,5199,149228,3491,149784,5662,299012,California
San Francisco,2021-03-21,6447,447189,5899,268086,414,170555,134,8548,3683,150294,2751,152535,3817,302829,California
San Francisco,2021-03-22,9739,456928,6832,274918,2063,172618,844,9392,5135,151685,4583,157118,5974,308803,California
San Francisco,2021-03-23,11152,468080,7374,282292,3131,175749,647,10039,6711,154630,4410,161528,7355,316158,California
San Francisco,2021-03-24,12284,480364,9393,291685,2356,178105,535,10574,6339,155594,5906,167434,6870,323028,California
San Francisco,2021-03-25,11808,492172,8641,300326,2605,180710,562,11136,5903,156219,5836,173270,6461,329489,California
San Francisco,2021-03-26,11855,504027,8198,308524,3427,184137,230,11366,6111,156844,5713,178983,6338,335827,California
San Francisco,2021-03-27,8631,512658,5755,314279,2529,186666,347,11713,3915,156406,4699,183682,4261,340088,California
San Francisco,2021-03-28,6578,519236,5243,319522,1293,187959,42,11755,3168,156226,3387,187069,3207,343295,California
San Francisco,2021-03-29,11373,530609,7875,327397,3315,191274,183,11938,5099,155258,6249,193318,5281,348576,California
San Francisco,2021-03-30,11495,542104,7182,334579,4023,195297,290,12228,6854,157786,4616,197934,7144,355720,California
San Francisco,2021-03-31,12091,554195,8026,342605,3769,199066,296,12524,5538,157093,6521,204455,5828,361548,California
San Francisco,2021-04-01,13730,567925,7288,349893,4803,203869,1639,14163,5976,156981,7722,212177,7610,369158,California
San Francisco,2021-04-02,14632,582557,6452,356345,6371,210240,1809,15972,6907,157987,7706,219883,8712,377870,California
San Francisco,2021-04-03,10387,592944,4782,361127,3819,214059,1786,17758,4811,159018,5563,225446,6594,384464,California
San Francisco,2021-04-04,8991,601935,4756,365883,2584,216643,1651,19409,3613,158917,5365,230811,5264,389728,California
San Francisco,2021-04-05,15912,617847,9751,375634,4286,220929,1875,21284,6358,157616,9529,240340,8228,397956,California
San Francisco,2021-04-06,15965,633812,9458,385092,4451,225380,2056,23340,6284,156291,9660,250000,8335,406291,California
San Francisco,2021-04-07,16754,650566,9967,395059,4563,229943,2224,25564,7051,155871,9682,259682,9262,415553,California
San Francisco,2021-04-08,14089,664655,6699,401758,2997,232940,4393,29957,4628,155438,9433,269115,9000,424553,California
San Francisco,2021-04-09,15699,680354,7597,409355,4774,237714,3328,33285,6680,156440,8990,278105,9992,434545,California
San Francisco,2021-04-10,13139,693493,5671,415026,5846,243560,1622,34907,7145,159228,5970,284075,8758,443303,California
San Francisco,2021-04-11,9971,703464,7463,422489,1337,244897,1171,36078,5200,160837,4759,288834,6368,449671,California
San Francisco,2021-04-12,10561,714025,6874,429363,2561,247458,1126,37204,4875,161169,5665,294499,5997,455668,California
San Francisco,2021-04-13,10686,724711,7271,436634,3403,250861,12,37216,5412,161343,5253,299752,5427,461095,California
San Francisco,2021-04-14,13256,737967,7998,444632,5257,256118,1,37217,6427,160973,6798,306550,6428,467523,California
San Francisco,2021-04-15,13614,751581,9446,454078,4167,260285,1,37218,8018,163429,5567,312117,8023,475546,California
San Francisco,2021-04-16,12880,764461,8679,462757,4157,264442,44,37262,7652,165925,5204,317321,7700,483246,California
San Francisco,2021-04-17,9990,774451,7274,470031,2715,267157,1,37263,7074,170104,2899,320220,7078,490324,California
San Francisco,2021-04-18,6572,781023,5025,475056,1546,268703,1,37264,4080,171713,2474,322694,4083,494407,California
San Francisco,2021-04-19,10804,791827,8107,483163,2692,271395,5,37269,6956,174851,3833,326527,6971,501378,California
San Francisco,2021-04-20,12256,804083,7156,490319,5099,276494,1,37270,8463,179546,3771,330298,8466,509844,California
San Francisco,2021-04-21,10486,814569,7489,497808,2993,279487,4,37274,6383,181860,4077,334375,6391,516235,California
San Francisco,2021-04-22,10358,824927,7678,505486,2679,282166,1,37275,5987,183506,4348,338723,5994,522229,California
San Francisco,2021-04-23,10303,835230,5927,511413,4376,286542,0,37275,6150,185539,4123,342846,6156,528385,California
San Francisco,2021-04-24,7955,843185,5489,516902,2466,289008,0,37275,4734,187079,3201,346047,4741,533126,California
San Francisco,2021-04-25,5035,848220,4342,521244,687,289695,6,37281,2955,187976,2067,348114,2964,536090,California
San Francisco,2021-04-26,7450,855670,5242,526486,2197,291892,11,37292,3666,187903,3761,351875,3688,539778,California
San Francisco,2021-04-27,7871,863541,5285,531771,2460,294352,126,37418,3924,188038,3924,355799,4059,543837,California
San Francisco,2021-04-28,8836,872377,6217,537988,2432,296784,187,37605,4523,188466,4289,360088,4717,548554,California
San Francisco,2021-04-29,7945,880322,4705,542693,3041,299825,199,37804,3773,188298,4147,364235,3979,552533,California
San Francisco,2021-04-30,10284,890606,4916,547609,5165,304990,203,38007,3789,185833,6462,370697,3997,556530,California
San Francisco,2021-05-01,6860,897466,3594,551203,3150,308140,116,38123,1669,182451,5171,375868,1789,558319,California
San Francisco,2021-05-02,5004,902470,2803,554006,2097,310237,104,38227,886,179333,4112,379980,994,559313,California
San Francisco,2021-05-03,7077,909547,4360,558366,2685,312922,32,38259,1883,176081,5174,385154,1922,561235,California
San Francisco,2021-05-04,6764,916311,3949,562315,2746,315668,69,38328,1724,172864,5017,390171,1800,563035,California
San Francisco,2021-05-05,5851,922162,3814,566129,1910,317578,127,38455,1508,170194,4306,394477,1636,564671,California
San Joaquin,2020-12-15,12,12,12,12,0,0,0,0,12,12,0,0,12,12,California
San Joaquin,2020-12-16,306,318,306,318,0,0,0,0,306,318,0,0,306,318,California
San Joaquin,2020-12-17,311,629,311,629,0,0,0,0,311,629,0,0,311,629,California
San Joaquin,2020-12-18,522,1151,518,1147,4,4,0,0,522,1151,0,0,522,1151,California
San Joaquin,2020-12-19,188,1339,188,1335,0,4,0,0,188,1339,0,0,188,1339,California
San Joaquin,2020-12-20,113,1452,112,1447,1,5,0,0,113,1452,0,0,113,1452,California
San Joaquin,2020-12-21,489,1941,489,1936,0,5,0,0,489,1941,0,0,489,1941,California
San Joaquin,2020-12-22,966,2907,846,2782,120,125,0,0,965,2906,0,0,965,2906,California
San Joaquin,2020-12-23,975,3882,916,3698,59,184,0,0,973,3879,0,0,973,3879,California
San Joaquin,2020-12-24,214,4096,186,3884,28,212,0,0,213,4092,0,0,213,4092,California
San Joaquin,2020-12-25,14,4110,14,3898,0,212,0,0,14,4106,0,0,14,4106,California
San Joaquin,2020-12-26,101,4211,29,3927,72,284,0,0,101,4207,0,0,101,4207,California
San Joaquin,2020-12-27,42,4253,29,3956,13,297,0,0,42,4249,0,0,42,4249,California
San Joaquin,2020-12-28,621,4874,420,4376,201,498,0,0,621,4870,0,0,621,4870,California
San Joaquin,2020-12-29,796,5670,671,5047,125,623,0,0,796,5666,0,0,796,5666,California
San Joaquin,2020-12-30,1007,6677,715,5762,292,915,0,0,1005,6671,0,0,1005,6671,California
San Joaquin,2020-12-31,453,7130,202,5964,251,1166,0,0,453,7124,0,0,453,7124,California
San Joaquin,2021-01-01,19,7149,11,5975,8,1174,0,0,19,7143,0,0,19,7143,California
San Joaquin,2021-01-02,261,7410,239,6214,22,1196,0,0,261,7404,0,0,261,7404,California
San Joaquin,2021-01-03,37,7447,19,6233,18,1214,0,0,36,7439,1,1,36,7440,California
San Joaquin,2021-01-04,475,7922,337,6570,138,1352,0,0,473,7911,1,2,473,7913,California
San Joaquin,2021-01-05,976,8898,644,7214,332,1684,0,0,808,8587,168,170,844,8757,California
San Joaquin,2021-01-06,1219,10117,706,7920,513,2197,0,0,916,9208,298,468,919,9676,California
San Joaquin,2021-01-07,1069,11186,675,8595,394,2591,0,0,782,9707,284,752,783,10459,California
San Joaquin,2021-01-08,1191,12377,819,9414,372,2963,0,0,708,9937,482,1234,712,11171,California
San Joaquin,2021-01-09,376,12753,300,9714,76,3039,0,0,247,10055,129,1363,247,11418,California
San Joaquin,2021-01-10,222,12975,114,9828,108,3147,0,0,170,10173,52,1415,170,11588,California
San Joaquin,2021-01-11,1521,14496,1316,11144,205,3352,0,0,859,10438,661,2076,926,12514,California
San Joaquin,2021-01-12,1423,15919,1019,12163,404,3756,0,0,654,10397,765,2841,724,13238,California
San Joaquin,2021-01-13,1523,17442,892,13055,631,4387,0,0,952,10784,570,3411,957,14195,California
San Joaquin,2021-01-14,1648,19090,876,13931,772,5159,0,0,1310,11791,318,3729,1325,15520,California
San Joaquin,2021-01-15,1596,20686,618,14549,978,6137,0,0,1381,12981,201,3930,1391,16911,California
San Joaquin,2021-01-16,1140,21826,192,14741,948,7085,0,0,1113,14068,26,3956,1113,18024,California
San Joaquin,2021-01-17,1614,23440,130,14871,1484,8569,0,0,1576,15608,38,3994,1578,19602,California
San Joaquin,2021-01-18,736,24176,237,15108,499,9068,0,0,616,16108,116,4110,616,20218,California
San Joaquin,2021-01-19,1855,26031,887,15995,968,10036,0,0,1175,16614,675,4785,1181,21399,California
San Joaquin,2021-01-20,2074,28105,1278,17273,796,10832,0,0,1426,17403,643,5428,1432,22831,California
San Joaquin,2021-01-21,1961,30066,889,18162,1072,11904,0,0,1566,18586,388,5816,1571,24402,California
San Joaquin,2021-01-22,1956,32022,913,19075,1043,12947,0,0,1813,20264,138,5954,1816,26218,California
San Joaquin,2021-01-23,893,32915,404,19479,489,13436,0,0,609,20593,283,6237,612,26830,California
San Joaquin,2021-01-24,344,33259,134,19613,210,13646,0,0,323,20897,19,6256,323,27153,California
San Joaquin,2021-01-25,1978,35237,1134,20747,844,14490,0,0,1419,21764,556,6812,1423,28576,California
San Joaquin,2021-01-26,2142,37379,1113,21860,1029,15519,0,0,1536,22700,604,7416,1540,30116,California
San Joaquin,2021-01-27,1721,39100,765,22625,956,16475,0,0,1230,23449,487,7903,1236,31352,California
San Joaquin,2021-01-28,2018,41118,758,23383,1260,17735,0,0,1375,24187,640,8543,1378,32730,California
San Joaquin,2021-01-29,2135,43253,1041,24424,1094,18829,0,0,1789,25642,341,8884,1796,34526,California
San Joaquin,2021-01-30,2161,45414,349,24773,1812,20641,0,0,1986,27457,173,9057,1988,36514,California
San Joaquin,2021-01-31,1553,46967,176,24949,1377,22018,0,0,1492,28890,60,9117,1493,38007,California
San Joaquin,2021-02-01,2485,49452,1311,26260,1174,23192,0,0,1754,29917,730,9847,1757,39764,California
San Joaquin,2021-02-02,2584,52036,1167,27427,1417,24609,0,0,1970,31336,555,10402,1974,41738,California
San Joaquin,2021-02-03,3057,55093,1208,28635,1849,26458,0,0,2194,32679,856,11258,2199,43937,California
San Joaquin,2021-02-04,3429,58522,1709,30344,1720,28178,0,0,2625,34509,799,12057,2629,46566,California
San Joaquin,2021-02-05,3208,61730,1855,32199,1353,29531,0,0,2351,36014,851,12908,2356,48922,California
San Joaquin,2021-02-06,1120,62850,785,32984,335,29866,0,0,945,36788,173,13081,947,49869,California
San Joaquin,2021-02-07,611,63461,484,33468,127,29993,0,0,409,37003,195,13276,410,50279,California
San Joaquin,2021-02-08,1772,65233,1031,34499,741,30734,0,0,1440,38137,310,13586,1444,51723,California
San Joaquin,2021-02-09,2095,67328,1135,35634,960,31694,0,0,1566,39245,459,14045,1567,53290,California
San Joaquin,2021-02-10,2553,69881,1250,36884,1303,32997,0,0,1336,39393,1188,15233,1336,54626,California
San Joaquin,2021-02-11,2926,72807,1502,38386,1424,34421,0,0,1716,39933,1181,16414,1721,56347,California
San Joaquin,2021-02-12,2797,75604,1121,39507,1676,36097,0,0,1583,40321,1200,17614,1588,57935,California
San Joaquin,2021-02-13,2111,77715,398,39905,1713,37810,0,0,848,39923,1252,18866,854,58789,California
San Joaquin,2021-02-14,1900,79615,261,40166,1639,39449,0,0,689,39426,1187,20053,690,59479,California
San Joaquin,2021-02-15,1975,81590,833,40999,1142,40591,0,0,1194,39871,753,20806,1198,60677,California
San Joaquin,2021-02-16,3142,84732,1369,42368,1773,42364,0,0,1741,40229,1389,22195,1747,62424,California
San Joaquin,2021-02-17,3261,87993,1262,43630,1999,44363,0,0,1858,40700,1391,23586,1862,64286,California
San Joaquin,2021-02-18,3317,91310,1363,44993,1954,46317,0,0,1895,41207,1395,24981,1902,66188,California
San Joaquin,2021-02-19,4236,95546,2396,47389,1840,48157,0,0,2386,41795,1799,26780,2387,68575,California
San Joaquin,2021-02-20,1536,97082,650,48039,886,49043,0,0,1060,42380,475,27255,1060,69635,California
San Joaquin,2021-02-21,634,97716,478,48517,156,49199,0,0,401,42552,230,27485,402,70037,California
San Joaquin,2021-02-22,3506,101222,2471,50988,1035,50234,0,0,2517,44115,959,28444,2522,72559,California
San Joaquin,2021-02-23,4276,105498,2598,53586,1678,51912,0,0,2634,45138,1615,30059,2638,75197,California
San Joaquin,2021-02-24,5674,111172,3375,56961,2299,54211,0,0,4088,47666,1564,31623,4092,79289,California
San Joaquin,2021-02-25,6284,117456,3884,60845,2400,56611,0,0,4062,49545,2193,33816,4072,83361,California
San Joaquin,2021-02-26,5434,122890,2837,63682,2597,59208,0,0,3738,51622,1669,35485,3746,87107,California
San Joaquin,2021-02-27,5417,128307,1609,65291,3808,63016,0,0,2596,51458,2774,38259,2610,89717,California
San Joaquin,2021-02-28,3040,131347,1090,66381,1950,64966,0,0,1999,52437,1022,39281,2001,91718,California
San Joaquin,2021-03-01,4063,135410,1791,68172,2272,67238,0,0,2300,53000,1747,41028,2310,94028,California
San Joaquin,2021-03-02,4154,139564,1656,69828,2498,69736,0,0,2606,54131,1530,42558,2661,96689,California
San Joaquin,2021-03-03,5734,145298,3402,73230,2330,72066,2,2,4141,56703,1570,44128,4142,100831,California
San Joaquin,2021-03-04,5654,150952,2242,75472,3409,75475,3,5,3698,58464,1945,46073,3706,104537,California
San Joaquin,2021-03-05,4402,155354,1865,77337,2533,78008,4,9,3037,60159,1350,47423,3045,107582,California
San Joaquin,2021-03-06,3282,158636,2163,79500,989,78997,130,139,2701,62415,578,48001,2834,110416,California
San Joaquin,2021-03-07,1205,159841,552,80052,607,79604,46,185,923,63105,264,48265,954,111370,California
San Joaquin,2021-03-08,3114,162955,1250,81302,1740,81344,124,309,2113,64350,991,49256,2236,113606,California
San Joaquin,2021-03-09,3956,166911,1778,83080,2052,83396,126,435,2619,65776,1322,50578,2748,116354,California
San Joaquin,2021-03-10,4620,171531,2454,85534,2028,85424,138,573,3404,68114,1204,51782,3542,119896,California
San Joaquin,2021-03-11,4914,176445,2330,87864,1987,87411,597,1170,2922,69656,1982,53764,3524,123420,California
San Joaquin,2021-03-12,6243,182688,3118,90982,2793,90204,332,1502,4148,72067,2075,55839,4486,127906,California
San Joaquin,2021-03-13,3050,185738,1446,92428,1478,91682,126,1628,2291,73738,752,56591,2423,130329,California
San Joaquin,2021-03-14,2151,187889,667,93095,1181,92863,303,1931,1038,73974,1109,57700,1345,131674,California
San Joaquin,2021-03-15,6042,193931,3477,96572,2162,95025,403,2334,3175,74722,2843,60543,3591,135265,California
San Joaquin,2021-03-16,6800,200731,3865,100437,2679,97704,256,2590,4018,76234,2770,63313,4282,139547,California
San Joaquin,2021-03-17,7732,208463,4636,105073,3026,100730,70,2660,4308,77230,3391,66704,4387,143934,California
San Joaquin,2021-03-18,7599,216062,4462,109535,2631,103361,506,3166,3759,77698,3804,70508,4272,148206,California
San Joaquin,2021-03-19,7891,223953,4624,114159,2725,106086,542,3708,4786,79986,3086,73594,5374,153580,California
San Joaquin,2021-03-20,3658,227611,2115,116274,1300,107386,243,3951,1833,80261,1812,75406,2087,155667,California
San Joaquin,2021-03-21,2098,229709,1491,117765,401,107787,206,4157,1193,80805,898,76304,1442,157109,California
San Joaquin,2021-03-22,3940,233649,2013,119778,1511,109298,416,4573,2340,81977,1589,77893,2761,159870,California
San Joaquin,2021-03-23,5344,238993,2619,122397,2559,111857,166,4739,3707,84235,1620,79513,3878,163748,California
San Joaquin,2021-03-24,6789,245782,4215,126612,2488,114345,86,4825,3023,83612,3740,83253,3117,166865,California
San Joaquin,2021-03-25,5497,251279,3256,129868,2200,116545,41,4866,3276,84734,2202,85455,3324,170189,California
San Joaquin,2021-03-26,6116,257395,2522,132390,3445,119990,149,5015,3232,85270,2864,88319,3400,173589,California
San Joaquin,2021-03-27,4594,261989,2608,134998,1943,121933,43,5058,1808,84370,2766,91085,1866,175455,California
San Joaquin,2021-03-28,2696,264685,1788,136786,883,122816,25,5083,1301,84406,1377,92462,1413,176868,California
San Joaquin,2021-03-29,3990,268675,2152,138938,1816,124632,22,5105,2016,84507,1964,94426,2065,178933,California
San Joaquin,2021-03-30,6163,274838,3135,142073,2937,127569,91,5196,3431,85347,2708,97134,3548,182481,California
San Joaquin,2021-03-31,6535,281373,4117,146190,2359,129928,59,5255,3315,85544,3206,100340,3403,185884,California
San Joaquin,2021-04-01,6318,287691,2938,149128,3299,133227,81,5336,2792,84972,3511,103851,2939,188823,California
San Joaquin,2021-04-02,6283,293974,2860,151988,2934,136161,489,5825,2502,84244,3760,107611,3032,191855,California
San Joaquin,2021-04-03,4102,298076,2313,154301,1463,137624,326,6151,1979,84451,2106,109717,2313,194168,California
San Joaquin,2021-04-04,2261,300337,1346,155647,713,138337,202,6353,1542,85494,711,110428,1754,195922,California
San Joaquin,2021-04-05,4448,304785,2811,158458,1467,139804,170,6523,2616,86470,1825,112253,2801,198723,California
San Joaquin,2021-04-06,6977,311762,4483,162941,2234,142038,260,6783,3318,86422,3638,115891,3590,202313,California
San Joaquin,2021-04-07,8274,320036,4501,167442,2202,144240,1571,8354,3486,86720,4774,120665,5072,207385,California
San Joaquin,2021-04-08,8612,328648,4661,172103,1933,146173,2018,10372,3287,86726,5303,125968,5309,212694,California
San Joaquin,2021-04-09,8748,337396,4225,176328,2977,149150,1546,11918,3144,85852,5583,131551,4709,217403,California
San Joaquin,2021-04-10,5143,342539,1611,177939,1627,150777,1905,13823,1709,86035,3429,134980,3612,221015,California
San Joaquin,2021-04-11,3999,346538,1535,179474,1299,152076,1165,14988,1697,86602,2290,137270,2857,223872,California
San Joaquin,2021-04-12,5918,352456,2344,181818,2044,154120,1530,16518,2301,86837,3601,140871,3836,227708,California
San Joaquin,2021-04-13,7402,359858,4263,186081,3134,157254,5,16523,4536,88539,2847,143718,4549,232257,California
San Joaquin,2021-04-14,7080,366938,3542,189623,3538,160792,0,16523,4139,89768,2919,146637,4148,236405,California
San Joaquin,2021-04-15,7576,374514,4417,194040,3159,163951,0,16523,4176,90583,3367,150004,4182,240587,California
San Joaquin,2021-04-16,6950,381464,3515,197555,3432,167383,3,16526,4012,91698,2911,152915,4026,244613,California
San Joaquin,2021-04-17,4948,386412,2602,200157,2344,169727,2,16528,3468,93713,1471,154386,3486,248099,California
San Joaquin,2021-04-18,2430,388842,1339,201496,1091,170818,0,16528,1300,93905,1115,155501,1307,249406,California
San Joaquin,2021-04-19,5051,393893,2704,204200,2347,173165,0,16528,2703,94292,2326,157827,2713,252119,California
San Joaquin,2021-04-20,6140,400033,3203,207403,2937,176102,0,16528,2896,93978,3222,161049,2908,255027,California
San Joaquin,2021-04-21,5268,405301,2766,210169,2502,178604,0,16528,2880,94520,2344,163393,2886,257913,California
San Joaquin,2021-04-22,5112,410413,2977,213146,2135,180739,0,16528,2936,95312,2151,165544,2943,260856,California
San Joaquin,2021-04-23,5773,416186,2734,215880,3038,183777,1,16529,3659,96880,2097,167641,3665,264521,California
San Joaquin,2021-04-24,5109,421295,3497,219377,1611,185388,1,16530,3313,98422,1777,169418,3319,267840,California
San Joaquin,2021-04-25,2890,424185,2421,221798,469,185857,0,16530,1870,99291,1007,170425,1876,269716,California
San Joaquin,2021-04-26,3479,427664,2235,224033,1243,187100,1,16531,1756,99338,1713,172138,1760,271476,California
San Joaquin,2021-04-27,4149,431813,2419,226452,1681,188781,49,16580,1759,98782,2373,174511,1817,273293,California
San Joaquin,2021-04-28,5291,437104,3116,229568,2100,190881,75,16655,2560,98726,2704,177215,2648,275941,California
San Joaquin,2021-04-29,4628,441732,2675,232243,1902,192783,51,16706,2357,98886,2256,179471,2416,278357,California
San Joaquin,2021-04-30,4740,446472,2271,234514,2405,195188,64,16770,2430,99098,2293,181764,2505,280862,California
San Joaquin,2021-05-01,3178,449650,1792,236306,1333,196521,53,16823,1999,99991,1174,182938,2067,282929,California
San Joaquin,2021-05-02,2013,451663,1357,237663,607,197128,49,16872,976,99985,1033,183971,1027,283956,California
San Joaquin,2021-05-03,2236,453899,1405,239068,824,197952,7,16879,1066,99906,1159,185130,1080,285036,California
San Joaquin,2021-05-04,3858,457757,2594,241662,1168,199120,96,16975,1407,98983,2438,187568,1515,286551,California
San Joaquin,2021-05-05,2188,459945,1387,243049,685,199805,116,17091,931,98789,1246,188814,1052,287603,California
San Luis Obispo,2020-12-16,4,4,4,4,0,0,0,0,4,4,0,0,4,4,California
San Luis Obispo,2020-12-17,196,200,196,200,0,0,0,0,196,200,0,0,196,200,California
San Luis Obispo,2020-12-18,224,424,224,424,0,0,0,0,224,424,0,0,224,424,California
San Luis Obispo,2020-12-19,162,586,162,586,0,0,0,0,162,586,0,0,162,586,California
San Luis Obispo,2020-12-20,215,801,215,801,0,0,0,0,215,801,0,0,215,801,California
San Luis Obispo,2020-12-21,548,1349,548,1349,0,0,0,0,548,1349,0,0,548,1349,California
San Luis Obispo,2020-12-22,308,1657,304,1653,4,4,0,0,308,1657,0,0,308,1657,California
San Luis Obispo,2020-12-23,681,2338,367,2020,314,318,0,0,681,2338,0,0,681,2338,California
San Luis Obispo,2020-12-24,194,2532,19,2039,175,493,0,0,194,2532,0,0,194,2532,California
San Luis Obispo,2020-12-25,2,2534,1,2040,1,494,0,0,2,2534,0,0,2,2534,California
San Luis Obispo,2020-12-26,89,2623,12,2052,77,571,0,0,89,2623,0,0,89,2623,California
San Luis Obispo,2020-12-27,76,2699,0,2052,76,647,0,0,76,2699,0,0,76,2699,California
San Luis Obispo,2020-12-28,880,3579,430,2482,450,1097,0,0,880,3579,0,0,880,3579,California
San Luis Obispo,2020-12-29,903,4482,502,2984,401,1498,0,0,903,4482,0,0,903,4482,California
San Luis Obispo,2020-12-30,1172,5654,681,3665,491,1989,0,0,1172,5654,0,0,1172,5654,California
San Luis Obispo,2020-12-31,106,5760,4,3669,102,2091,0,0,106,5760,0,0,106,5760,California
San Luis Obispo,2021-01-01,13,5773,8,3677,5,2096,0,0,13,5773,0,0,13,5773,California
San Luis Obispo,2021-01-02,33,5806,8,3685,25,2121,0,0,33,5806,0,0,33,5806,California
San Luis Obispo,2021-01-03,16,5822,6,3691,10,2131,0,0,16,5822,0,0,16,5822,California
San Luis Obispo,2021-01-04,678,6500,524,4215,154,2285,0,0,678,6500,0,0,678,6500,California
San Luis Obispo,2021-01-05,974,7474,756,4971,218,2503,0,0,972,7470,2,2,972,7472,California
San Luis Obispo,2021-01-06,725,8199,480,5451,245,2748,0,0,717,8180,7,9,717,8189,California
San Luis Obispo,2021-01-07,1126,9325,948,6399,178,2926,0,0,684,8422,442,451,684,8873,California
San Luis Obispo,2021-01-08,882,10207,804,7203,78,3004,0,0,513,8567,368,819,513,9386,California
San Luis Obispo,2021-01-09,204,10411,195,7398,9,3013,0,0,27,8417,177,996,27,9413,California
San Luis Obispo,2021-01-10,12,10423,8,7406,4,3017,0,0,8,8421,4,1000,8,9421,California
San Luis Obispo,2021-01-11,552,10975,501,7907,51,3068,0,0,292,8454,259,1259,292,9713,California
San Luis Obispo,2021-01-12,597,11572,380,8287,217,3285,0,0,319,8495,278,1537,319,10032,California
San Luis Obispo,2021-01-13,884,12456,255,8542,629,3914,0,0,646,8905,236,1773,646,10678,California
San Luis Obispo,2021-01-14,730,13186,244,8786,486,4400,0,0,605,9398,112,1885,605,11283,California
San Luis Obispo,2021-01-15,729,13915,287,9073,442,4842,0,0,554,9782,170,2055,554,11837,California
San Luis Obispo,2021-01-16,99,14014,81,9154,18,4860,0,0,94,9871,5,2060,94,11931,California
San Luis Obispo,2021-01-17,67,14081,61,9215,6,4866,0,0,67,9938,0,2060,67,11998,California
San Luis Obispo,2021-01-18,1372,15453,389,9604,983,5849,0,0,1110,10786,262,2322,1110,13108,California
San Luis Obispo,2021-01-19,1585,17038,417,10021,1168,7017,0,0,1177,11555,408,2730,1177,14285,California
San Luis Obispo,2021-01-20,1884,18922,596,10617,1288,8305,0,0,1293,12260,589,3319,1294,15579,California
San Luis Obispo,2021-01-21,1570,20492,466,11083,1104,9409,0,0,1197,13089,369,3688,1198,16777,California
San Luis Obispo,2021-01-22,1522,22014,509,11592,1013,10422,0,0,1207,13983,313,4001,1207,17984,California
San Luis Obispo,2021-01-23,313,22327,295,11887,18,10440,0,0,297,14264,16,4017,297,18281,California
San Luis Obispo,2021-01-24,245,22572,237,12124,8,10448,0,0,239,14497,6,4023,239,18520,California
San Luis Obispo,2021-01-25,2074,24646,606,12730,1468,11916,0,0,1244,14911,830,4853,1244,19764,California
San Luis Obispo,2021-01-26,2001,26647,703,13433,1298,13214,0,0,1134,15178,867,5720,1134,20898,California
San Luis Obispo,2021-01-27,1611,28258,284,13717,1327,14541,0,0,1152,15871,459,6179,1152,22050,California
San Luis Obispo,2021-01-28,1485,29743,342,14059,1143,15684,0,0,1225,16837,259,6438,1225,23275,California
San Luis Obispo,2021-01-29,1735,31478,681,14740,1054,16738,0,0,1451,18004,284,6722,1451,24726,California
San Luis Obispo,2021-01-30,37,31515,18,14758,19,16757,0,0,26,18020,10,6732,26,24752,California
San Luis Obispo,2021-01-31,26,31541,20,14778,6,16763,0,0,23,18040,3,6735,23,24775,California
San Luis Obispo,2021-02-01,1694,33235,730,15508,964,17727,0,0,1399,19145,294,7029,1399,26174,California
San Luis Obispo,2021-02-02,1895,35130,677,16185,1218,18945,0,0,1521,20292,374,7403,1521,27695,California
San Luis Obispo,2021-02-03,1705,36835,728,16913,977,19922,0,0,1292,21171,413,7816,1292,28987,California
San Luis Obispo,2021-02-04,1657,38492,800,17713,857,20779,0,0,1090,21694,567,8383,1090,30077,California
San Luis Obispo,2021-02-05,1603,40095,716,18429,887,21666,0,0,1059,22209,545,8928,1060,31137,California
San Luis Obispo,2021-02-06,159,40254,92,18521,67,21733,0,0,93,22236,66,8994,93,31230,California
San Luis Obispo,2021-02-07,144,40398,99,18620,45,21778,0,0,74,22241,70,9064,75,31305,California
San Luis Obispo,2021-02-08,858,41256,470,19090,388,22166,0,0,498,22380,359,9423,498,31803,California
San Luis Obispo,2021-02-09,1124,42380,449,19539,675,22841,0,0,542,22353,576,9999,549,32352,California
San Luis Obispo,2021-02-10,1427,43807,486,20025,941,23782,0,0,521,21974,903,10902,524,32876,California
San Luis Obispo,2021-02-11,1330,45137,844,20869,486,24268,0,0,655,21957,672,11574,655,33531,California
San Luis Obispo,2021-02-12,787,45924,363,21232,424,24692,0,0,417,22004,370,11944,417,33948,California
San Luis Obispo,2021-02-13,393,46317,127,21359,266,24958,0,0,285,22183,107,12051,286,34234,California
San Luis Obispo,2021-02-14,317,46634,41,21400,276,25234,0,0,281,22429,36,12087,282,34516,California
San Luis Obispo,2021-02-15,724,47358,137,21537,587,25821,0,0,467,22642,254,12341,467,34983,California
San Luis Obispo,2021-02-16,2963,50321,1195,22732,1768,27589,0,0,1360,22405,1597,13938,1360,36343,California
San Luis Obispo,2021-02-17,2775,53096,1238,23970,1537,29126,0,0,1028,21695,1738,15676,1028,37371,California
San Luis Obispo,2021-02-18,2814,55910,1448,25418,1366,30492,0,0,1125,21140,1681,17357,1126,38497,California
San Luis Obispo,2021-02-19,1452,57362,1332,26750,120,30612,0,0,1129,21947,322,17679,1129,39626,California
San Luis Obispo,2021-02-20,250,57612,80,26830,170,30782,0,0,214,22125,36,17715,214,39840,California
San Luis Obispo,2021-02-21,49,57661,45,26875,4,30786,0,0,30,22136,19,17734,30,39870,California
San Luis Obispo,2021-02-22,2403,60064,1858,28733,545,31331,0,0,1459,22652,944,18678,1460,41330,California
San Luis Obispo,2021-02-23,1854,61918,1739,30472,115,31446,0,0,1361,23522,492,19170,1362,42692,California
San Luis Obispo,2021-02-24,2644,64562,1301,31773,1343,32789,0,0,836,22553,1805,20975,836,43528,California
San Luis Obispo,2021-02-25,2130,66692,1243,33016,887,33676,0,0,1205,22841,918,21893,1206,44734,California
San Luis Obispo,2021-02-26,2644,69336,1148,34164,1496,35172,0,0,1324,22853,1312,23205,1324,46058,California
San Luis Obispo,2021-02-27,566,69902,340,34504,226,35398,0,0,520,23327,46,23251,520,46578,California
San Luis Obispo,2021-02-28,198,70100,73,34577,125,35523,0,0,163,23459,31,23282,163,46741,California
San Luis Obispo,2021-03-01,2956,73056,1841,36418,1114,36637,1,1,2034,24572,923,24205,2036,48777,California
San Luis Obispo,2021-03-02,2985,76041,1886,38304,1099,37736,0,1,1841,25274,1140,25345,1842,50619,California
San Luis Obispo,2021-03-03,2274,78315,331,38635,1943,39679,0,1,826,24659,1442,26787,827,51446,California
San Luis Obispo,2021-03-04,2178,80493,1150,39785,1028,40707,0,1,1166,24817,1010,27797,1168,52614,California
San Luis Obispo,2021-03-05,2296,82789,1018,40803,1208,41915,70,71,1291,25188,990,28787,1361,53975,California
San Luis Obispo,2021-03-06,832,83621,309,41112,416,42331,107,178,612,25681,220,29007,713,54688,California
San Luis Obispo,2021-03-07,199,83820,32,41144,83,42414,84,262,70,25708,128,29135,155,54843,California
San Luis Obispo,2021-03-08,2726,86546,753,41897,1659,44073,314,576,1540,26378,1183,30318,1853,56696,California
San Luis Obispo,2021-03-09,2916,89462,956,42853,1724,45797,236,812,1508,26718,1405,31723,1745,58441,California
San Luis Obispo,2021-03-10,3180,92642,1238,44091,1672,47469,270,1082,1816,27444,1360,33083,2086,60527,California
San Luis Obispo,2021-03-11,3103,95745,1273,45364,1528,48997,302,1384,1707,28065,1387,34470,2008,62535,California
San Luis Obispo,2021-03-12,3211,98956,1282,46646,1591,50588,338,1722,1603,28409,1600,36070,1944,64479,California
San Luis Obispo,2021-03-13,791,99747,260,46906,422,51010,109,1831,429,28585,361,36431,537,65016,California
San Luis Obispo,2021-03-14,513,100260,53,46959,349,51359,111,1942,134,28452,378,36809,245,65261,California
San Luis Obispo,2021-03-15,3049,103309,1096,48055,1855,53214,98,2040,1529,28563,1516,38325,1627,66888,California
San Luis Obispo,2021-03-16,2841,106150,1510,49565,1231,54445,100,2140,1446,28719,1389,39714,1545,68433,California
San Luis Obispo,2021-03-17,3422,109572,1448,51013,1713,56158,261,2401,1978,29522,1435,41149,2238,70671,California
San Luis Obispo,2021-03-18,2789,112361,1446,52459,1150,57308,193,2594,1339,29608,1446,42595,1532,72203,California
San Luis Obispo,2021-03-19,2584,114945,1562,54021,701,58009,321,2915,961,29277,1615,44210,1284,73487,California
San Luis Obispo,2021-03-20,831,115776,496,54517,299,58308,36,2951,384,29250,447,44657,420,73907,California
San Luis Obispo,2021-03-21,186,115962,45,54562,138,58446,3,2954,157,29381,29,44686,160,74067,California
San Luis Obispo,2021-03-22,2684,118646,1169,55731,1467,59913,48,3002,1863,30477,815,45501,1911,75978,California
San Luis Obispo,2021-03-23,3355,122001,2210,57941,1127,61040,18,3020,2263,31670,1088,46589,2281,78259,California
San Luis Obispo,2021-03-24,3483,125484,2130,60071,1283,62323,70,3090,2615,33491,863,47452,2684,80943,California
San Luis Obispo,2021-03-25,3657,129141,2285,62356,1360,63683,12,3102,2634,35116,1020,48472,2645,83588,California
San Luis Obispo,2021-03-26,3134,132275,1757,64113,956,64639,421,3523,1751,35910,1377,49849,2171,85759,California
San Luis Obispo,2021-03-27,992,133267,507,64620,393,65032,92,3615,451,35914,539,50388,543,86302,California
San Luis Obispo,2021-03-28,443,133710,151,64771,236,65268,56,3671,242,36011,201,50589,298,86600,California
San Luis Obispo,2021-03-29,2571,136281,1271,66042,1167,66435,133,3804,1651,36887,908,51497,1784,88384,California
San Luis Obispo,2021-03-30,3491,139772,1905,67947,1444,67879,142,3946,2341,38222,1146,52643,2481,90865,California
San Luis Obispo,2021-03-31,3836,143608,2455,70402,1234,69113,147,4093,2472,39486,1354,53997,2618,93483,California
San Luis Obispo,2021-04-01,3797,147405,2416,72818,1287,70400,94,4187,2684,41160,1104,55101,2778,96261,California
San Luis Obispo,2021-04-02,1747,149152,686,73504,750,71150,311,4498,950,41623,796,55897,1259,97520,California
San Luis Obispo,2021-04-03,1096,150248,552,74056,417,71567,127,4625,481,41621,610,56507,608,98128,California
San Luis Obispo,2021-04-04,378,150626,130,74186,208,71775,40,4665,232,41747,146,56653,272,98400,California
San Luis Obispo,2021-04-05,3598,154224,1944,76130,1544,73319,110,4775,2038,42336,1557,58210,2146,100546,California
San Luis Obispo,2021-04-06,4015,158239,2143,78273,1563,74882,309,5084,1949,42537,2057,60267,2258,102804,California
San Luis Obispo,2021-04-07,4260,162499,2338,80611,1582,76464,340,5424,2464,43559,1780,62047,2802,105606,California
San Luis Obispo,2021-04-08,4013,166512,2202,82813,1421,77885,390,5814,2183,44309,1823,63870,2573,108179,California
San Luis Obispo,2021-04-09,3601,170113,1707,84520,1152,79037,742,6556,1510,44475,2082,65952,2248,110427,California
San Luis Obispo,2021-04-10,1571,171684,559,85079,350,79387,662,7218,483,44531,1087,67039,1143,111570,California
San Luis Obispo,2021-04-11,311,171995,63,85142,185,79572,63,7281,124,44533,185,67224,187,111757,California
San Luis Obispo,2021-04-12,3362,175357,1696,86838,1503,81075,163,7444,1407,44148,1955,69179,1570,113327,California
San Luis Obispo,2021-04-13,3630,178987,2092,88930,1537,82612,1,7445,1963,44448,1665,70844,1965,115292,California
San Luis Obispo,2021-04-14,2842,181829,1676,90606,1163,83775,3,7448,1658,44935,1173,72017,1660,116952,California
San Luis Obispo,2021-04-15,3650,185479,2367,92973,1282,85057,1,7449,1948,45199,1685,73702,1949,118901,California
San Luis Obispo,2021-04-16,3598,189077,2186,95159,1409,86466,3,7452,1793,45193,1801,75503,1795,120696,California
San Luis Obispo,2021-04-17,1097,190174,432,95591,663,87129,2,7454,717,45533,379,75882,719,121415,California
San Luis Obispo,2021-04-18,318,190492,96,95687,221,87350,1,7455,109,45436,207,76089,110,121525,California
San Luis Obispo,2021-04-19,3068,193560,1284,96971,1746,89096,38,7493,1131,44671,1934,78023,1169,122694,California
San Luis Obispo,2021-04-20,3549,197109,1932,98903,1617,90713,0,7493,1373,43880,2164,80187,1373,124067,California
San Luis Obispo,2021-04-21,3896,201005,1788,100691,2108,92821,0,7493,1627,43254,2253,82440,1627,125694,California
San Luis Obispo,2021-04-22,4555,205560,2049,102740,2506,95327,0,7493,1500,41716,3040,85480,1502,127196,California
San Luis Obispo,2021-04-23,1468,207028,850,103590,614,95941,4,7497,703,41671,759,86239,714,127910,California
San Luis Obispo,2021-04-24,1082,208110,445,104035,618,96559,19,7516,495,41603,582,86821,514,128424,California
San Luis Obispo,2021-04-25,345,208455,162,104197,182,96741,1,7517,113,41486,231,87052,114,128538,California
San Luis Obispo,2021-04-26,901,209356,294,104491,590,97331,17,7534,335,41282,555,87607,351,128889,California
San Luis Obispo,2021-04-27,3574,212930,1835,106326,1672,99003,67,7601,1359,40498,2209,89816,1425,130314,California
San Luis Obispo,2021-04-28,3361,216291,1868,108194,1431,100434,62,7663,1167,39547,2180,91996,1229,131543,California
San Luis Obispo,2021-04-29,3205,219496,1860,110054,1272,101706,73,7736,1055,38535,2140,94136,1128,132671,California
San Luis Obispo,2021-04-30,2635,222131,1498,111552,1073,102779,64,7800,824,37623,1798,95934,886,133557,California
San Luis Obispo,2021-05-01,418,222549,167,111719,216,102995,35,7835,110,37462,305,96239,144,133701,California
San Luis Obispo,2021-05-02,163,222712,49,111768,93,103088,21,7856,40,37400,123,96362,61,133762,California
San Luis Obispo,2021-05-03,400,223112,30,111798,315,103403,55,7911,118,37289,282,96644,171,133933,California
San Luis Obispo,2021-05-04,2518,225630,1689,113487,807,104210,22,7933,751,36298,1763,98407,772,134705,California
San Luis Obispo,2021-05-05,1699,227329,1165,114652,526,104736,8,7941,377,35367,1316,99723,385,135090,California
San Mateo,2020-12-15,26,26,26,26,0,0,0,0,26,26,0,0,26,26,California
San Mateo,2020-12-16,110,136,110,136,0,0,0,0,110,136,0,0,110,136,California
San Mateo,2020-12-17,164,300,164,300,0,0,0,0,164,300,0,0,164,300,California
San Mateo,2020-12-18,741,1041,739,1039,2,2,0,0,741,1041,0,0,741,1041,California
San Mateo,2020-12-19,511,1552,511,1550,0,2,0,0,511,1552,0,0,511,1552,California
San Mateo,2020-12-20,510,2062,508,2058,2,4,0,0,510,2062,0,0,510,2062,California
San Mateo,2020-12-21,1155,3217,1155,3213,0,4,0,0,1155,3217,0,0,1155,3217,California
San Mateo,2020-12-22,1518,4735,1511,4724,7,11,0,0,1518,4735,0,0,1518,4735,California
San Mateo,2020-12-23,1573,6308,1385,6109,188,199,0,0,1573,6308,0,0,1573,6308,California
San Mateo,2020-12-24,867,7175,609,6718,258,457,0,0,867,7175,0,0,867,7175,California
San Mateo,2020-12-25,115,7290,111,6829,4,461,0,0,115,7290,0,0,115,7290,California
San Mateo,2020-12-26,561,7851,418,7247,143,604,0,0,561,7851,0,0,561,7851,California
San Mateo,2020-12-27,307,8158,176,7423,131,735,0,0,307,8158,0,0,307,8158,California
San Mateo,2020-12-28,1049,9207,703,8126,346,1081,0,0,1049,9207,0,0,1049,9207,California
San Mateo,2020-12-29,1130,10337,705,8831,425,1506,0,0,1130,10337,0,0,1130,10337,California
San Mateo,2020-12-30,1265,11602,760,9591,505,2011,0,0,1265,11602,0,0,1265,11602,California
San Mateo,2020-12-31,717,12319,232,9823,485,2496,0,0,716,12317,1,1,716,12318,California
San Mateo,2021-01-01,56,12375,40,9863,16,2512,0,0,56,12373,0,1,56,12374,California
San Mateo,2021-01-02,400,12775,270,10133,130,2642,0,0,400,12773,0,1,400,12774,California
San Mateo,2021-01-03,282,13057,207,10340,75,2717,0,0,279,13049,3,4,279,13053,California
San Mateo,2021-01-04,1053,14110,680,11020,373,3090,0,0,1053,14102,0,4,1053,14106,California
San Mateo,2021-01-05,1200,15310,705,11725,495,3585,0,0,1171,15245,29,33,1172,15278,California
San Mateo,2021-01-06,1447,16757,950,12675,497,4082,0,0,1266,16333,179,212,1267,16545,California
San Mateo,2021-01-07,1454,18211,808,13483,646,4728,0,0,1164,17215,283,495,1165,17710,California
San Mateo,2021-01-08,1840,20051,1191,14674,649,5377,0,0,1141,17665,692,1187,1142,18852,California
San Mateo,2021-01-09,1180,21231,776,15450,404,5781,0,0,723,17931,457,1644,723,19575,California
San Mateo,2021-01-10,702,21933,573,16023,129,5910,0,0,266,17761,436,2080,266,19841,California
San Mateo,2021-01-11,2594,24527,1485,17508,1109,7019,0,0,1528,18224,1067,3147,1530,21371,California
San Mateo,2021-01-12,3280,27807,1772,19280,1508,8527,0,0,2097,19143,1181,4328,2100,23471,California
San Mateo,2021-01-13,3479,31286,1750,21030,1729,10256,0,0,2446,20559,1033,5361,2449,25920,California
San Mateo,2021-01-14,3776,35062,1583,22613,2193,12449,0,0,3092,22972,684,6045,3097,29017,California
San Mateo,2021-01-15,4330,39392,1710,24323,2620,15069,0,0,3802,26250,526,6571,3804,32821,California
San Mateo,2021-01-16,3084,42476,776,25099,2308,17377,0,0,2764,28694,320,6891,2764,35585,California
San Mateo,2021-01-17,1311,43787,309,25408,1002,18379,0,0,1102,29587,209,7100,1102,36687,California
San Mateo,2021-01-18,1365,45152,533,25941,832,19211,0,0,990,30209,372,7472,994,37681,California
San Mateo,2021-01-19,2794,47946,1784,27725,1010,20221,0,0,2002,31422,789,8261,2002,39683,California
San Mateo,2021-01-20,2797,50743,1542,29267,1255,21476,0,0,1952,32533,842,9103,1953,41636,California
San Mateo,2021-01-21,2843,53586,1295,30562,1548,23024,0,0,2251,34196,591,9694,2254,43890,California
San Mateo,2021-01-22,2792,56378,1135,31697,1657,24681,0,0,2493,36393,297,9991,2494,46384,California
San Mateo,2021-01-23,2885,59263,1690,33387,1195,25876,0,0,2521,38551,364,10355,2522,48906,California
San Mateo,2021-01-24,1519,60782,374,33761,1145,27021,0,0,1209,39451,309,10664,1209,50115,California
San Mateo,2021-01-25,4430,65212,3147,36908,1283,28304,0,0,3535,42096,893,11557,3538,53653,California
San Mateo,2021-01-26,4297,69509,2982,39890,1315,29619,0,0,3393,44586,903,12460,3393,57046,California
San Mateo,2021-01-27,2788,72297,1470,41360,1318,30937,0,0,1792,45390,989,13449,1793,58839,California
San Mateo,2021-01-28,2800,75097,1353,42713,1447,32384,0,0,1950,46505,835,14284,1950,60789,California
San Mateo,2021-01-29,2982,78079,1339,44052,1643,34027,0,0,2149,47827,830,15114,2152,62941,California
San Mateo,2021-01-30,3375,81454,1476,45528,1899,35926,0,0,2918,50290,456,15570,2919,65860,California
San Mateo,2021-01-31,1681,83135,897,46425,784,36710,0,0,1518,51647,161,15731,1518,67378,California
San Mateo,2021-02-01,2927,86062,1346,47771,1581,38291,0,0,2219,53163,704,16435,2220,69598,California
San Mateo,2021-02-02,3176,89238,1729,49500,1447,39738,0,0,2160,54310,1013,17448,2160,71758,California
San Mateo,2021-02-03,4881,94119,1948,51448,2933,42671,0,0,3828,57089,1050,18498,3829,75587,California
San Mateo,2021-02-04,6295,100414,2593,54041,3702,46373,0,0,4935,60673,1354,19852,4938,80525,California
San Mateo,2021-02-05,6801,107215,2554,56595,4247,50620,0,0,4974,63837,1810,21662,4974,85499,California
San Mateo,2021-02-06,3283,110498,1917,58512,1366,51986,0,0,2619,65795,663,22325,2621,88120,California
San Mateo,2021-02-07,1897,112395,1343,59855,554,52540,0,0,1710,67318,187,22512,1710,89830,California
San Mateo,2021-02-08,5277,117672,2244,62099,3033,55573,0,0,3102,68309,2111,24623,3102,92932,California
San Mateo,2021-02-09,6183,123855,3221,65320,2962,58535,0,0,3339,68809,2839,27462,3339,96271,California
San Mateo,2021-02-10,6503,130358,3274,68594,3229,61764,0,0,3427,69169,3067,30529,3427,99698,California
San Mateo,2021-02-11,7052,137410,3581,72175,3471,65235,0,0,3798,69725,3245,33774,3801,103499,California
San Mateo,2021-02-12,6617,144027,2950,75125,3667,68902,0,0,4700,72513,1914,35688,4702,108201,California
San Mateo,2021-02-13,6089,150116,3992,79117,2097,70999,0,0,2637,71702,3448,39136,2637,110838,California
San Mateo,2021-02-14,4631,154747,3016,82133,1615,72614,0,0,1982,71040,2645,41781,1983,112821,California
San Mateo,2021-02-15,3166,157913,1457,83590,1709,74323,0,0,1786,71451,1376,43157,1787,114608,California
San Mateo,2021-02-16,7149,165062,1875,85465,5274,79597,0,0,5283,74871,1865,45022,5285,119893,California
San Mateo,2021-02-17,7059,172121,1934,87399,5125,84722,0,0,5067,77953,1987,47009,5069,124962,California
San Mateo,2021-02-18,6693,178814,4625,92024,2068,86790,0,0,4446,80159,2242,49251,4448,129410,California
San Mateo,2021-02-19,7809,186623,5609,97633,2200,88990,0,0,5816,83988,1987,51238,5816,135226,California
San Mateo,2021-02-20,3732,190355,2417,100050,1315,90305,0,0,2307,84877,1418,52656,2307,137533,California
San Mateo,2021-02-21,2307,192662,1466,101516,841,91146,0,0,1262,85099,1040,53696,1262,138795,California
San Mateo,2021-02-22,4420,197082,3197,104713,1223,92369,0,0,2781,86247,1633,55329,2781,141576,California
San Mateo,2021-02-23,4287,201369,3042,107755,1245,93614,0,0,2481,86929,1799,57128,2481,144057,California
San Mateo,2021-02-24,7274,208643,3255,111010,4019,97633,0,0,4851,89363,2418,59546,4852,148909,California
San Mateo,2021-02-25,9083,217726,4009,115019,5074,102707,0,0,6015,92325,3053,62599,6015,154924,California
San Mateo,2021-02-26,9764,227490,3714,118733,6050,108757,0,0,6842,96262,2909,65508,6846,161770,California
San Mateo,2021-02-27,6682,234172,3413,122146,3268,112025,1,1,3632,96854,3046,68554,3638,165408,California
San Mateo,2021-02-28,4123,238295,2505,124651,1618,113643,0,1,2554,97845,1564,70118,2555,167963,California
San Mateo,2021-03-01,5641,243936,3527,128178,2113,115756,1,2,2793,97803,2836,72954,2794,170757,California
San Mateo,2021-03-02,5790,249726,3982,132160,1807,117563,1,3,3334,98691,2448,75402,3336,174093,California
San Mateo,2021-03-03,8340,258066,3897,136057,4441,122004,2,5,3600,97565,4728,80130,3602,177695,California
San Mateo,2021-03-04,8417,266483,3938,139995,4477,126481,2,7,3804,96778,4595,84725,3808,181503,California
San Mateo,2021-03-05,9088,275571,5983,145978,3101,129582,4,11,6413,100544,2655,87380,6421,187924,California
San Mateo,2021-03-06,7845,283416,5434,151412,2235,131817,176,187,5733,104349,2103,89483,5908,193832,California
San Mateo,2021-03-07,3468,286884,2314,153726,1087,132904,67,254,2005,104962,1459,90942,2072,195904,California
San Mateo,2021-03-08,4437,291321,2477,156203,1742,134646,218,472,3215,107183,1213,92155,3434,199338,California
San Mateo,2021-03-09,4551,295872,2124,158327,2154,136800,273,745,3007,108925,1537,93692,3279,202617,California
San Mateo,2021-03-10,6920,302792,2644,160971,3990,140790,286,1031,4568,111439,2339,96031,4853,207470,California
San Mateo,2021-03-11,9129,311921,5732,166703,3005,143795,392,1423,3717,110163,5384,101415,4108,211578,California
San Mateo,2021-03-12,10494,322415,6607,173310,3512,147307,375,1798,3498,107058,6979,108394,3874,215452,California
San Mateo,2021-03-13,8099,330514,3415,176725,3059,150366,1625,3423,3912,108413,4176,112570,5531,220983,California
San Mateo,2021-03-14,4936,335450,3304,180029,1525,151891,107,3530,2903,109397,2026,114596,3010,223993,California
San Mateo,2021-03-15,7128,342578,4580,184609,2372,154263,176,3706,3769,109989,3353,117949,3945,227938,California
San Mateo,2021-03-16,11908,354486,4356,188965,7429,161692,123,3829,4858,107937,7035,124984,4983,232921,California
San Mateo,2021-03-17,10795,365281,4363,193328,6307,167999,125,3954,4892,107079,5879,130863,5021,237942,California
San Mateo,2021-03-18,7236,372517,4034,197362,3019,171018,183,4137,4311,108652,2919,133782,4492,242434,California
San Mateo,2021-03-19,7362,379879,4722,202084,1973,172991,667,4804,3611,109189,3741,137523,4278,246712,California
San Mateo,2021-03-20,8281,388160,6428,208512,1518,174509,335,5139,5408,112074,2858,140381,5743,252455,California
San Mateo,2021-03-21,4147,392307,3122,211634,794,175303,231,5370,2345,112855,1792,142173,2573,255028,California
San Mateo,2021-03-22,5219,397526,3545,215179,1257,176560,417,5787,2860,113786,2347,144520,3278,258306,California
San Mateo,2021-03-23,9775,407301,4444,219623,5135,181695,196,5983,4657,113549,5089,149609,4852,263158,California
San Mateo,2021-03-24,9435,416736,5439,225062,3856,185551,140,6123,4103,112523,5266,154875,4240,267398,California
San Mateo,2021-03-25,10009,426745,4873,229935,4867,190418,269,6392,4421,111729,5487,160362,4693,272091,California
San Mateo,2021-03-26,11143,437888,7659,237594,3319,193737,165,6557,4457,109703,6649,167011,4623,276714,California
San Mateo,2021-03-27,10432,448320,7963,245557,2363,196100,106,6663,4698,108788,5716,172727,4801,281515,California
San Mateo,2021-03-28,4214,452534,2701,248258,1402,197502,111,6774,2106,108907,2099,174826,2218,283733,California
San Mateo,2021-03-29,6011,458545,3744,252002,2015,199517,252,7026,2849,108864,3144,177970,3101,286834,California
San Mateo,2021-03-30,7066,465611,4006,256008,2906,202423,154,7180,4452,110871,2599,180569,4606,291440,California
San Mateo,2021-03-31,7198,472809,4547,260555,2513,204936,138,7318,4055,111937,3127,183696,4193,295633,California
San Mateo,2021-04-01,10394,483203,5097,265652,4117,209053,1180,8498,5579,113914,4779,188475,6756,302389,California
San Mateo,2021-04-02,10621,493824,5065,270717,3994,213047,1562,10060,5568,116007,5036,193511,7129,309518,California
San Mateo,2021-04-03,9647,503471,5469,276186,2446,215493,1732,11792,4867,117832,4775,198286,6600,316118,California
San Mateo,2021-04-04,5388,508859,2598,278784,1543,217036,1247,13039,1707,117114,3671,201957,2953,319071,California
San Mateo,2021-04-05,8941,517800,4754,283538,2453,219489,1734,14773,3855,117627,5073,207030,5586,324657,California
San Mateo,2021-04-06,13100,530900,8206,291744,3044,222533,1850,16623,7490,121377,5597,212627,9347,334004,California
San Mateo,2021-04-07,11321,542221,5248,296992,4403,226936,1670,18293,4810,121360,6491,219118,6474,340478,California
San Mateo,2021-04-08,10031,552252,5005,301997,2444,229380,2582,20875,4442,122801,5574,224692,7015,347493,California
San Mateo,2021-04-09,11214,563466,5444,307441,3297,232677,2473,23348,5052,124161,6160,230852,7520,355013,California
San Mateo,2021-04-10,11111,574577,5654,313095,4039,236716,1418,24766,4609,123704,6481,237333,6024,361037,California
San Mateo,2021-04-11,6604,581181,3277,316372,880,237596,2447,27213,2335,124217,4263,241596,4776,365813,California
San Mateo,2021-04-12,7296,588477,4466,320838,1872,239468,958,28171,3546,124987,3734,245330,4504,370317,California
San Mateo,2021-04-13,8158,596635,5115,325953,3034,242502,9,28180,4342,125530,3810,249140,4353,374670,California
San Mateo,2021-04-14,8333,604968,5420,331373,2911,245413,2,28182,4310,125835,4012,253152,4317,378987,California
San Mateo,2021-04-15,10986,615954,7295,338668,3690,249103,1,28183,7201,129277,3762,256914,7204,386191,California
San Mateo,2021-04-16,9929,625883,6859,345527,3054,252157,16,28199,6319,132023,3594,260508,6340,392531,California
San Mateo,2021-04-17,9598,635481,6406,351933,3189,255346,3,28202,6087,134615,3503,264011,6095,398626,California
San Mateo,2021-04-18,5389,640870,2581,354514,2808,258154,0,28202,3653,136548,1726,265737,3659,402285,California
San Mateo,2021-04-19,8314,649184,5407,359921,2907,261061,0,28202,5396,139042,2909,268646,5403,407688,California
San Mateo,2021-04-20,10188,659372,5649,365570,4539,265600,0,28202,6540,141960,3632,272278,6550,414238,California
San Mateo,2021-04-21,8906,668278,6018,371588,2888,268488,0,28202,5504,144081,3390,275668,5511,419749,California
San Mateo,2021-04-22,9395,677673,6247,377835,3147,271635,1,28203,5219,145161,4145,279813,5225,424974,California
San Mateo,2021-04-23,9410,687083,6186,384021,3224,274859,0,28203,5288,146366,4098,283911,5303,430277,California
San Mateo,2021-04-24,11196,698279,8008,392029,3188,278047,0,28203,6044,147285,5133,289044,6052,436329,California
San Mateo,2021-04-25,5489,703768,3856,395885,1632,279679,1,28204,3902,149621,1576,290620,3912,440241,California
San Mateo,2021-04-26,5940,709708,4353,400238,1580,281259,7,28211,3443,150591,2491,293111,3461,443702,California
San Mateo,2021-04-27,10642,720350,7539,407777,2999,284258,104,28315,4257,148593,6363,299474,4365,448067,California
San Mateo,2021-04-28,7403,727753,4276,412053,2924,287182,203,28518,3831,149067,3563,303037,4037,452104,California
San Mateo,2021-04-29,7037,734790,3337,415390,3529,290711,171,28689,3049,148329,3966,307003,3228,455332,California
San Mateo,2021-04-30,7565,742355,4771,420161,2641,293352,153,28842,3215,147379,4331,311334,3381,458713,California
San Mateo,2021-05-01,5985,748340,4014,424175,1854,295206,117,28959,2593,146719,3379,314713,2719,461432,California
San Mateo,2021-05-02,2860,751200,1492,425667,1290,296496,78,29037,1059,146068,1791,316504,1140,462572,California
San Mateo,2021-05-03,3993,755193,2847,428514,1121,297617,25,29062,1471,145051,2515,319019,1498,464070,California
San Mateo,2021-05-04,5113,760306,3244,431758,1799,299416,70,29132,1933,143894,3173,322192,2016,466086,California
San Mateo,2021-05-05,4002,764308,2362,434120,1611,301027,29,29161,1616,143164,2377,324569,1647,467733,California
Santa Barbara,2020-12-15,2,2,2,2,0,0,0,0,2,2,0,0,2,2,California
Santa Barbara,2020-12-16,2,4,2,4,0,0,0,0,2,4,0,0,2,4,California
Santa Barbara,2020-12-17,54,58,54,58,0,0,0,0,54,58,0,0,54,58,California
Santa Barbara,2020-12-18,378,436,377,435,1,1,0,0,378,436,0,0,378,436,California
Santa Barbara,2020-12-19,325,761,325,760,0,1,0,0,325,761,0,0,325,761,California
Santa Barbara,2020-12-20,235,996,235,995,0,1,0,0,235,996,0,0,235,996,California
Santa Barbara,2020-12-21,651,1647,649,1644,2,3,0,0,651,1647,0,0,651,1647,California
Santa Barbara,2020-12-22,243,1890,241,1885,2,5,0,0,243,1890,0,0,243,1890,California
Santa Barbara,2020-12-23,320,2210,202,2087,118,123,0,0,320,2210,0,0,320,2210,California
Santa Barbara,2020-12-24,88,2298,40,2127,48,171,0,0,88,2298,0,0,88,2298,California
Santa Barbara,2020-12-26,326,2624,66,2193,260,431,0,0,326,2624,0,0,326,2624,California
Santa Barbara,2020-12-27,62,2686,1,2194,61,492,0,0,62,2686,0,0,62,2686,California
Santa Barbara,2020-12-28,357,3043,224,2418,133,625,0,0,357,3043,0,0,357,3043,California
Santa Barbara,2020-12-29,554,3597,360,2778,194,819,0,0,554,3597,0,0,554,3597,California
Santa Barbara,2020-12-30,587,4184,405,3183,182,1001,0,0,587,4184,0,0,587,4184,California
Santa Barbara,2020-12-31,240,4424,114,3297,126,1127,0,0,240,4424,0,0,240,4424,California
Santa Barbara,2021-01-01,112,4536,108,3405,4,1131,0,0,112,4536,0,0,112,4536,California
Santa Barbara,2021-01-02,587,5123,223,3628,364,1495,0,0,587,5123,0,0,587,5123,California
Santa Barbara,2021-01-03,23,5146,15,3643,8,1503,0,0,23,5146,0,0,23,5146,California
Santa Barbara,2021-01-04,309,5455,246,3889,63,1566,0,0,308,5454,0,0,308,5454,California
Santa Barbara,2021-01-05,752,6207,379,4268,373,1939,0,0,725,6152,27,27,725,6179,California
Santa Barbara,2021-01-06,655,6862,276,4544,379,2318,0,0,596,6690,58,85,596,6775,California
Santa Barbara,2021-01-07,1033,7895,711,5255,322,2640,0,0,527,6715,502,587,527,7302,California
Santa Barbara,2021-01-08,1202,9097,840,6095,362,3002,0,0,709,6931,493,1080,709,8011,California
Santa Barbara,2021-01-09,566,9663,293,6388,273,3275,0,0,320,7005,246,1326,320,8331,California
Santa Barbara,2021-01-10,62,9725,50,6438,12,3287,0,0,46,7035,16,1342,46,8377,California
Santa Barbara,2021-01-11,839,10564,670,7108,169,3456,0,0,616,7429,222,1564,616,8993,California
Santa Barbara,2021-01-12,1426,11990,634,7742,792,4248,0,0,1270,8543,156,1720,1270,10263,California
Santa Barbara,2021-01-13,1227,13217,280,8022,947,5195,0,0,1101,9518,126,1846,1101,11364,California
Santa Barbara,2021-01-14,1250,14467,134,8156,1116,6311,0,0,1196,10662,53,1899,1197,12561,California
Santa Barbara,2021-01-15,1802,16269,420,8576,1382,7693,0,0,1721,12303,80,1979,1721,14282,California
Santa Barbara,2021-01-16,1272,17541,202,8778,1070,8763,0,0,1233,13498,38,2017,1233,15515,California
Santa Barbara,2021-01-17,123,17664,20,8798,103,8866,0,0,120,13615,3,2020,120,15635,California
Santa Barbara,2021-01-18,1151,18815,417,9215,734,9600,0,0,966,14396,185,2205,966,16601,California
Santa Barbara,2021-01-19,1638,20453,569,9784,1069,10669,0,0,1360,15479,277,2482,1360,17961,California
Santa Barbara,2021-01-20,2014,22467,463,10247,1551,12220,0,0,1710,16886,303,2785,1710,19671,California
Santa Barbara,2021-01-21,3089,25556,1818,12065,1271,13491,0,0,2931,19660,158,2943,2932,22603,California
Santa Barbara,2021-01-22,3014,28570,1862,13927,1152,14643,0,0,2856,22361,155,3098,2856,25459,California
Santa Barbara,2021-01-23,1734,30304,1106,15033,628,15271,0,0,1223,23074,510,3608,1223,26682,California
Santa Barbara,2021-01-24,844,31148,752,15785,92,15363,0,0,835,23900,9,3617,835,27517,California
Santa Barbara,2021-01-25,1243,32391,500,16285,743,16106,0,0,1003,24663,240,3857,1003,28520,California
Santa Barbara,2021-01-26,2049,34440,468,16753,1581,17687,0,0,1661,25938,386,4243,1661,30181,California
Santa Barbara,2021-01-27,1163,35603,400,17153,763,18450,0,0,903,26583,259,4502,904,31085,California
Santa Barbara,2021-01-28,894,36497,297,17450,597,19047,0,0,680,27052,211,4713,680,31765,California
Santa Barbara,2021-01-29,1334,37831,539,17989,795,19842,0,0,981,27685,350,5063,983,32748,California
Santa Barbara,2021-01-30,1890,39721,1418,19407,472,20314,0,0,1486,28770,401,5464,1486,34234,California
Santa Barbara,2021-01-31,1454,41175,1216,20623,238,20552,0,0,1415,30146,39,5503,1415,35649,California
Santa Barbara,2021-02-01,942,42117,520,21143,422,20974,0,0,553,30310,389,5892,553,36202,California
Santa Barbara,2021-02-02,1824,43941,699,21842,1125,22099,0,0,1048,30584,774,6666,1048,37250,California
Santa Barbara,2021-02-03,1941,45882,1078,22920,863,22962,0,0,1499,31651,432,7098,1499,38749,California
Santa Barbara,2021-02-04,2775,48657,1863,24783,912,23874,0,0,2480,33841,290,7388,2480,41229,California
Santa Barbara,2021-02-05,2905,51562,2060,26843,845,24719,0,0,2262,35461,642,8030,2262,43491,California
Santa Barbara,2021-02-06,1207,52769,339,27182,868,25587,0,0,796,35846,411,8441,796,44287,California
Santa Barbara,2021-02-07,301,53070,263,27445,38,25625,0,0,266,36078,34,8475,266,44553,California
Santa Barbara,2021-02-08,955,54025,311,27756,644,26269,0,0,668,36459,287,8762,668,45221,California
Santa Barbara,2021-02-09,2439,56464,313,28069,2126,28395,0,0,1121,36271,1309,10071,1121,46342,California
Santa Barbara,2021-02-10,2763,59227,1498,29567,1265,29660,0,0,803,35123,1951,12022,803,47145,California
Santa Barbara,2021-02-11,4184,63411,2806,32373,1378,31038,0,0,625,32198,3550,15572,625,47770,California
Santa Barbara,2021-02-12,3310,66721,950,33323,2360,33398,0,0,774,30442,2530,18102,774,48544,California
Santa Barbara,2021-02-13,1235,67956,341,33664,894,34292,0,0,561,30332,671,18773,561,49105,California
Santa Barbara,2021-02-14,331,68287,34,33698,297,34589,0,0,285,30571,46,18819,285,49390,California
Santa Barbara,2021-02-15,965,69252,337,34035,628,35217,0,0,492,30595,468,19287,492,49882,California
Santa Barbara,2021-02-16,2109,71361,397,34432,1712,36929,0,0,716,29922,1389,20676,716,50598,California
Santa Barbara,2021-02-17,1435,72796,321,34753,1114,38043,0,0,522,29533,911,21587,522,51120,California
Santa Barbara,2021-02-18,3253,76049,2647,37400,606,38649,0,0,1518,29351,1700,23287,1518,52638,California
Santa Barbara,2021-02-19,3596,79645,2642,40042,954,39603,0,0,2329,30416,1264,24551,2329,54967,California
Santa Barbara,2021-02-20,2220,81865,1434,41476,786,40389,0,0,1667,31539,544,25095,1667,56634,California
Santa Barbara,2021-02-21,126,81991,97,41573,29,40418,0,0,58,31529,68,25163,58,56692,California
Santa Barbara,2021-02-22,938,82929,246,41819,692,41110,0,0,261,31120,670,25833,261,56953,California
Santa Barbara,2021-02-23,3187,86116,1044,42863,2143,43253,0,0,421,28779,2762,28595,421,57374,California
Santa Barbara,2021-02-24,3196,89312,1087,43950,2109,45362,0,0,721,27035,2465,31060,721,58095,California
Santa Barbara,2021-02-25,3451,92763,1917,45867,1534,46896,0,0,985,25562,2459,33519,986,59081,California
Santa Barbara,2021-02-26,3664,96427,2175,48042,1489,48385,0,0,1979,25863,1678,35197,1979,61060,California
Santa Barbara,2021-02-27,1527,97954,562,48604,965,49350,0,0,846,26036,675,35872,848,61908,California
Santa Barbara,2021-02-28,1084,99038,221,48825,863,50213,0,0,892,26742,187,36059,893,62801,California
Santa Barbara,2021-03-01,1631,100669,464,49289,1167,51380,0,0,1082,27288,537,36596,1083,63884,California
Santa Barbara,2021-03-02,2616,103285,413,49702,2203,53583,0,0,2119,28923,485,37081,2120,66004,California
Santa Barbara,2021-03-03,4626,107911,2099,51801,2526,56109,1,1,4032,32375,584,37665,4036,70040,California
Santa Barbara,2021-03-04,3414,111325,2281,54082,1133,57242,0,1,2860,34689,546,38211,2860,72900,California
Santa Barbara,2021-03-05,3809,115134,2160,56242,1590,58832,59,60,3083,37111,720,38931,3142,76042,California
Santa Barbara,2021-03-06,2434,117568,725,56967,1489,60321,220,280,1667,38234,763,39694,1886,77928,California
Santa Barbara,2021-03-07,560,118128,122,57089,309,60630,129,409,382,38569,177,39871,512,78440,California
Santa Barbara,2021-03-08,1572,119700,376,57465,854,61484,342,751,792,38929,774,40645,1134,79574,California
Santa Barbara,2021-03-09,2775,122475,325,57790,1675,63159,775,1526,720,38368,2052,42697,1491,81065,California
Santa Barbara,2021-03-10,2750,125225,544,58334,1159,64318,1047,2573,1033,38737,1711,44408,2080,83145,California
Santa Barbara,2021-03-11,5573,130798,3029,61363,1431,65749,1113,3686,2281,38846,3280,47688,3389,86534,California
Santa Barbara,2021-03-12,3660,134458,2092,63455,1139,66888,429,4115,2173,39966,1479,49167,2599,89133,California
Santa Barbara,2021-03-13,3471,137929,1923,65378,1339,68227,209,4324,2694,42095,775,49942,2904,92037,California
Santa Barbara,2021-03-14,779,138708,369,65747,353,68580,57,4381,461,42295,318,50260,518,92555,California
Santa Barbara,2021-03-15,2105,140813,694,66441,1120,69700,291,4672,1267,43018,833,51093,1556,94111,California
Santa Barbara,2021-03-16,3724,144537,1170,67611,2213,71913,341,5013,2741,45120,980,52073,3082,97193,California
Santa Barbara,2021-03-17,3296,147833,971,68582,1920,73833,405,5418,2306,46841,988,53061,2709,99902,California
Santa Barbara,2021-03-18,5120,152953,2798,71380,2122,75955,200,5618,3900,49733,1208,54269,4100,104002,California
Santa Barbara,2021-03-19,4438,157391,2765,74145,1341,77296,332,5950,3049,51728,1385,55654,3380,107382,California
Santa Barbara,2021-03-20,2161,159552,827,74972,1323,78619,11,5961,1327,52233,832,56486,1337,108719,California
Santa Barbara,2021-03-21,1163,160715,382,75354,752,79371,29,5990,838,52777,323,56809,867,109586,California
Santa Barbara,2021-03-22,2775,163490,1912,77266,819,80190,44,6034,2223,54499,545,57354,2267,111853,California
Santa Barbara,2021-03-23,4470,167960,2248,79514,2126,82316,96,6130,3710,57555,750,58104,3806,115659,California
Santa Barbara,2021-03-24,5399,173359,3155,82669,1507,83823,737,6867,2967,58846,2412,60516,3703,119362,California
Santa Barbara,2021-03-25,5545,178904,3276,85945,2082,85905,187,7054,2775,59053,2755,63271,2962,122324,California
Santa Barbara,2021-03-26,5075,183979,3217,89162,1560,87465,298,7352,2236,58764,2823,66094,2534,124858,California
Santa Barbara,2021-03-27,2925,186904,1221,90383,1661,89126,43,7395,1594,59073,1326,67420,1635,126493,California
Santa Barbara,2021-03-28,2769,189673,1647,92030,1094,90220,28,7423,1886,60110,878,68298,1915,128408,California
Santa Barbara,2021-03-29,4042,193715,2086,94116,1887,92107,69,7492,3232,62607,804,69102,3301,131709,California
Santa Barbara,2021-03-30,6791,200506,3510,97626,3131,95238,150,7642,4561,65101,2215,71317,4709,136418,California
Santa Barbara,2021-03-31,8637,209143,5512,103138,3060,98298,65,7707,5055,66656,3565,74882,5120,141538,California
Santa Barbara,2021-04-01,6992,216135,5176,108314,1558,99856,258,7965,4145,68224,2833,77715,4401,145939,California
Santa Barbara,2021-04-02,6587,222722,4518,112832,1477,101333,592,8557,3377,68989,3202,80917,3967,149906,California
Santa Barbara,2021-04-03,3779,226501,2098,114930,1613,102946,68,8625,2491,70263,1284,82201,2558,152464,California
Santa Barbara,2021-04-04,896,227397,444,115374,412,103358,40,8665,498,70405,396,82597,538,153002,California
Santa Barbara,2021-04-05,3452,230849,2280,117654,915,104273,257,8922,2163,71542,1283,83880,2420,155422,California
Santa Barbara,2021-04-06,5439,236288,2806,120460,2099,106372,534,9456,3325,73298,2100,85980,3856,159278,California
Santa Barbara,2021-04-07,5977,242265,3277,123737,2160,108532,540,9996,4073,76015,1894,87874,4611,163889,California
Santa Barbara,2021-04-08,7377,249642,5027,128764,637,109169,1713,11709,3410,77169,3965,91839,5119,169008,California
Santa Barbara,2021-04-09,7284,256926,4861,133625,1078,110247,1345,13054,3295,77824,3981,95820,4636,173644,California
Santa Barbara,2021-04-10,6636,263562,4596,138221,1424,111671,616,13670,4514,80835,2118,97938,5129,178773,California
Santa Barbara,2021-04-11,2653,266215,1941,140162,414,112085,298,13968,1833,82147,815,98753,2127,180900,California
Santa Barbara,2021-04-12,4446,270661,2867,143029,1025,113110,554,14522,1941,82141,2498,101251,2492,183392,California
Santa Barbara,2021-04-13,6297,276958,4138,147167,2153,115263,6,14528,2611,81074,3683,104934,2616,186008,California
Santa Barbara,2021-04-14,6738,283696,4415,151582,2321,117584,2,14530,4224,82794,2505,107439,4225,190233,California
Santa Barbara,2021-04-15,6938,290634,4092,155674,2845,120429,1,14531,3844,83558,3082,110521,3846,194079,California
Santa Barbara,2021-04-16,6372,297006,3746,159420,2615,123044,11,14542,4393,85997,1964,112485,4403,198482,California
Santa Barbara,2021-04-17,5308,302314,3867,163287,1441,124485,0,14542,4104,88905,1196,113681,4104,202586,California
Santa Barbara,2021-04-18,2122,304436,1472,164759,650,125135,0,14542,370,87528,1748,115429,371,202957,California
Santa Barbara,2021-04-19,3198,307634,2217,166976,976,126111,5,14547,1002,86343,2193,117622,1008,203965,California
Santa Barbara,2021-04-20,5872,313506,3948,170924,1923,128034,1,14548,1661,83805,4199,121821,1661,205626,California
Santa Barbara,2021-04-21,5477,318983,3639,174563,1838,129872,0,14548,1750,81841,3714,125535,1750,207376,California
Santa Barbara,2021-04-22,5069,324052,2546,177109,2522,132394,1,14549,1463,79713,3593,129128,1465,208841,California
Santa Barbara,2021-04-23,5531,329583,3876,180985,1655,134049,0,14549,1957,78106,3564,132692,1957,210798,California
Santa Barbara,2021-04-24,4420,334003,2876,183861,1539,135588,5,14554,1666,77031,2746,135438,1671,212469,California
Santa Barbara,2021-04-25,1833,335836,1187,185048,646,136234,0,14554,501,76208,1324,136762,501,212970,California
Santa Barbara,2021-04-26,2857,338693,1777,186825,1060,137294,20,14574,430,74237,2421,139183,450,213420,California
Santa Barbara,2021-04-27,3597,342290,1986,188811,1524,138818,87,14661,1083,72900,2506,141689,1169,214589,California
Santa Barbara,2021-04-28,4701,346991,2738,191549,1848,140666,115,14776,1325,70976,3365,145054,1441,216030,California
Santa Barbara,2021-04-29,4832,351823,3578,195127,1088,141754,166,14942,1245,68813,3575,148629,1412,217442,California
Santa Barbara,2021-04-30,4828,356651,3614,198741,1052,142806,162,15104,1345,66846,3474,152103,1507,218949,California
Santa Barbara,2021-05-01,5212,361863,4037,202778,1144,143950,31,15135,891,63455,4314,156417,923,219872,California
Santa Barbara,2021-05-02,1080,362943,643,203421,313,144263,124,15259,282,63065,796,157213,406,220278,California
Santa Barbara,2021-05-03,1551,364494,1003,204424,476,144739,72,15331,309,62208,1238,158451,381,220659,California
Santa Barbara,2021-05-04,2673,367167,1334,205758,1327,146066,12,15343,929,61412,1737,160188,941,221600,California
Santa Barbara,2021-05-05,3207,370374,1861,207619,1266,147332,80,15423,259,58812,2940,163128,340,221940,California
Santa Clara,2020-12-15,65,65,65,65,0,0,0,0,65,65,0,0,65,65,California
Santa Clara,2020-12-16,136,201,136,201,0,0,0,0,136,201,0,0,136,201,California
Santa Clara,2020-12-17,392,593,392,593,0,0,0,0,392,593,0,0,392,593,California
Santa Clara,2020-12-18,1673,2266,1673,2266,0,0,0,0,1673,2266,0,0,1673,2266,California
Santa Clara,2020-12-19,2077,4343,2077,4343,0,0,0,0,2076,4342,0,0,2076,4342,California
Santa Clara,2020-12-20,1897,6240,1891,6234,6,6,0,0,1894,6236,0,0,1894,6236,California
Santa Clara,2020-12-21,2670,8910,2670,8904,0,6,0,0,2668,8904,0,0,2668,8904,California
Santa Clara,2020-12-22,3122,12032,3113,12017,9,15,0,0,3119,12023,0,0,3119,12023,California
Santa Clara,2020-12-23,3257,15289,3072,15089,185,200,0,0,3255,15278,0,0,3255,15278,California
Santa Clara,2020-12-24,1897,17186,1711,16800,186,386,0,0,1891,17168,1,1,1891,17169,California
Santa Clara,2020-12-25,343,17529,342,17142,1,387,0,0,343,17511,0,1,343,17512,California
Santa Clara,2020-12-26,1263,18792,1031,18173,232,619,0,0,1262,18773,0,1,1262,18774,California
Santa Clara,2020-12-27,647,19439,507,18680,140,759,0,0,647,19420,0,1,647,19421,California
Santa Clara,2020-12-28,2331,21770,1729,20409,602,1361,0,0,2331,21751,0,1,2331,21752,California
Santa Clara,2020-12-29,2327,24097,1467,21876,860,2221,0,0,2325,24076,0,1,2325,24077,California
Santa Clara,2020-12-30,2991,27088,1900,23776,1091,3312,0,0,2989,27063,2,3,2989,27066,California
Santa Clara,2020-12-31,1211,28299,387,24163,824,4136,0,0,1210,28272,1,4,1210,28276,California
Santa Clara,2021-01-01,142,28441,10,24173,132,4268,0,0,141,28412,1,5,141,28417,California
Santa Clara,2021-01-02,1084,29525,815,24988,269,4537,0,0,1084,29496,0,5,1084,29501,California
Santa Clara,2021-01-03,583,30108,368,25356,215,4752,0,0,578,30071,3,8,578,30079,California
Santa Clara,2021-01-04,2469,32577,1669,27025,800,5552,0,0,2466,32537,0,8,2466,32545,California
Santa Clara,2021-01-05,3065,35642,2009,29034,1056,6608,0,0,2877,35233,187,195,2883,35428,California
Santa Clara,2021-01-06,3326,38968,1960,30994,1366,7974,0,0,2751,37414,571,766,2752,38180,California
Santa Clara,2021-01-07,4215,43183,2557,33551,1658,9632,0,0,3147,39508,1058,1824,3152,41332,California
Santa Clara,2021-01-08,5842,49025,3818,37369,2024,11656,0,0,3790,41250,2048,3872,3790,45122,California
Santa Clara,2021-01-09,2972,51997,1864,39233,1108,12764,0,0,1688,41657,1284,5156,1691,46813,California
Santa Clara,2021-01-10,1957,53954,1512,40745,445,13209,0,0,744,41189,1212,6368,744,47557,California
Santa Clara,2021-01-11,5939,59893,3738,44483,2201,15410,0,0,3377,42010,2561,8929,3382,50939,California
Santa Clara,2021-01-12,6804,66697,3401,47884,3403,18813,0,0,4561,44330,2242,11171,4562,55501,California
Santa Clara,2021-01-13,7365,74062,3045,50929,4320,23133,0,0,5199,47366,2164,13335,5200,60701,California
Santa Clara,2021-01-14,8224,82286,2790,53719,5434,28567,0,0,6486,52121,1733,15068,6488,67189,California
Santa Clara,2021-01-15,9453,91739,2683,56402,6770,35337,0,0,8136,58948,1314,16382,8141,75330,California
Santa Clara,2021-01-16,4301,96040,1227,57629,3074,38411,0,0,3468,61587,829,17211,3468,78798,California
Santa Clara,2021-01-17,3215,99255,603,58232,2612,41023,0,0,2718,63808,497,17708,2718,81516,California
Santa Clara,2021-01-18,5088,104343,1152,59384,3936,44959,0,0,4535,67791,553,18261,4536,86052,California
Santa Clara,2021-01-19,8472,112815,2668,62052,5804,50763,0,0,6798,72921,1671,19932,6801,92853,California
Santa Clara,2021-01-20,8000,120815,4028,66080,3972,54735,0,0,6458,77842,1537,21469,6458,99311,California
Santa Clara,2021-01-21,8566,129381,3660,69740,4906,59641,0,0,7410,84100,1154,22623,7412,106723,California
Santa Clara,2021-01-22,8613,137994,3233,72973,5380,65021,0,0,8050,91591,562,23185,8053,114776,California
Santa Clara,2021-01-23,3782,141776,1689,74662,2093,67114,0,0,2823,93456,959,24144,2824,117600,California
Santa Clara,2021-01-24,2824,144600,1421,76083,1403,68517,0,0,2337,95309,484,24628,2337,119937,California
Santa Clara,2021-01-25,8371,152971,3784,79867,4587,73104,0,0,6307,99564,2056,26684,6311,126248,California
Santa Clara,2021-01-26,8235,161206,3766,83633,4469,77573,0,0,6118,103577,2107,28791,6120,132368,California
Santa Clara,2021-01-27,8711,169917,3827,87460,4884,82457,0,0,6789,108466,1901,30692,6790,139158,California
Santa Clara,2021-01-28,9459,179376,3794,91254,5665,88122,0,0,7503,114037,1936,32628,7507,146665,California
Santa Clara,2021-01-29,9504,188880,3939,95193,5565,93687,0,0,7336,119215,2159,34787,7337,154002,California
Santa Clara,2021-01-30,4183,193063,2074,97267,2109,95796,0,0,2977,120994,1199,35986,2978,156980,California
Santa Clara,2021-01-31,2173,195236,1304,98571,869,96665,0,0,1582,121988,588,36574,1582,158562,California
Santa Clara,2021-02-01,7830,203066,3485,102056,4345,101010,0,0,6142,126450,1681,38255,6143,164705,California
Santa Clara,2021-02-02,8519,211585,2873,104929,5646,106656,0,0,6523,130987,1989,40244,6526,171231,California
Santa Clara,2021-02-03,9194,220779,3482,108411,5712,112368,0,0,6917,135639,2271,42515,6923,178154,California
Santa Clara,2021-02-04,10888,231667,4116,112527,6772,119140,0,0,8608,141980,2270,44785,8611,186765,California
Santa Clara,2021-02-05,11908,243575,4345,116872,7563,126703,0,0,8450,146988,3443,48228,8451,195216,California
Santa Clara,2021-02-06,5182,248757,2818,119690,2364,129067,0,0,4019,149850,1159,49387,4021,199237,California
Santa Clara,2021-02-07,3472,252229,2347,122037,1125,130192,0,0,3019,152418,452,49839,3020,202257,California
Santa Clara,2021-02-08,10008,262237,3481,125518,6527,136719,0,0,7292,157009,2702,52541,7293,209550,California
Santa Clara,2021-02-09,11151,273388,3814,129332,7337,144056,0,0,7670,161211,3471,56012,7673,217223,California
Santa Clara,2021-02-10,12631,286019,4905,134237,7726,151782,0,0,6903,162401,5715,61727,6905,224128,California
Santa Clara,2021-02-11,13479,299498,4711,138948,8768,160550,0,0,7674,164286,5790,67517,7675,231803,California
Santa Clara,2021-02-12,14541,314039,4488,143436,10053,170603,0,0,6982,163731,7539,75056,6984,238787,California
Santa Clara,2021-02-13,6063,320102,1450,144886,4613,175216,0,0,2211,162098,3846,78902,2213,241000,California
Santa Clara,2021-02-14,4614,324716,1141,146027,3473,178689,0,0,1468,160423,3145,82047,1470,242470,California
Santa Clara,2021-02-15,6250,330966,2796,148823,3454,182143,0,0,2704,159588,3539,85586,2704,245174,California
Santa Clara,2021-02-16,13759,344725,3996,152819,9763,191906,0,0,6925,159696,6817,92403,6925,252099,California
Santa Clara,2021-02-17,14063,358788,5487,158306,8576,200482,0,0,7046,159748,6999,99402,7051,259150,California
Santa Clara,2021-02-18,14175,372963,8351,166657,5824,206306,0,0,7223,160064,6910,106312,7226,266376,California
Santa Clara,2021-02-19,14798,387761,9517,176174,5281,211587,0,0,8611,162508,6171,112483,8615,274991,California
Santa Clara,2021-02-20,6813,394574,5099,181273,1714,213301,0,0,3674,163053,3129,115612,3674,278665,California
Santa Clara,2021-02-21,3246,397820,2430,183703,816,214117,0,0,1164,162145,2074,117686,1166,279831,California
Santa Clara,2021-02-22,10153,407973,6081,189784,4072,218189,0,0,4735,161473,5408,123094,4736,284567,California
Santa Clara,2021-02-23,11869,419842,7703,197487,4166,222355,0,0,6736,163093,5120,128214,6740,291307,California
Santa Clara,2021-02-24,14131,433973,9100,206587,5031,227386,0,0,8748,166474,5367,133581,8748,300055,California
Santa Clara,2021-02-25,14590,448563,9237,215824,5353,232739,0,0,7876,167662,6693,140274,7881,307936,California
Santa Clara,2021-02-26,14552,463115,8435,224259,6117,238856,0,0,7997,169133,6529,146803,8000,315936,California
Santa Clara,2021-02-27,8058,471173,5496,229755,2561,241417,1,1,4456,170005,3592,150395,4464,320400,California
Santa Clara,2021-02-28,4716,475889,3069,232824,1647,243064,0,1,2203,169704,2504,152899,2203,322603,California
Santa Clara,2021-03-01,14065,489954,7973,240797,6089,249153,3,4,8703,173068,5342,158241,8706,331309,California
Santa Clara,2021-03-02,15857,505811,9387,250184,6469,255622,1,5,10109,177455,5724,163965,10111,341420,California
Santa Clara,2021-03-03,18422,524233,9039,259223,9382,265004,1,6,11444,181965,6941,170906,11451,352871,California
Santa Clara,2021-03-04,16380,540613,8926,268149,7451,272455,3,9,9547,184761,6756,177662,9552,362423,California
Santa Clara,2021-03-05,16457,557070,9133,277282,7199,279654,125,134,9126,186704,7312,184974,9255,371678,California
Santa Clara,2021-03-06,9353,566423,6268,283550,2650,282304,435,569,7045,191889,2295,187269,7480,379158,California
Santa Clara,2021-03-07,6720,573143,4410,287960,2079,284383,231,800,5354,196115,1358,188627,5584,384742,California
Santa Clara,2021-03-08,12836,585979,6680,294640,5594,289977,562,1362,8221,200301,4598,193225,8784,393526,California
Santa Clara,2021-03-09,14905,600884,6215,300855,7362,297339,1328,2690,6592,199924,8295,201520,7918,401444,California
Santa Clara,2021-03-10,14996,615880,6474,307329,6419,303758,2103,4793,6110,199256,8861,210381,8193,409637,California
Santa Clara,2021-03-11,16988,632868,7736,315065,7749,311507,1503,6296,6039,195864,10921,221302,7529,417166,California
Santa Clara,2021-03-12,17625,650493,9064,324129,6992,318499,1569,7865,5948,191728,11637,232939,7501,424667,California
Santa Clara,2021-03-13,10700,661193,6190,330319,3018,321517,1492,9357,4790,192107,5887,238826,6266,430933,California
Santa Clara,2021-03-14,6481,667674,3349,333668,1824,323341,1308,10665,3196,193333,3269,242095,4495,435428,California
Santa Clara,2021-03-15,12744,680418,6518,340186,5958,329299,268,10933,5968,192816,6754,248849,6237,441665,California
Santa Clara,2021-03-16,18130,698548,10255,350441,7667,336966,208,11141,8786,192492,9316,258165,8992,450657,California
Santa Clara,2021-03-17,19812,718360,11224,361665,8420,345386,168,11309,10228,193347,9536,267701,10391,461048,California
Santa Clara,2021-03-18,18983,737343,8878,370543,8944,354330,1161,12470,9041,193654,9890,277591,10197,471245,California
Santa Clara,2021-03-19,19156,756499,9849,380392,8310,362640,997,13467,9946,195437,9152,286743,10935,482180,California
Santa Clara,2021-03-20,11462,767961,6295,386687,4340,366980,827,14294,6743,198312,4691,291434,7566,489746,California
Santa Clara,2021-03-21,8252,776213,3729,390416,3124,370104,1399,15693,5540,202538,2702,294136,6928,496674,California
Santa Clara,2021-03-22,16242,792455,9057,399473,6842,376946,343,16036,9281,205225,6937,301073,9624,506298,California
Santa Clara,2021-03-23,19153,811608,12188,411661,6451,383397,514,16550,11237,209106,7870,308943,11751,518049,California
Santa Clara,2021-03-24,22516,834124,14504,426165,7603,391000,409,16959,14626,216295,7848,316791,15037,533086,California
Santa Clara,2021-03-25,22823,856947,13066,439231,8773,399773,984,17943,14737,223980,8024,324815,15709,548795,California
Santa Clara,2021-03-26,21825,878772,13904,453135,7538,407311,383,18326,13504,229579,8283,333098,13882,562677,California
Santa Clara,2021-03-27,15600,894372,10381,463516,4456,411767,763,19089,8411,231601,7148,340246,9170,571847,California
Santa Clara,2021-03-28,11991,906363,8298,471814,2980,414747,713,19802,6490,233323,5476,345722,7198,579045,California
Santa Clara,2021-03-29,20514,926877,12586,484400,7203,421950,725,20527,11177,235920,9298,355020,11895,590940,California
Santa Clara,2021-03-30,25510,952387,15194,499594,8383,430333,1933,22460,16327,245024,9150,364170,18254,609194,California
Santa Clara,2021-03-31,20316,972703,11779,511373,7412,437745,1125,23585,12562,250982,7717,371887,13675,622869,California
Santa Clara,2021-04-01,31456,1004159,19660,531033,8805,446550,2991,26576,19893,262344,11504,383391,22866,645735,California
Santa Clara,2021-04-02,24924,1029083,14223,545256,8587,455137,2114,28690,16282,272119,8612,392003,18387,664122,California
Santa Clara,2021-04-03,15128,1044211,9175,554431,3463,458600,2490,31180,8403,276298,6706,398709,10885,675007,California
Santa Clara,2021-04-04,7575,1051786,4010,558441,2411,461011,1154,32334,3941,277767,3625,402334,5094,680101,California
Santa Clara,2021-04-05,21596,1073382,14382,572823,4754,465765,2460,34794,14094,286840,7478,409812,16551,696652,California
Santa Clara,2021-04-06,29239,1102621,16101,588924,7730,473495,5408,40202,17556,298147,11644,421456,22951,719603,California
Santa Clara,2021-04-07,30504,1133125,15746,604670,8338,481833,6420,46622,18630,311352,11824,433280,25029,744632,California
Santa Clara,2021-04-08,29521,1162646,16102,620772,5927,487760,7492,54114,16056,321481,13395,446675,23524,768156,California
Santa Clara,2021-04-09,27557,1190203,13639,634411,6756,494516,7162,61276,14040,329194,13463,460138,21176,789332,California
Santa Clara,2021-04-10,21172,1211375,12248,646659,3735,498251,5189,66465,11333,335877,9809,469947,16492,805824,California
Santa Clara,2021-04-11,15902,1227277,9516,656175,2630,500881,3756,70221,8237,340219,7637,477584,11979,817803,California
Santa Clara,2021-04-12,26678,1253955,18786,674961,5486,506367,2406,72627,18205,352404,8421,486005,20606,838409,California
Santa Clara,2021-04-13,33974,1287929,26764,701725,7184,513551,26,72653,26214,370982,7684,493689,26262,864671,California
Santa Clara,2021-04-14,36373,1324302,27574,729299,8796,522347,3,72656,25853,386404,10460,504149,25882,890553,California
Santa Clara,2021-04-15,43755,1368057,33959,763258,9796,532143,0,72656,33739,410253,9914,514063,33763,924316,California
Santa Clara,2021-04-16,37760,1405817,26139,789397,11619,543762,2,72658,27316,427218,10376,524439,27341,951657,California
Santa Clara,2021-04-17,21496,1427313,14944,804341,6551,550313,1,72659,14967,435713,6489,530928,14984,966641,California
Santa Clara,2021-04-18,16306,1443619,10576,814917,5730,556043,0,72659,10210,439871,6062,536990,10220,976861,California
Santa Clara,2021-04-19,28520,1472139,20595,835512,7924,563967,1,72660,17117,445681,11336,548326,17146,994007,California
Santa Clara,2021-04-20,36631,1508770,22203,857715,14427,578394,1,72661,22467,454118,14060,562386,22497,1016504,California
Santa Clara,2021-04-21,36439,1545209,21012,878727,15426,593820,1,72662,24073,465940,12284,574670,24106,1040610,California
Santa Clara,2021-04-22,36900,1582109,24520,903247,12379,606199,1,72663,17365,463928,19437,594107,17425,1058035,California
Santa Clara,2021-04-23,31806,1613915,19377,922624,12429,618628,0,72663,14969,462207,16735,610842,15014,1073049,California
Santa Clara,2021-04-24,20462,1634377,14819,937443,5642,624270,1,72664,11419,464677,8976,619818,11446,1084495,California
Santa Clara,2021-04-25,13198,1647575,9463,946906,3728,627998,7,72671,8294,468141,4859,624677,8323,1092818,California
Santa Clara,2021-04-26,21655,1669230,16553,963459,5045,633043,57,72728,8535,463722,13029,637706,8610,1101428,California
Santa Clara,2021-04-27,24744,1693974,17438,980897,7019,640062,287,73015,10714,460811,13946,651652,11035,1112463,California
Santa Clara,2021-04-28,23876,1717850,17326,998223,6110,646172,440,73455,9618,456734,14185,665837,10108,1122571,California
Santa Clara,2021-04-29,21312,1739162,15470,1013693,5459,651631,383,73838,7708,451341,13544,679381,8151,1130722,California
Santa Clara,2021-04-30,21688,1760850,14865,1028558,6471,658102,352,74190,9155,448447,12465,691846,9571,1140293,California
Santa Clara,2021-05-01,16674,1777524,13792,1042350,2622,660724,260,74450,5343,442799,11291,703137,5643,1145936,California
Santa Clara,2021-05-02,10254,1787778,8363,1050713,1667,662391,224,74674,3303,439429,6917,710054,3547,1149483,California
Santa Clara,2021-05-03,16873,1804651,14524,1065237,2131,664522,218,74892,4037,430932,12782,722836,4285,1153768,California
Santa Clara,2021-05-04,20708,1825359,15704,1080941,4770,669292,234,75126,3295,417138,17348,740184,3554,1157322,California
Santa Clara,2021-05-05,8447,1833806,5514,1086455,2843,672135,90,75216,2022,412875,6393,746577,2130,1159452,California
Santa Cruz,2020-12-15,2,2,2,2,0,0,0,0,2,2,0,0,2,2,California
Santa Cruz,2020-12-16,58,60,58,60,0,0,0,0,58,60,0,0,58,60,California
Santa Cruz,2020-12-17,389,449,389,449,0,0,0,0,389,449,0,0,389,449,California
Santa Cruz,2020-12-18,464,913,464,913,0,0,0,0,464,913,0,0,464,913,California
Santa Cruz,2020-12-19,179,1092,178,1091,1,1,0,0,179,1092,0,0,179,1092,California
Santa Cruz,2020-12-20,95,1187,95,1186,0,1,0,0,95,1187,0,0,95,1187,California
Santa Cruz,2020-12-21,437,1624,437,1623,0,1,0,0,437,1624,0,0,437,1624,California
Santa Cruz,2020-12-22,424,2048,423,2046,1,2,0,0,424,2048,0,0,424,2048,California
Santa Cruz,2020-12-23,372,2420,329,2375,43,45,0,0,372,2420,0,0,372,2420,California
Santa Cruz,2020-12-24,125,2545,49,2424,76,121,0,0,125,2545,0,0,125,2545,California
Santa Cruz,2020-12-25,11,2556,11,2435,0,121,0,0,11,2556,0,0,11,2556,California
Santa Cruz,2020-12-26,64,2620,45,2480,19,140,0,0,64,2620,0,0,64,2620,California
Santa Cruz,2020-12-27,32,2652,27,2507,5,145,0,0,32,2652,0,0,32,2652,California
Santa Cruz,2020-12-28,485,3137,108,2615,377,522,0,0,485,3137,0,0,485,3137,California
Santa Cruz,2020-12-29,799,3936,370,2985,429,951,0,0,799,3936,0,0,799,3936,California
Santa Cruz,2020-12-30,356,4292,164,3149,192,1143,0,0,356,4292,0,0,356,4292,California
Santa Cruz,2020-12-31,313,4605,11,3160,302,1445,0,0,313,4605,0,0,313,4605,California
Santa Cruz,2021-01-01,33,4638,1,3161,32,1477,0,0,33,4638,0,0,33,4638,California
Santa Cruz,2021-01-02,71,4709,57,3218,14,1491,0,0,71,4709,0,0,71,4709,California
Santa Cruz,2021-01-03,15,4724,7,3225,8,1499,0,0,15,4724,0,0,15,4724,California
Santa Cruz,2021-01-04,281,5005,123,3348,158,1657,0,0,279,5003,0,0,279,5003,California
Santa Cruz,2021-01-05,566,5571,428,3776,138,1795,0,0,264,4965,302,302,264,5267,California
Santa Cruz,2021-01-06,803,6374,670,4446,133,1928,0,0,464,5091,338,640,464,5731,California
Santa Cruz,2021-01-07,539,6913,212,4658,327,2255,0,0,386,5325,153,793,387,6118,California
Santa Cruz,2021-01-08,935,7848,562,5220,373,2628,0,0,487,5365,448,1241,488,6606,California
Santa Cruz,2021-01-09,464,8312,123,5343,341,2969,0,0,410,5721,54,1295,410,7016,California
Santa Cruz,2021-01-10,80,8392,70,5413,10,2979,0,0,21,5683,59,1354,21,7037,California
Santa Cruz,2021-01-11,726,9118,592,6005,134,3113,0,0,191,5340,535,1889,192,7229,California
Santa Cruz,2021-01-12,736,9854,532,6537,204,3317,0,0,493,5590,243,2132,493,7722,California
Santa Cruz,2021-01-13,525,10379,228,6765,297,3614,0,0,441,5950,81,2213,441,8163,California
Santa Cruz,2021-01-14,556,10935,102,6867,454,4068,0,0,490,6374,66,2279,490,8653,California
Santa Cruz,2021-01-15,1458,12393,77,6944,1381,5449,0,0,1393,7705,64,2343,1395,10048,California
Santa Cruz,2021-01-16,427,12820,54,6998,373,5822,0,0,408,8094,19,2362,408,10456,California
Santa Cruz,2021-01-17,297,13117,41,7039,256,6078,0,0,272,8341,25,2387,272,10728,California
Santa Cruz,2021-01-18,1016,14133,106,7145,910,6988,0,0,954,9233,62,2449,954,11682,California
Santa Cruz,2021-01-19,1622,15755,524,7669,1098,8086,0,0,1269,10152,351,2800,1270,12952,California
Santa Cruz,2021-01-20,1238,16993,183,7852,1055,9141,0,0,1041,10999,194,2994,1041,13993,California
Santa Cruz,2021-01-21,1711,18704,200,8052,1511,10652,0,0,1603,12496,108,3102,1605,15598,California
Santa Cruz,2021-01-22,1798,20502,533,8585,1265,11917,0,0,1696,14094,99,3201,1697,17295,California
Santa Cruz,2021-01-23,402,20904,147,8732,255,12172,0,0,342,14377,59,3260,342,17637,California
Santa Cruz,2021-01-24,116,21020,21,8753,95,12267,0,0,98,14457,18,3278,98,17735,California
Santa Cruz,2021-01-25,1063,22083,361,9114,702,12969,0,0,552,14498,511,3789,552,18287,California
Santa Cruz,2021-01-26,1695,23778,248,9362,1447,14416,0,0,1183,15169,512,4301,1183,19470,California
Santa Cruz,2021-01-27,1653,25431,449,9811,1204,15620,0,0,1269,16056,382,4683,1269,20739,California
Santa Cruz,2021-01-28,1749,27180,292,10103,1457,17077,0,0,1472,17252,277,4960,1473,22212,California
Santa Cruz,2021-01-29,1735,28915,490,10593,1245,18322,0,0,1605,18728,129,5089,1605,23817,California
Santa Cruz,2021-01-30,1060,29975,309,10902,751,19073,0,0,926,19520,134,5223,926,24743,California
Santa Cruz,2021-01-31,222,30197,113,11015,109,19182,0,0,208,19714,14,5237,208,24951,California
Santa Cruz,2021-02-01,1233,31430,760,11775,473,19655,0,0,826,20133,407,5644,826,25777,California
Santa Cruz,2021-02-02,1012,32442,128,11903,884,20539,0,0,857,20836,154,5798,857,26634,California
Santa Cruz,2021-02-03,2237,34679,960,12863,1277,21816,0,0,1922,22447,311,6109,1922,28556,California
Santa Cruz,2021-02-04,1855,36534,773,13636,1082,22898,0,0,1518,23629,336,6445,1518,30074,California
Santa Cruz,2021-02-05,3170,39704,792,14428,2378,25276,0,0,2849,26158,320,6765,2849,32923,California
Santa Cruz,2021-02-06,2588,42292,164,14592,2424,27700,0,0,2241,28052,347,7112,2241,35164,California
Santa Cruz,2021-02-07,909,43201,122,14714,787,28487,0,0,891,28925,18,7130,891,36055,California
Santa Cruz,2021-02-08,717,43918,203,14917,514,29001,0,0,516,29241,200,7330,516,36571,California
Santa Cruz,2021-02-09,2377,46295,1057,15974,1320,30321,0,0,2110,31088,263,7593,2110,38681,California
Santa Cruz,2021-02-10,2204,48499,580,16554,1624,31945,0,0,1503,31900,692,8285,1504,40185,California
Santa Cruz,2021-02-11,1857,50356,317,16871,1540,33485,0,0,1330,32705,525,8810,1330,41515,California
Santa Cruz,2021-02-12,3228,53584,422,17293,2806,36291,0,0,1819,33126,1400,10210,1821,43336,California
Santa Cruz,2021-02-13,1712,55296,124,17417,1588,37879,0,0,1298,34010,414,10624,1298,44634,California
Santa Cruz,2021-02-14,1410,56706,70,17487,1340,39219,0,0,1146,34892,264,10888,1146,45780,California
Santa Cruz,2021-02-15,1583,58289,280,17767,1303,40522,0,0,566,34442,1017,11905,567,46347,California
Santa Cruz,2021-02-16,1699,59988,208,17975,1491,42013,0,0,540,33845,1137,13042,540,46887,California
Santa Cruz,2021-02-17,2922,62910,976,18951,1946,43959,0,0,1221,33381,1688,14730,1224,48111,California
Santa Cruz,2021-02-18,2884,65794,638,19589,2246,46205,0,0,1232,32965,1648,16378,1232,49343,California
Santa Cruz,2021-02-19,3272,69066,1146,20735,2126,48331,0,0,2012,33720,1257,17635,2012,51355,California
Santa Cruz,2021-02-20,2387,71453,1499,22234,888,49219,0,0,1894,35121,493,18128,1894,53249,California
Santa Cruz,2021-02-21,829,72282,362,22596,467,49686,0,0,703,35700,124,18252,703,53952,California
Santa Cruz,2021-02-22,1258,73540,967,23563,291,49977,0,0,535,35514,721,18973,535,54487,California
Santa Cruz,2021-02-23,2100,75640,939,24502,1161,51138,0,0,711,34837,1388,20361,711,55198,California
Santa Cruz,2021-02-24,3193,78833,1671,26173,1522,52660,0,0,1215,34078,1974,22335,1215,56413,California
Santa Cruz,2021-02-25,3247,82080,1437,27610,1810,54470,0,0,1787,34413,1453,23788,1788,58201,California
Santa Cruz,2021-02-26,2726,84806,764,28374,1962,56432,0,0,1551,34795,1171,24959,1553,59754,California
Santa Cruz,2021-02-27,2634,87440,930,29304,1704,58136,0,0,1835,35832,798,25757,1835,61589,California
Santa Cruz,2021-02-28,1301,88741,361,29665,940,59076,0,0,1087,36708,211,25968,1087,62676,California
Santa Cruz,2021-03-01,1830,90571,1256,30921,574,59650,0,0,690,36261,1137,27105,690,63366,California
Santa Cruz,2021-03-02,1535,92106,362,31283,1173,60823,0,0,856,36443,677,27782,859,64225,California
Santa Cruz,2021-03-03,2370,94476,633,31916,1737,62560,0,0,1299,36674,1068,28850,1299,65524,California
Santa Cruz,2021-03-04,3018,97494,1415,33331,1602,64162,1,1,2033,37735,974,29824,2035,67559,California
Santa Cruz,2021-03-05,2614,100108,487,33818,2109,66271,18,19,1133,37408,1478,31302,1151,68710,California
Santa Cruz,2021-03-06,3871,103979,1347,35165,2419,68690,105,124,2159,37958,1712,33014,2262,70972,California
Santa Cruz,2021-03-07,1348,105327,129,35294,1145,69835,74,198,557,37799,790,33804,631,71603,California
Santa Cruz,2021-03-08,1083,106410,219,35513,735,70570,129,327,651,38148,431,34235,780,72383,California
Santa Cruz,2021-03-09,1776,108186,244,35757,1385,71955,147,474,702,37925,1072,35307,849,73232,California
Santa Cruz,2021-03-10,3864,112050,2090,37847,1624,73579,150,624,1997,38209,1865,37172,2149,75381,California
Santa Cruz,2021-03-11,2807,114857,1220,39067,1413,74992,174,798,1547,38673,1259,38431,1723,77104,California
Santa Cruz,2021-03-12,2765,117622,892,39959,1579,76571,294,1092,911,38027,1850,40281,1204,78308,California
Santa Cruz,2021-03-13,2314,119936,1336,41295,934,77505,44,1136,1181,38122,1131,41412,1226,79534,California
Santa Cruz,2021-03-14,906,120842,217,41512,675,78180,14,1150,441,38113,463,41875,454,79988,California
Santa Cruz,2021-03-15,1357,122199,484,41996,837,79017,36,1186,584,37964,770,42645,621,80609,California
Santa Cruz,2021-03-16,2318,124517,1088,43084,1188,80205,42,1228,1340,38370,975,43620,1381,81990,California
Santa Cruz,2021-03-17,3872,128389,2235,45319,1627,81832,10,1238,2518,39551,1350,44970,2531,84521,California
Santa Cruz,2021-03-18,3870,132259,2094,47413,1656,83488,120,1358,2067,39938,1800,46770,2187,86708,California
Santa Cruz,2021-03-19,3283,135542,1323,48736,1735,85223,225,1583,1652,40189,1626,48396,1877,88585,California
Santa Cruz,2021-03-20,2170,137712,1614,50350,519,85742,37,1620,1096,40251,1071,49467,1133,89718,California
Santa Cruz,2021-03-21,827,138539,440,50790,265,86007,122,1742,444,40437,381,49848,567,90285,California
Santa Cruz,2021-03-22,1380,139919,852,51642,505,86512,23,1765,947,40978,430,50278,971,91256,California
Santa Cruz,2021-03-23,2569,142488,1444,53086,1075,87587,50,1815,1712,41885,855,51133,1762,93018,California
Santa Cruz,2021-03-24,3028,145516,2036,55122,971,88558,21,1836,1992,42866,1031,52164,2012,95030,California
Santa Cruz,2021-03-25,2650,148166,1331,56453,1284,89842,35,1871,1356,42970,1287,53451,1391,96421,California
Santa Cruz,2021-03-26,3041,151207,1836,58289,1178,91020,27,1898,2057,44077,977,54428,2084,98505,California
Santa Cruz,2021-03-27,3240,154447,2014,60303,1201,92221,25,1923,1529,43930,1702,56130,1555,100060,California
Santa Cruz,2021-03-28,932,155379,572,60875,346,92567,14,1937,495,44006,433,56563,509,100569,California
Santa Cruz,2021-03-29,1979,157358,885,61760,1026,93593,68,2005,1280,44658,696,57259,1348,101917,California
Santa Cruz,2021-03-30,2731,160089,822,62582,1746,95339,163,2168,1758,45607,971,58230,1920,103837,California
Santa Cruz,2021-03-31,4086,164175,2733,65315,1305,96644,48,2216,2101,45775,1981,60211,2149,105986,California
Santa Cruz,2021-04-01,4028,168203,2155,67470,1766,98410,107,2323,2029,45918,1993,62204,2136,108122,California
Santa Cruz,2021-04-02,3150,171353,1428,68898,1540,99950,182,2505,1742,46439,1403,63607,1924,110046,California
Santa Cruz,2021-04-03,2261,173614,1233,70131,893,100843,135,2640,888,46091,1370,64977,1022,111068,California
Santa Cruz,2021-04-04,936,174550,491,70622,390,101233,55,2695,550,46310,386,65363,605,111673,California
Santa Cruz,2021-04-05,2261,176811,796,71418,1294,102527,171,2866,1391,47003,869,66232,1562,113235,California
Santa Cruz,2021-04-06,3411,180222,1658,73076,1368,103895,385,3251,1975,47933,1426,67658,2356,115591,California
Santa Cruz,2021-04-07,4163,184385,1643,74719,2157,106052,363,3614,1870,47876,2289,69947,2232,117823,California
Santa Cruz,2021-04-08,4271,188656,2351,77070,1403,107455,517,4131,2512,49152,1751,71698,3027,120850,California
Santa Cruz,2021-04-09,3571,192227,1511,78581,1659,109114,401,4532,1962,49913,1603,73301,2364,123214,California
Santa Cruz,2021-04-10,2263,194490,1091,79672,921,110035,251,4783,1069,50042,1190,74491,1319,124533,California
Santa Cruz,2021-04-11,996,195486,521,80193,383,110418,92,4875,481,50100,515,75006,573,125106,California
Santa Cruz,2021-04-12,2294,197780,827,81020,1040,111458,427,5302,1098,50443,1181,76187,1524,126630,California
Santa Cruz,2021-04-13,2899,200679,1462,82482,1435,112893,2,5304,1634,50819,1260,77447,1636,128266,California
Santa Cruz,2021-04-14,4637,205316,2258,84740,2379,115272,0,5304,2376,50945,2252,79699,2378,130644,California
Santa Cruz,2021-04-15,5007,210323,3192,87932,1815,117087,0,5304,3163,52275,1833,81532,3163,133807,California
Santa Cruz,2021-04-16,4429,214752,2545,90477,1882,118969,2,5306,2470,52797,1951,83483,2473,136280,California
Santa Cruz,2021-04-17,2270,217022,895,91372,1375,120344,0,5306,1508,53545,760,84243,1508,137788,California
Santa Cruz,2021-04-18,1073,218095,515,91887,558,120902,0,5306,599,53672,472,84715,599,138387,California
Santa Cruz,2021-04-19,2441,220536,1530,93417,910,121812,1,5307,1505,54244,933,85648,1505,139892,California
Santa Cruz,2021-04-20,3138,223674,1709,95126,1429,123241,0,5307,1784,54686,1343,86991,1785,141677,California
Santa Cruz,2021-04-21,4275,227949,2898,98024,1377,124618,0,5307,2408,55242,1852,88843,2408,144085,California
Santa Cruz,2021-04-22,4340,232289,2925,100949,1415,126033,0,5307,2440,55792,1890,90733,2440,146525,California
Santa Cruz,2021-04-23,3085,235374,1748,102697,1336,127369,1,5308,1391,55499,1685,92418,1392,147917,California
Santa Cruz,2021-04-24,2252,237626,1084,103781,1165,128534,3,5311,692,54644,1550,93968,695,148612,California
Santa Cruz,2021-04-25,1096,238722,701,104482,383,128917,12,5323,452,54471,636,94604,463,149075,California
Santa Cruz,2021-04-26,1773,240495,907,105389,851,129768,15,5338,666,54057,1097,95701,683,149758,California
Santa Cruz,2021-04-27,2768,243263,847,106236,1855,131623,66,5404,1382,54123,1382,97083,1448,151206,California
Santa Cruz,2021-04-28,3373,246636,1882,108118,1417,133040,74,5478,1757,54346,1606,98689,1829,153035,California
Santa Cruz,2021-04-29,3119,249755,2135,110253,929,133969,55,5533,1115,53524,1993,100682,1171,154206,California
Santa Cruz,2021-04-30,2056,251811,1132,111385,882,134851,42,5575,899,53316,1148,101830,940,155146,California
Santa Cruz,2021-05-01,1292,253103,1025,112410,234,135085,33,5608,594,53249,695,102525,628,155774,California
Santa Cruz,2021-05-02,615,253718,446,112856,147,135232,22,5630,186,53030,429,102954,210,155984,California
Santa Cruz,2021-05-03,1329,255047,670,113526,629,135861,30,5660,469,52681,848,103802,499,156483,California
Santa Cruz,2021-05-04,2068,257115,1225,114751,823,136684,20,5680,616,51867,1450,105252,636,157119,California
Santa Cruz,2021-05-05,1762,258877,763,115514,983,137667,16,5696,327,50780,1433,106685,346,157465,California
Shasta,2020-12-16,131,131,131,131,0,0,0,0,131,131,0,0,131,131,California
Shasta,2020-12-17,418,549,418,549,0,0,0,0,418,549,0,0,418,549,California
Shasta,2020-12-18,166,715,166,715,0,0,0,0,166,715,0,0,166,715,California
Shasta,2020-12-19,1,716,1,716,0,0,0,0,1,716,0,0,1,716,California
Shasta,2020-12-21,79,795,79,795,0,0,0,0,79,795,0,0,79,795,California
Shasta,2020-12-22,191,986,186,981,5,5,0,0,191,986,0,0,191,986,California
Shasta,2020-12-23,173,1159,169,1150,4,9,0,0,173,1159,0,0,173,1159,California
Shasta,2020-12-24,18,1177,18,1168,0,9,0,0,18,1177,0,0,18,1177,California
Shasta,2020-12-26,4,1181,1,1169,3,12,0,0,4,1181,0,0,4,1181,California
Shasta,2020-12-27,1,1182,0,1169,1,13,0,0,1,1182,0,0,1,1182,California
Shasta,2020-12-28,40,1222,31,1200,9,22,0,0,40,1222,0,0,40,1222,California
Shasta,2020-12-29,186,1408,185,1385,1,23,0,0,186,1408,0,0,186,1408,California
Shasta,2020-12-30,178,1586,168,1553,10,33,0,0,178,1586,0,0,178,1586,California
Shasta,2020-12-31,83,1669,2,1555,81,114,0,0,83,1669,0,0,83,1669,California
Shasta,2021-01-02,2,1671,0,1555,2,116,0,0,2,1671,0,0,2,1671,California
Shasta,2021-01-03,1,1672,1,1556,0,116,0,0,1,1672,0,0,1,1672,California
Shasta,2021-01-04,371,2043,305,1861,66,182,0,0,372,2044,0,0,372,2044,California
Shasta,2021-01-05,335,2378,314,2175,21,203,0,0,254,2217,81,81,254,2298,California
Shasta,2021-01-06,466,2844,395,2570,71,274,0,0,204,2160,261,342,204,2502,California
Shasta,2021-01-07,124,2968,36,2606,88,362,0,0,103,2242,21,363,103,2605,California
Shasta,2021-01-08,525,3493,448,3054,77,439,0,0,317,2351,208,571,317,2922,California
Shasta,2021-01-09,72,3565,63,3117,9,448,0,0,70,2419,2,573,70,2992,California
Shasta,2021-01-10,5,3570,0,3117,5,453,0,0,4,2423,1,574,5,2997,California
Shasta,2021-01-11,407,3977,184,3301,223,676,0,0,372,2760,35,609,372,3369,California
Shasta,2021-01-12,484,4461,327,3628,157,833,0,0,310,2896,174,783,310,3679,California
Shasta,2021-01-13,599,5060,267,3895,332,1165,0,0,430,3157,169,952,430,4109,California
Shasta,2021-01-14,499,5559,51,3946,448,1613,0,0,481,3620,18,970,481,4590,California
Shasta,2021-01-15,692,6251,136,4082,556,2169,0,0,690,4308,2,972,690,5280,California
Shasta,2021-01-16,898,7149,54,4136,844,3013,0,0,895,5200,3,975,895,6175,California
Shasta,2021-01-17,27,7176,6,4142,21,3034,0,0,23,5219,4,979,23,6198,California
Shasta,2021-01-18,599,7775,129,4271,470,3504,0,0,591,5802,8,987,591,6789,California
Shasta,2021-01-19,1058,8833,398,4669,660,4164,0,0,910,6564,148,1135,910,7699,California
Shasta,2021-01-20,678,9511,410,5079,268,4432,0,0,493,6877,180,1315,493,8192,California
Shasta,2021-01-21,632,10143,279,5358,353,4785,0,0,609,7463,23,1338,609,8801,California
Shasta,2021-01-22,445,10588,171,5529,274,5059,0,0,439,7896,6,1344,439,9240,California
Shasta,2021-01-23,68,10656,5,5534,63,5122,0,0,67,7962,1,1345,67,9307,California
Shasta,2021-01-24,25,10681,2,5536,23,5145,0,0,24,7985,1,1346,24,9331,California
Shasta,2021-01-25,749,11430,490,6026,259,5404,0,0,464,8165,284,1630,464,9795,California
Shasta,2021-01-26,710,12140,333,6359,377,5781,0,0,476,8409,232,1862,476,10271,California
Shasta,2021-01-27,459,12599,179,6538,280,6061,0,0,410,8770,49,1911,410,10681,California
Shasta,2021-01-28,886,13485,576,7114,310,6371,0,0,664,9212,222,2133,664,11345,California
Shasta,2021-01-29,831,14316,330,7444,501,6872,0,0,641,9664,190,2323,642,11987,California
Shasta,2021-01-30,616,14932,14,7458,602,7474,0,0,607,10262,9,2332,607,12594,California
Shasta,2021-01-31,28,14960,4,7462,24,7498,0,0,26,10286,2,2334,26,12620,California
Shasta,2021-02-01,530,15490,148,7610,382,7880,0,0,386,10528,144,2478,386,13006,California
Shasta,2021-02-02,982,16472,494,8104,488,8368,0,0,890,11328,90,2568,890,13896,California
Shasta,2021-02-03,719,17191,210,8314,509,8877,0,0,485,11579,234,2802,485,14381,California
Shasta,2021-02-04,1084,18275,664,8978,420,9297,0,0,891,12278,192,2994,891,15272,California
Shasta,2021-02-05,1240,19515,164,9142,1076,10373,0,0,1033,13105,206,3200,1033,16305,California
Shasta,2021-02-06,1744,21259,41,9183,1703,12076,0,0,1721,14803,23,3223,1721,18026,California
Shasta,2021-02-07,26,21285,3,9186,23,12099,0,0,24,14825,2,3225,24,18050,California
Shasta,2021-02-08,597,21882,167,9353,430,12529,0,0,306,14840,291,3516,306,18356,California
Shasta,2021-02-09,1122,23004,652,10005,470,12999,0,0,730,15178,392,3908,730,19086,California
Shasta,2021-02-10,1117,24121,781,10786,336,13335,0,0,594,15249,524,4432,595,19681,California
Shasta,2021-02-11,886,25007,186,10972,700,14035,0,0,364,15096,517,4949,364,20045,California
Shasta,2021-02-12,1724,26731,1143,12115,581,14616,0,0,1173,15718,551,5500,1173,21218,California
Shasta,2021-02-13,1383,28114,367,12482,1016,15632,0,0,570,15475,814,6314,571,21789,California
Shasta,2021-02-14,150,28264,4,12486,146,15778,0,0,126,15577,24,6338,126,21915,California
Shasta,2021-02-15,380,28644,90,12576,290,16068,0,0,211,15619,169,6507,211,22126,California
Shasta,2021-02-16,1190,29834,516,13092,674,16742,0,0,419,15268,770,7277,419,22545,California
Shasta,2021-02-17,1033,30867,438,13530,595,17337,0,0,413,15061,620,7897,413,22958,California
Shasta,2021-02-18,924,31791,443,13973,481,17818,0,0,437,15011,487,8384,437,23395,California
Shasta,2021-02-19,1330,33121,937,14910,393,18211,0,0,863,15407,467,8851,863,24258,California
Shasta,2021-02-20,802,33923,89,14999,713,18924,0,0,303,15211,499,9350,303,24561,California
Shasta,2021-02-21,31,33954,2,15001,29,18953,0,0,9,15198,22,9372,9,24570,California
Shasta,2021-02-22,426,34380,74,15075,352,19305,0,0,177,15127,248,9620,177,24747,California
Shasta,2021-02-23,907,35287,467,15542,440,19745,0,0,322,14864,585,10205,322,25069,California
Shasta,2021-02-24,886,36173,504,16046,382,20127,0,0,270,14519,615,10820,270,25339,California
Shasta,2021-02-25,516,36689,160,16206,356,20483,0,0,162,14328,353,11173,162,25501,California
Shasta,2021-02-26,791,37480,94,16300,697,21180,0,0,331,14201,458,11631,331,25832,California
Shasta,2021-02-27,829,38309,27,16327,802,21982,0,0,188,13750,639,12270,188,26020,California
Shasta,2021-02-28,176,38485,4,16331,172,22154,0,0,126,13826,50,12320,126,26146,California
Shasta,2021-03-01,584,39069,59,16390,525,22679,0,0,295,13833,288,12608,295,26441,California
Shasta,2021-03-02,1017,40086,465,16855,552,23231,0,0,331,13480,684,13292,331,26772,California
Shasta,2021-03-03,666,40752,167,17022,499,23730,0,0,243,13300,423,13715,243,27015,California
Shasta,2021-03-04,3016,43768,2406,19428,610,24340,0,0,1791,13868,1224,14939,1792,28807,California
Shasta,2021-03-05,1541,45309,162,19590,1350,25690,29,29,794,13943,748,15687,823,29630,California
Shasta,2021-03-06,2743,48052,386,19976,2310,28000,47,76,857,12963,1884,17571,904,30534,California
Shasta,2021-03-07,91,48143,3,19979,56,28056,32,108,37,12978,54,17625,69,30603,California
Shasta,2021-03-08,568,48711,46,20025,383,28439,139,247,155,12861,411,18036,294,30897,California
Shasta,2021-03-09,1252,49963,592,20617,482,28921,178,425,697,13180,555,18591,874,31771,California
Shasta,2021-03-10,802,50765,258,20875,342,29263,202,627,137,12854,664,19255,338,32109,California
Shasta,2021-03-11,1475,52240,471,21346,732,29995,272,899,940,13534,532,19787,1212,33321,California
Shasta,2021-03-12,1531,53771,835,22181,447,30442,249,1148,397,13045,1133,20920,644,33965,California
Shasta,2021-03-13,758,54529,425,22606,233,30675,100,1248,474,13335,283,21203,573,34538,California
Shasta,2021-03-14,1019,55548,8,22614,989,31664,22,1270,881,14101,138,21341,904,35442,California
Shasta,2021-03-15,498,56046,35,22649,363,32027,100,1370,210,14122,288,21629,309,35751,California
Shasta,2021-03-16,1132,57178,147,22796,918,32945,67,1437,849,14755,283,21912,916,36667,California
Shasta,2021-03-17,734,57912,191,22987,485,33430,58,1495,395,14875,333,22245,453,37120,California
Shasta,2021-03-18,1540,59452,584,23571,852,34282,104,1599,1116,15675,420,22665,1220,38340,California
Shasta,2021-03-19,648,60100,196,23767,396,34678,56,1655,415,15914,232,22897,471,38811,California
Shasta,2021-03-20,748,60848,490,24257,244,34922,14,1669,600,16380,148,23045,614,39425,California
Shasta,2021-03-21,312,61160,297,24554,4,34926,11,1680,286,16652,25,23070,297,39722,California
Shasta,2021-03-22,348,61508,37,24591,275,35201,36,1716,200,16741,147,23217,236,39958,California
Shasta,2021-03-23,1308,62816,649,25240,600,35801,59,1775,759,17015,544,23761,818,40776,California
Shasta,2021-03-24,607,63423,156,25396,414,36215,37,1812,366,17178,240,24001,403,41179,California
Shasta,2021-03-25,1134,64557,450,25846,663,36878,21,1833,820,17708,311,24312,841,42020,California
Shasta,2021-03-26,1835,66392,1402,27248,403,37281,30,1863,1475,18854,360,24672,1506,43526,California
Shasta,2021-03-27,1595,67987,405,27653,318,37599,872,2735,575,19280,1018,25690,1444,44970,California
Shasta,2021-03-28,405,68392,299,27952,96,37695,10,2745,302,19491,101,25791,312,45282,California
Shasta,2021-03-29,419,68811,41,27993,366,38061,12,2757,165,19415,253,26044,177,45459,California
Shasta,2021-03-30,1244,70055,766,28759,461,38522,17,2774,625,19441,616,26660,642,46101,California
Shasta,2021-03-31,618,70673,206,28965,407,38929,5,2779,382,19597,231,26891,387,46488,California
Shasta,2021-04-01,893,71566,245,29210,636,39565,12,2791,575,19867,317,27208,587,47075,California
Shasta,2021-04-02,754,72320,201,29411,501,40066,52,2843,415,19997,337,27545,467,47542,California
Shasta,2021-04-03,513,72833,361,29772,133,40199,19,2862,388,20279,125,27670,407,47949,California
Shasta,2021-04-04,291,73124,177,29949,94,40293,20,2882,217,20442,74,27744,237,48186,California
Shasta,2021-04-05,442,73566,68,30017,311,40604,63,2945,255,20573,187,27931,318,48504,California
Shasta,2021-04-06,1162,74728,483,30500,504,41108,175,3120,541,20670,618,28549,715,49219,California
Shasta,2021-04-07,654,75382,214,30714,277,41385,163,3283,257,20696,393,28942,419,49638,California
Shasta,2021-04-08,1137,76519,259,30973,724,42109,154,3437,229,20172,906,29848,382,50020,California
Shasta,2021-04-09,2580,79099,2062,33035,309,42418,209,3646,2006,21818,567,30415,2213,52233,California
Shasta,2021-04-10,877,79976,593,33628,156,42574,128,3774,265,21598,612,31027,392,52625,California
Shasta,2021-04-11,1250,81226,395,34023,835,43409,20,3794,143,20658,1103,32130,163,52788,California
Shasta,2021-04-12,337,81563,8,34031,268,43677,61,3855,97,20576,239,32369,157,52945,California
Shasta,2021-04-13,1057,82620,168,34199,887,44564,2,3857,298,20119,756,33125,299,53244,California
Shasta,2021-04-14,602,83222,143,34342,457,45021,2,3859,223,19966,378,33503,225,53469,California
Shasta,2021-04-15,1071,84293,259,34601,812,45833,0,3859,304,19505,765,34268,304,53773,California
Shasta,2021-04-16,2342,86635,1848,36449,494,46327,0,3859,938,19040,1403,35671,938,54711,California
Shasta,2021-04-17,642,87277,410,36859,232,46559,0,3859,194,18786,448,36119,194,54905,California
Shasta,2021-04-18,266,87543,241,37100,25,46584,0,3859,33,18588,231,36350,33,54938,California
Shasta,2021-04-19,384,87927,31,37131,353,46937,0,3859,164,18532,220,36570,164,55102,California
Shasta,2021-04-20,1013,88940,256,37387,757,47694,0,3859,379,18278,633,37203,379,55481,California
Shasta,2021-04-21,605,89545,220,37607,385,48079,0,3859,305,18284,299,37502,305,55786,California
Shasta,2021-04-22,957,90502,280,37887,677,48756,0,3859,300,17929,655,38157,300,56086,California
Shasta,2021-04-23,660,91162,265,38152,395,49151,0,3859,329,17928,330,38487,329,56415,California
Shasta,2021-04-24,596,91758,360,38512,236,49387,0,3859,106,17544,490,38977,106,56521,California
Shasta,2021-04-25,213,91971,183,38695,29,49416,1,3860,38,17408,175,39152,39,56560,California
Shasta,2021-04-26,465,92436,50,38745,410,49826,5,3865,330,17609,133,39285,334,56894,California
Shasta,2021-04-27,513,92949,171,38916,306,50132,36,3901,288,17709,222,39507,322,57216,California
Shasta,2021-04-28,543,93492,146,39062,364,50496,33,3934,223,17644,320,39827,255,57471,California
Shasta,2021-04-29,665,94157,108,39170,538,51034,19,3953,162,17323,502,40329,181,57652,California
Shasta,2021-04-30,2077,96234,1676,40846,373,51407,28,3981,253,15780,1824,42153,281,57933,California
Shasta,2021-05-01,218,96452,24,40870,117,51524,77,4058,89,15817,129,42282,166,58099,California
Shasta,2021-05-02,43,96495,16,40886,14,51538,13,4071,17,15821,26,42308,30,58129,California
Shasta,2021-05-03,173,96668,37,40923,126,51664,10,4081,99,15857,73,42381,109,58238,California
Shasta,2021-05-04,320,96988,129,41052,161,51825,30,4111,180,15929,138,42519,210,58448,California
Shasta,2021-05-05,161,97149,56,41108,98,51923,7,4118,87,15949,74,42593,94,58542,California
Sierra,2020-12-18,1,1,1,1,0,0,0,0,1,1,0,0,1,1,California
Sierra,2020-12-21,2,3,2,3,0,0,0,0,2,3,0,0,2,3,California
Sierra,2020-12-22,12,15,12,15,0,0,0,0,12,15,0,0,12,15,California
Sierra,2020-12-23,4,19,4,19,0,0,0,0,4,19,0,0,4,19,California
Sierra,2020-12-28,1,20,0,19,1,1,0,0,1,20,0,0,1,20,California
Sierra,2020-12-29,49,69,7,26,42,43,0,0,49,69,0,0,49,69,California
Sierra,2020-12-30,2,71,0,26,2,45,0,0,2,71,0,0,2,71,California
Sierra,2020-12-31,13,84,0,26,13,58,0,0,13,84,0,0,13,84,California
Sierra,2021-01-01,1,85,1,27,0,58,0,0,1,85,0,0,1,85,California
Sierra,2021-01-05,64,149,2,29,62,120,0,0,64,149,0,0,64,149,California
Sierra,2021-01-06,1,150,1,30,0,120,0,0,1,150,0,0,1,150,California
Sierra,2021-01-07,21,171,1,31,20,140,0,0,20,169,1,1,20,170,California
Sierra,2021-01-08,1,172,1,32,0,140,0,0,1,170,0,1,1,171,California
Sierra,2021-01-11,3,175,3,35,0,140,0,0,0,167,3,4,0,171,California
Sierra,2021-01-12,40,215,12,47,28,168,0,0,28,183,12,16,28,199,California
Sierra,2021-01-13,4,219,3,50,1,169,0,0,1,181,3,19,1,200,California
Sierra,2021-01-14,35,254,2,52,33,202,0,0,35,216,0,19,35,235,California
Sierra,2021-01-15,3,257,1,53,2,204,0,0,3,219,0,19,3,238,California
Sierra,2021-01-18,2,259,0,53,2,206,0,0,2,221,0,19,2,240,California
Sierra,2021-01-19,32,291,0,53,32,238,0,0,32,253,0,19,32,272,California
Sierra,2021-01-20,1,292,1,54,0,238,0,0,1,254,0,19,1,273,California
Sierra,2021-01-21,53,345,0,54,53,291,0,0,53,307,0,19,53,326,California
Sierra,2021-01-22,2,347,0,54,2,293,0,0,2,309,0,19,2,328,California
Sierra,2021-01-23,2,349,0,54,2,295,0,0,2,311,0,19,2,330,California
Sierra,2021-01-26,62,411,0,54,62,357,0,0,24,297,38,57,24,354,California
Sierra,2021-01-27,4,415,4,58,0,357,0,0,0,293,4,61,0,354,California
Sierra,2021-01-28,53,468,0,58,53,410,0,0,43,326,10,71,43,397,California
Sierra,2021-01-29,2,470,0,58,2,412,0,0,2,328,0,71,2,399,California
Sierra,2021-01-30,3,473,3,61,0,412,0,0,2,329,1,72,2,401,California
Sierra,2021-02-01,1,474,0,61,1,413,0,0,0,328,1,73,0,401,California
Sierra,2021-02-02,58,532,1,62,57,470,0,0,19,308,39,112,19,420,California
Sierra,2021-02-03,6,538,5,67,1,471,0,0,5,312,1,113,5,425,California
Sierra,2021-02-04,105,643,6,73,99,570,0,0,56,319,49,162,56,481,California
Sierra,2021-02-05,6,649,4,77,2,572,0,0,5,323,1,163,5,486,California
Sierra,2021-02-09,51,700,0,77,51,623,0,0,48,368,3,166,48,534,California
Sierra,2021-02-10,5,705,2,79,3,626,0,0,4,371,1,167,4,538,California
Sierra,2021-02-11,196,901,1,80,195,821,0,0,134,443,62,229,134,672,California
Sierra,2021-02-12,21,922,0,80,21,842,0,0,20,462,1,230,20,692,California
Sierra,2021-02-13,1,923,1,81,0,842,0,0,1,463,0,230,1,693,California
Sierra,2021-02-15,2,925,2,83,0,842,0,0,0,461,2,232,0,693,California
Sierra,2021-02-16,43,968,0,83,43,885,0,0,10,438,33,265,10,703,California
Sierra,2021-02-17,4,972,0,83,4,889,0,0,1,436,3,268,1,704,California
Sierra,2021-02-18,141,1113,0,83,141,1030,0,0,91,477,50,318,91,795,California
Sierra,2021-02-19,2,1115,1,84,1,1031,0,0,1,477,1,319,1,796,California
Sierra,2021-02-20,2,1117,2,86,0,1031,0,0,0,475,2,321,0,796,California
Sierra,2021-02-22,1,1118,1,87,0,1031,0,0,1,476,0,321,1,797,California
Sierra,2021-02-23,4,1122,0,87,4,1035,0,0,4,480,0,321,4,801,California
Sierra,2021-02-24,4,1126,3,90,1,1036,0,0,3,482,1,322,3,804,California
Sierra,2021-02-25,125,1251,2,92,123,1159,0,0,58,474,66,388,58,862,California
Sierra,2021-02-26,11,1262,6,98,5,1164,0,0,4,471,7,395,4,866,California
Sierra,2021-02-27,2,1264,2,100,0,1164,0,0,0,469,2,397,0,866,California
Sierra,2021-03-01,2,1266,2,102,0,1164,0,0,0,467,2,399,0,866,California
Sierra,2021-03-02,56,1322,0,102,56,1220,0,0,38,487,18,417,38,904,California
Sierra,2021-03-03,2,1324,2,104,0,1220,0,0,1,487,1,418,1,905,California
Sierra,2021-03-04,108,1432,0,104,108,1328,0,0,58,495,50,468,58,963,California
Sierra,2021-03-05,13,1445,1,105,12,1340,0,0,11,504,2,470,11,974,California
Sierra,2021-03-07,1,1446,1,106,0,1340,0,0,0,503,1,471,0,974,California
Sierra,2021-03-08,2,1448,2,108,0,1340,0,0,2,505,0,471,2,976,California
Sierra,2021-03-09,56,1504,0,108,56,1396,0,0,12,473,44,515,12,988,California
Sierra,2021-03-10,6,1510,0,108,6,1402,0,0,4,475,2,517,4,992,California
Sierra,2021-03-11,175,1685,0,108,175,1577,0,0,43,387,131,648,43,1035,California
Sierra,2021-03-12,20,1705,1,109,19,1596,0,0,0,367,20,668,0,1035,California
Sierra,2021-03-13,28,1733,0,109,28,1624,0,0,28,395,0,668,28,1063,California
Sierra,2021-03-14,1,1734,0,109,0,1624,1,1,0,395,1,669,1,1064,California
Sierra,2021-03-15,1,1735,1,110,0,1624,0,1,0,394,1,670,0,1064,California
Sierra,2021-03-16,36,1771,0,110,35,1659,1,2,23,405,13,683,24,1088,California
Sierra,2021-03-17,4,1775,3,113,1,1660,0,2,1,403,3,686,1,1089,California
Sierra,2021-03-18,158,1933,0,113,158,1818,0,2,65,375,93,779,65,1154,California
Sierra,2021-03-19,4,1937,2,115,2,1820,0,2,1,373,3,782,1,1155,California
Sierra,2021-03-20,1,1938,0,115,1,1821,0,2,1,374,0,782,1,1156,California
Sierra,2021-03-23,22,1960,0,115,22,1843,0,2,13,378,9,791,13,1169,California
Sierra,2021-03-24,3,1963,1,116,2,1845,0,2,1,377,2,793,1,1170,California
Sierra,2021-03-25,100,2063,1,117,99,1944,0,2,51,379,49,842,51,1221,California
Sierra,2021-03-26,12,2075,1,118,11,1955,0,2,9,385,3,845,9,1230,California
Sierra,2021-03-27,2,2077,1,119,1,1956,0,2,0,383,2,847,0,1230,California
Sierra,2021-03-29,1,2078,1,120,0,1956,0,2,0,382,1,848,0,1230,California
Sierra,2021-03-30,55,2133,1,121,54,2010,0,2,22,371,33,881,22,1252,California
Sierra,2021-03-31,8,2141,0,121,8,2018,0,2,8,379,0,881,8,1260,California
Sierra,2021-04-01,61,2202,2,123,59,2077,0,2,6,331,54,935,6,1266,California
Sierra,2021-04-02,3,2205,2,125,1,2078,0,2,2,332,1,936,2,1268,California
Sierra,2021-04-04,1,2206,0,125,1,2079,0,2,0,332,0,936,0,1268,California
Sierra,2021-04-05,1,2207,1,126,0,2079,0,2,1,333,0,936,1,1269,California
Sierra,2021-04-06,10,2217,0,126,10,2089,0,2,0,323,10,946,0,1269,California
Sierra,2021-04-07,15,2232,3,129,6,2095,6,8,3,321,11,957,9,1278,California
Sierra,2021-04-08,53,2285,2,131,51,2146,0,8,16,300,37,994,16,1294,California
Sierra,2021-04-09,2,2287,2,133,0,2146,0,8,1,300,1,995,1,1295,California
Sierra,2021-04-10,27,2314,0,133,27,2173,0,8,0,273,27,1022,0,1295,California
Sierra,2021-04-13,46,2360,0,133,46,2219,0,8,5,237,41,1063,5,1300,California
Sierra,2021-04-14,2,2362,1,134,1,2220,0,8,2,239,0,1063,2,1302,California
Sierra,2021-04-15,49,2411,1,135,48,2268,0,8,2,194,47,1110,2,1304,California
Sierra,2021-04-16,1,2412,0,135,1,2269,0,8,1,195,0,1110,1,1305,California
Sierra,2021-04-17,2,2414,1,136,1,2270,0,8,1,195,1,1111,1,1306,California
Sierra,2021-04-19,1,2415,1,137,0,2270,0,8,0,194,1,1112,0,1306,California
Sierra,2021-04-20,34,2449,1,138,33,2303,0,8,7,174,27,1139,7,1313,California
Sierra,2021-04-21,2,2451,1,139,1,2304,0,8,1,174,1,1140,1,1314,California
Sierra,2021-04-22,66,2517,2,141,64,2368,0,8,5,119,60,1200,5,1319,California
Sierra,2021-04-23,13,2530,0,141,13,2381,0,8,5,116,8,1208,5,1324,California
Sierra,2021-04-24,4,2534,0,141,4,2385,0,8,4,120,0,1208,4,1328,California
Sierra,2021-04-27,28,2562,1,142,27,2412,0,8,5,102,23,1231,5,1333,California
Sierra,2021-04-28,9,2571,2,144,7,2419,0,8,1,96,7,1238,1,1334,California
Sierra,2021-04-29,22,2593,3,147,19,2438,0,8,15,104,7,1245,15,1349,California
Sierra,2021-04-30,3,2596,1,148,2,2440,0,8,1,103,2,1247,1,1350,California
Sierra,2021-05-04,1,2597,0,148,0,2440,1,9,0,103,1,1248,1,1351,California
Sierra,2021-05-05,22,2619,0,148,22,2462,0,9,8,98,13,1261,8,1359,California
Siskiyou,2020-12-16,2,2,2,2,0,0,0,0,2,2,0,0,2,2,California
Siskiyou,2020-12-17,4,6,4,6,0,0,0,0,4,6,0,0,4,6,California
Siskiyou,2020-12-18,2,8,2,8,0,0,0,0,2,8,0,0,2,8,California
Siskiyou,2020-12-19,4,12,4,12,0,0,0,0,4,12,0,0,4,12,California
Siskiyou,2020-12-20,1,13,1,13,0,0,0,0,1,13,0,0,1,13,California
Siskiyou,2020-12-21,132,145,132,145,0,0,0,0,132,145,0,0,132,145,California
Siskiyou,2020-12-22,159,304,159,304,0,0,0,0,159,304,0,0,159,304,California
Siskiyou,2020-12-23,142,446,142,446,0,0,0,0,142,446,0,0,142,446,California
Siskiyou,2020-12-24,5,451,5,451,0,0,0,0,5,451,0,0,5,451,California
Siskiyou,2020-12-26,2,453,0,451,2,2,0,0,2,453,0,0,2,453,California
Siskiyou,2020-12-27,2,455,0,451,2,4,0,0,2,455,0,0,2,455,California
Siskiyou,2020-12-28,3,458,1,452,2,6,0,0,3,458,0,0,3,458,California
Siskiyou,2020-12-29,6,464,2,454,4,10,0,0,6,464,0,0,6,464,California
Siskiyou,2020-12-30,98,562,3,457,95,105,0,0,98,562,0,0,98,562,California
Siskiyou,2020-12-31,12,574,0,457,12,117,0,0,12,574,0,0,12,574,California
Siskiyou,2021-01-02,1,575,1,458,0,117,0,0,1,575,0,0,1,575,California
Siskiyou,2021-01-03,1,576,0,458,1,118,0,0,1,576,0,0,1,576,California
Siskiyou,2021-01-04,130,706,3,461,127,245,0,0,130,706,0,0,130,706,California
Siskiyou,2021-01-05,117,823,4,465,113,358,0,0,116,821,1,1,116,822,California
Siskiyou,2021-01-06,59,882,6,471,53,411,0,0,55,872,4,5,55,877,California
Siskiyou,2021-01-07,178,1060,4,475,174,585,0,0,177,1048,1,6,177,1054,California
Siskiyou,2021-01-08,41,1101,3,478,38,623,0,0,39,1085,2,8,39,1093,California
Siskiyou,2021-01-09,2,1103,2,480,0,623,0,0,0,1083,2,10,0,1093,California
Siskiyou,2021-01-11,226,1329,65,545,161,784,0,0,163,1183,63,73,163,1256,California
Siskiyou,2021-01-12,322,1651,274,819,48,832,0,0,88,1038,234,307,89,1345,California
Siskiyou,2021-01-13,157,1808,137,956,20,852,0,0,23,927,134,441,23,1368,California
Siskiyou,2021-01-14,26,1834,1,957,25,877,0,0,25,951,1,442,25,1393,California
Siskiyou,2021-01-15,35,1869,3,960,32,909,0,0,35,986,0,442,35,1428,California
Siskiyou,2021-01-16,7,1876,2,962,5,914,0,0,7,993,0,442,7,1435,California
Siskiyou,2021-01-17,1,1877,1,963,0,914,0,0,0,992,1,443,0,1435,California
Siskiyou,2021-01-18,77,1954,4,967,73,987,0,0,75,1065,2,445,75,1510,California
Siskiyou,2021-01-19,21,1975,1,968,20,1007,0,0,20,1084,1,446,20,1530,California
Siskiyou,2021-01-20,47,2022,35,1003,12,1019,0,0,43,1123,4,450,43,1573,California
Siskiyou,2021-01-21,42,2064,1,1004,41,1060,0,0,42,1165,0,450,42,1615,California
Siskiyou,2021-01-22,1328,3392,1176,2180,152,1212,0,0,1328,2493,0,450,1328,2943,California
Siskiyou,2021-01-23,5,3397,1,2181,4,1216,0,0,2,2492,3,453,2,2945,California
Siskiyou,2021-01-25,182,3579,8,2189,174,1390,0,0,178,2666,4,457,178,3123,California
Siskiyou,2021-01-26,148,3727,3,2192,145,1535,0,0,140,2798,8,465,140,3263,California
Siskiyou,2021-01-27,181,3908,1,2193,180,1715,0,0,126,2869,55,520,126,3389,California
Siskiyou,2021-01-28,232,4140,118,2311,114,1829,0,0,226,3089,6,526,226,3615,California
Siskiyou,2021-01-29,248,4388,2,2313,246,2075,0,0,246,3333,2,528,246,3861,California
Siskiyou,2021-01-30,3,4391,2,2315,1,2076,0,0,3,3336,0,528,3,3864,California
Siskiyou,2021-02-01,195,4586,3,2318,192,2268,0,0,105,3351,90,618,105,3969,California
Siskiyou,2021-02-02,289,4875,45,2363,244,2512,0,0,147,3356,142,760,147,4116,California
Siskiyou,2021-02-03,314,5189,1,2364,313,2825,0,0,264,3570,50,810,264,4380,California
Siskiyou,2021-02-04,321,5510,7,2371,314,3139,0,0,200,3649,121,931,200,4580,California
Siskiyou,2021-02-05,513,6023,4,2375,509,3648,0,0,348,3832,165,1096,348,4928,California
Siskiyou,2021-02-06,15,6038,0,2375,15,3663,0,0,15,3847,0,1096,15,4943,California
Siskiyou,2021-02-07,3,6041,2,2377,1,3664,0,0,3,3850,0,1096,3,4946,California
Siskiyou,2021-02-08,221,6262,5,2382,216,3880,0,0,216,4061,5,1101,216,5162,California
Siskiyou,2021-02-09,196,6458,4,2386,192,4072,0,0,163,4191,33,1134,163,5325,California
Siskiyou,2021-02-10,370,6828,40,2426,330,4402,0,0,317,4456,52,1186,317,5642,California
Siskiyou,2021-02-11,190,7018,1,2427,189,4591,0,0,174,4614,16,1202,174,5816,California
Siskiyou,2021-02-12,1691,8709,1199,3626,492,5083,0,0,501,3925,1190,2392,501,6317,California
Siskiyou,2021-02-13,36,8745,2,3628,34,5117,0,0,32,3953,4,2396,32,6349,California
Siskiyou,2021-02-14,5,8750,1,3629,4,5121,0,0,5,3958,0,2396,5,6354,California
Siskiyou,2021-02-15,107,8857,10,3639,97,5218,0,0,105,4061,2,2398,105,6459,California
Siskiyou,2021-02-16,114,8971,2,3641,112,5330,0,0,99,4145,15,2413,99,6558,California
Siskiyou,2021-02-17,185,9156,15,3656,170,5500,0,0,171,4302,14,2427,171,6729,California
Siskiyou,2021-02-18,222,9378,89,3745,133,5633,0,0,98,4276,124,2551,98,6827,California
Siskiyou,2021-02-19,70,9448,33,3778,37,5670,0,0,34,4274,36,2587,34,6861,California
Siskiyou,2021-02-20,21,9469,3,3781,18,5688,0,0,17,4287,4,2591,17,6878,California
Siskiyou,2021-02-21,1,9470,1,3782,0,5688,0,0,1,4288,0,2591,1,6879,California
Siskiyou,2021-02-22,124,9594,1,3783,123,5811,0,0,18,4200,106,2697,18,6897,California
Siskiyou,2021-02-23,196,9790,15,3798,181,5992,0,0,52,4108,144,2841,52,6949,California
Siskiyou,2021-02-24,147,9937,4,3802,143,6135,0,0,35,4031,112,2953,35,6984,California
Siskiyou,2021-02-25,300,10237,24,3826,276,6411,0,0,154,4039,146,3099,154,7138,California
Siskiyou,2021-02-26,669,10906,10,3836,659,7070,0,0,367,4104,302,3401,367,7505,California
Siskiyou,2021-02-27,33,10939,5,3841,28,7098,0,0,28,4127,5,3406,28,7533,California
Siskiyou,2021-02-28,5,10944,4,3845,1,7099,0,0,4,4130,1,3407,4,7537,California
Siskiyou,2021-03-01,280,11224,6,3851,274,7373,0,0,50,3950,230,3637,50,7587,California
Siskiyou,2021-03-02,190,11414,1,3852,189,7562,0,0,70,3900,120,3757,70,7657,California
Siskiyou,2021-03-03,343,11757,7,3859,336,7898,0,0,153,3863,190,3947,153,7810,California
Siskiyou,2021-03-04,794,12551,621,4480,173,8071,0,0,637,4343,157,4104,637,8447,California
Siskiyou,2021-03-05,326,12877,6,4486,309,8380,11,11,105,4241,218,4322,116,8563,California
Siskiyou,2021-03-06,43,12920,3,4489,33,8413,7,18,28,4261,15,4337,35,8598,California
Siskiyou,2021-03-07,12,12932,4,4493,0,8413,8,26,3,4263,9,4346,11,8609,California
Siskiyou,2021-03-08,361,13293,31,4524,295,8708,35,61,59,4055,302,4648,94,8703,California
Siskiyou,2021-03-09,163,13456,2,4526,108,8816,53,114,57,4059,106,4754,110,8813,California
Siskiyou,2021-03-10,221,13677,7,4533,184,9000,30,144,31,3930,190,4944,61,8874,California
Siskiyou,2021-03-11,473,14150,206,4739,220,9220,47,191,273,4051,199,5143,320,9194,California
Siskiyou,2021-03-12,647,14797,141,4880,467,9687,39,230,184,3813,461,5604,223,9417,California
Siskiyou,2021-03-13,428,15225,381,5261,24,9711,23,253,382,4172,46,5650,405,9822,California
Siskiyou,2021-03-14,20,15245,1,5262,3,9714,16,269,2,4172,18,5668,18,9840,California
Siskiyou,2021-03-15,453,15698,257,5519,176,9890,20,289,321,4381,132,5800,341,10181,California
Siskiyou,2021-03-16,255,15953,32,5551,206,10096,17,306,140,4424,114,5914,157,10338,California
Siskiyou,2021-03-17,202,16155,9,5560,185,10281,8,314,34,4298,168,6082,42,10380,California
Siskiyou,2021-03-18,926,17081,788,6348,126,10407,12,326,810,5004,116,6198,822,11202,California
Siskiyou,2021-03-19,67,17148,9,6357,45,10452,13,339,20,4990,47,6245,33,11235,California
Siskiyou,2021-03-20,30,17178,7,6364,18,10470,5,344,6,4977,24,6269,11,11246,California
Siskiyou,2021-03-21,10,17188,4,6368,1,10471,5,349,4,4980,6,6275,9,11255,California
Siskiyou,2021-03-22,207,17395,21,6389,164,10635,22,371,144,5086,60,6335,166,11421,California
Siskiyou,2021-03-23,195,17590,19,6408,166,10801,10,381,141,5183,54,6389,151,11572,California
Siskiyou,2021-03-24,141,17731,48,6456,93,10894,0,381,116,5274,25,6414,116,11688,California
Siskiyou,2021-03-25,573,18304,320,6776,250,11144,3,384,401,5506,172,6586,404,12092,California
Siskiyou,2021-03-26,304,18608,35,6811,269,11413,0,384,104,5412,198,6784,104,12196,California
Siskiyou,2021-03-27,37,18645,4,6815,28,11441,5,389,9,5398,28,6812,14,12210,California
Siskiyou,2021-03-28,8,18653,7,6822,1,11442,0,389,5,5400,3,6815,5,12215,California
Siskiyou,2021-03-29,98,18751,11,6833,85,11527,2,391,47,5399,50,6865,49,12264,California
Siskiyou,2021-03-30,102,18853,7,6840,94,11621,1,392,41,5380,61,6926,42,12306,California
Siskiyou,2021-03-31,190,19043,21,6861,166,11787,3,395,50,5295,139,7065,54,12360,California
Siskiyou,2021-04-01,823,19866,667,7528,156,11943,0,395,207,4886,616,7681,207,12567,California
Siskiyou,2021-04-02,346,20212,197,7725,145,12088,4,399,65,4676,279,7960,69,12636,California
Siskiyou,2021-04-03,26,20238,5,7730,14,12102,7,406,5,4667,21,7981,12,12648,California
Siskiyou,2021-04-04,2,20240,2,7732,0,12102,0,406,1,4667,1,7982,1,12649,California
Siskiyou,2021-04-05,436,20676,330,8062,79,12181,27,433,24,4307,411,8393,51,12700,California
Siskiyou,2021-04-06,219,20895,36,8098,130,12311,53,486,125,4391,93,8486,177,12877,California
Siskiyou,2021-04-07,115,21010,11,8109,62,12373,42,528,65,4448,50,8536,107,12984,California
Siskiyou,2021-04-08,346,21356,183,8292,122,12495,41,569,60,4263,286,8822,101,13085,California
Siskiyou,2021-04-09,547,21903,380,8672,130,12625,37,606,84,3923,462,9284,122,13207,California
Siskiyou,2021-04-10,46,21949,6,8678,3,12628,37,643,7,3928,39,9323,44,13251,California
Siskiyou,2021-04-11,8,21957,5,8683,1,12629,2,645,2,3926,6,9329,4,13255,California
Siskiyou,2021-04-12,129,22086,25,8708,103,12732,1,646,49,3896,80,9409,50,13305,California
Siskiyou,2021-04-13,204,22290,36,8744,167,12899,1,647,78,3849,126,9535,79,13384,California
Siskiyou,2021-04-14,158,22448,66,8810,92,12991,0,647,86,3865,70,9605,86,13470,California
Siskiyou,2021-04-15,1116,23564,956,9766,160,13151,0,647,436,3621,680,10285,436,13906,California
Siskiyou,2021-04-16,294,23858,203,9969,91,13242,0,647,263,3854,30,10315,263,14169,California
Siskiyou,2021-04-17,12,23870,9,9978,3,13245,0,647,8,3858,4,10319,8,14177,California
Siskiyou,2021-04-18,5,23875,3,9981,2,13247,0,647,2,3857,3,10322,2,14179,California
Siskiyou,2021-04-19,126,24001,22,10003,104,13351,0,647,43,3817,83,10405,43,14222,California
Siskiyou,2021-04-20,236,24237,4,10007,232,13583,0,647,93,3767,143,10548,93,14315,California
Siskiyou,2021-04-21,96,24333,12,10019,84,13667,0,647,26,3723,70,10618,26,14341,California
Siskiyou,2021-04-22,415,24748,302,10321,113,13780,0,647,50,3408,365,10983,50,14391,California
Siskiyou,2021-04-23,170,24918,13,10334,157,13937,0,647,148,3535,21,11004,148,14539,California
Siskiyou,2021-04-24,27,24945,4,10338,23,13960,0,647,19,3546,8,11012,19,14558,California
Siskiyou,2021-04-25,2,24947,0,10338,2,13962,0,647,2,3548,0,11012,2,14560,California
Siskiyou,2021-04-26,100,25047,7,10345,88,14050,5,652,25,3503,75,11087,30,14590,California
Siskiyou,2021-04-27,102,25149,3,10348,97,14147,2,654,83,3572,16,11103,85,14675,California
Siskiyou,2021-04-28,111,25260,9,10357,94,14241,8,662,54,3577,57,11160,62,14737,California
Siskiyou,2021-04-29,102,25362,14,10371,87,14328,1,663,30,3536,72,11232,31,14768,California
Siskiyou,2021-04-30,90,25452,20,10391,69,14397,1,664,44,3537,43,11275,44,14812,California
Siskiyou,2021-05-01,8,25460,4,10395,1,14398,3,667,5,3542,3,11278,8,14820,California
Siskiyou,2021-05-02,9,25469,4,10399,5,14403,0,667,7,3547,2,11280,7,14827,California
Siskiyou,2021-05-03,94,25563,20,10419,72,14475,2,669,41,3537,53,11333,43,14870,California
Siskiyou,2021-05-04,92,25655,8,10427,83,14558,1,670,45,3537,46,11379,46,14916,California
Siskiyou,2021-05-05,74,25729,15,10442,55,14613,4,674,14,3496,59,11438,18,14934,California
Solano,2020-12-15,4,4,4,4,0,0,0,0,4,4,0,0,4,4,California
Solano,2020-12-16,71,75,71,75,0,0,0,0,71,75,0,0,71,75,California
Solano,2020-12-17,153,228,153,228,0,0,0,0,153,228,0,0,153,228,California
Solano,2020-12-18,445,673,444,672,1,1,0,0,445,673,0,0,445,673,California
Solano,2020-12-19,518,1191,518,1190,0,1,0,0,518,1191,0,0,518,1191,California
Solano,2020-12-20,355,1546,353,1543,2,3,0,0,355,1546,0,0,355,1546,California
Solano,2020-12-21,573,2119,571,2114,2,5,0,0,573,2119,0,0,573,2119,California
Solano,2020-12-22,663,2782,630,2744,33,38,0,0,663,2782,0,0,663,2782,California
Solano,2020-12-23,860,3642,773,3517,87,125,0,0,859,3641,0,0,859,3641,California
Solano,2020-12-24,421,4063,170,3687,251,376,0,0,421,4062,0,0,421,4062,California
Solano,2020-12-25,10,4073,2,3689,8,384,0,0,10,4072,0,0,10,4072,California
Solano,2020-12-26,175,4248,48,3737,127,511,0,0,175,4247,0,0,175,4247,California
Solano,2020-12-27,104,4352,29,3766,75,586,0,0,104,4351,0,0,104,4351,California
Solano,2020-12-28,864,5216,421,4187,443,1029,0,0,864,5215,0,0,864,5215,California
Solano,2020-12-29,893,6109,374,4561,519,1548,0,0,893,6108,0,0,893,6108,California
Solano,2020-12-30,1212,7321,599,5160,613,2161,0,0,1212,7320,0,0,1212,7320,California
Solano,2020-12-31,537,7858,136,5296,401,2562,0,0,537,7857,0,0,537,7857,California
Solano,2021-01-01,14,7872,13,5309,1,2563,0,0,14,7871,0,0,14,7871,California
Solano,2021-01-02,213,8085,165,5474,48,2611,0,0,213,8084,0,0,213,8084,California
Solano,2021-01-03,57,8142,40,5514,17,2628,0,0,52,8136,0,0,52,8136,California
Solano,2021-01-04,451,8593,246,5760,205,2833,0,0,441,8574,3,3,441,8577,California
Solano,2021-01-05,726,9319,377,6137,349,3182,0,0,572,8997,149,152,572,9149,California
Solano,2021-01-06,845,10164,436,6573,409,3591,0,0,583,9320,260,412,583,9732,California
Solano,2021-01-07,1065,11229,684,7257,381,3972,0,0,607,9472,456,868,608,10340,California
Solano,2021-01-08,1135,12364,777,8034,358,4330,0,0,542,9441,575,1443,544,10884,California
Solano,2021-01-09,885,13249,763,8797,122,4452,0,0,428,9415,454,1897,428,11312,California
Solano,2021-01-10,254,13503,194,8991,60,4512,0,0,153,9467,101,1998,153,11465,California
Solano,2021-01-11,1329,14832,1118,10109,211,4723,0,0,813,9764,516,2514,813,12278,California
Solano,2021-01-12,1567,16399,1169,11278,398,5121,0,0,1016,10231,550,3064,1017,13295,California
Solano,2021-01-13,1465,17864,1005,12283,460,5581,0,0,1205,11178,258,3322,1205,14500,California
Solano,2021-01-14,1869,19733,799,13082,1070,6651,0,0,1555,12419,314,3636,1555,16055,California
Solano,2021-01-15,1694,21427,1059,14141,635,7286,0,0,1396,13517,298,3934,1396,17451,California
Solano,2021-01-16,1290,22717,903,15044,387,7673,0,0,1115,14457,175,4109,1115,18566,California
Solano,2021-01-17,1044,23761,760,15804,284,7957,0,0,1026,15465,18,4127,1026,19592,California
Solano,2021-01-18,1415,25176,857,16661,558,8515,0,0,1297,16646,118,4245,1299,20891,California
Solano,2021-01-19,1645,26821,1336,17997,309,8824,0,0,1373,17748,271,4516,1373,22264,California
Solano,2021-01-20,2033,28854,1422,19419,611,9435,0,0,1548,18814,482,4998,1548,23812,California
Solano,2021-01-21,3164,32018,1004,20423,2160,11595,0,0,2819,21289,345,5343,2820,26632,California
Solano,2021-01-22,1755,33773,844,21267,911,12506,0,0,1565,22664,190,5533,1565,28197,California
Solano,2021-01-23,735,34508,241,21508,494,13000,0,0,530,22989,206,5739,531,28728,California
Solano,2021-01-24,402,34910,60,21568,342,13342,0,0,336,23259,66,5805,336,29064,California
Solano,2021-01-25,1642,36552,622,22190,1020,14362,0,0,1091,23800,551,6356,1092,30156,California
Solano,2021-01-26,1774,38326,737,22927,1037,15399,0,0,1142,24312,631,6987,1143,31299,California
Solano,2021-01-27,1776,40102,725,23652,1051,16450,0,0,1181,24911,582,7569,1181,32480,California
Solano,2021-01-28,1952,42054,704,24356,1248,17698,0,0,1361,25683,590,8159,1362,33842,California
Solano,2021-01-29,1699,43753,784,25140,915,18613,0,0,1345,26676,352,8511,1345,35187,California
Solano,2021-01-30,710,44463,220,25360,490,19103,0,0,549,27064,161,8672,549,35736,California
Solano,2021-01-31,486,44949,394,25754,92,19195,0,0,231,27041,255,8927,232,35968,California
Solano,2021-02-01,1508,46457,987,26741,521,19716,0,0,766,27068,739,9666,766,36734,California
Solano,2021-02-02,3353,49810,1112,27853,2241,21957,0,0,2529,28777,820,10486,2529,39263,California
Solano,2021-02-03,2262,52072,1305,29158,957,22914,0,0,1164,28847,1094,11580,1164,40427,California
Solano,2021-02-04,1795,53867,908,30066,887,23801,0,0,1076,29209,714,12294,1076,41503,California
Solano,2021-02-05,3079,56946,1410,31476,1669,25470,0,0,2079,30297,991,13285,2079,43582,California
Solano,2021-02-06,3045,59991,1169,32645,1876,27346,0,0,2230,31716,811,14096,2230,45812,California
Solano,2021-02-07,849,60840,785,33430,64,27410,0,0,232,31331,617,14713,232,46044,California
Solano,2021-02-08,1741,62581,1234,34664,507,27917,0,0,706,31004,1033,15746,706,46750,California
Solano,2021-02-09,1918,64499,1483,36147,435,28352,0,0,691,30469,1226,16972,691,47441,California
Solano,2021-02-10,2261,66760,1500,37647,761,29113,0,0,829,29866,1432,18404,829,48270,California
Solano,2021-02-11,2499,69259,1490,39137,1009,30122,0,0,1198,29775,1290,19694,1199,49469,California
Solano,2021-02-12,4179,73438,1616,40753,2563,32685,0,0,2856,31315,1316,21010,2856,52325,California
Solano,2021-02-13,2821,76259,245,40998,2576,35261,0,0,2433,33363,385,21395,2433,54758,California
Solano,2021-02-14,691,76950,201,41199,490,35751,0,0,410,33495,279,21674,411,55169,California
Solano,2021-02-15,1299,78249,324,41523,975,36726,0,0,674,33545,624,22298,674,55843,California
Solano,2021-02-16,2566,80815,1396,42919,1170,37896,0,0,1679,34338,886,23184,1679,57522,California
Solano,2021-02-17,2933,83748,1434,44353,1499,39395,0,0,1948,35305,982,24166,1949,59471,California
Solano,2021-02-18,2755,86503,845,45198,1910,41305,0,0,823,34204,1925,26091,824,60295,California
Solano,2021-02-19,2360,88863,1409,46607,951,42256,0,0,1147,34144,1209,27300,1149,61444,California
Solano,2021-02-20,2549,91412,382,46989,2167,44423,0,0,2077,35748,473,27773,2077,63521,California
Solano,2021-02-21,2151,93563,1861,48850,290,44713,0,0,1858,37317,289,28062,1858,65379,California
Solano,2021-02-22,1712,95275,1042,49892,670,45383,0,0,906,37420,804,28866,907,66286,California
Solano,2021-02-23,2828,98103,1087,50979,1741,47124,0,0,1927,38449,898,29764,1927,68213,California
Solano,2021-02-24,2474,100577,1243,52222,1231,48355,0,0,1387,38751,1085,30849,1387,69600,California
Solano,2021-02-25,2376,102953,1431,53653,945,49300,0,0,1297,38975,1073,31922,1297,70897,California
Solano,2021-02-26,3055,106008,1909,55562,1146,50446,0,0,1743,39411,1307,33229,1743,72640,California
Solano,2021-02-27,3647,109655,1373,56935,2273,52719,1,1,2955,41683,684,33913,2956,75596,California
Solano,2021-02-28,1357,111012,1039,57974,318,53037,0,1,1079,42488,275,34188,1080,76676,California
Solano,2021-03-01,2424,113436,1052,59026,1371,54408,1,2,1822,43713,598,34786,1823,78499,California
Solano,2021-03-02,2161,115597,1364,60390,797,55205,0,2,1269,44090,892,35678,1269,79768,California
Solano,2021-03-03,2206,117803,1252,61642,954,56159,0,2,1372,44637,826,36504,1373,81141,California
Solano,2021-03-04,4340,122143,3402,65044,936,57095,2,4,3130,46569,1203,37707,3135,84276,California
Solano,2021-03-05,4893,127036,1666,66710,3222,60317,5,9,3932,49555,951,38658,3937,88213,California
Solano,2021-03-06,3834,130870,826,67536,2969,63286,39,48,2643,51055,1182,39840,2682,90895,California
Solano,2021-03-07,3537,134407,736,68272,2791,66077,10,58,1951,51442,1575,41415,1962,92857,California
Solano,2021-03-08,2110,136517,1315,69587,525,66602,270,328,1595,52794,511,41926,1863,94720,California
Solano,2021-03-09,3129,139646,1508,71095,1569,68171,52,380,2240,54194,889,42815,2289,97009,California
Solano,2021-03-10,2368,142014,1717,72812,565,68736,86,466,1252,54418,1112,43927,1336,98345,California
Solano,2021-03-11,5979,147993,1726,74538,3999,72735,254,720,4936,58567,1041,44968,5190,103535,California
Solano,2021-03-12,5967,153960,1561,76099,4231,76966,175,895,3175,59129,2788,47756,3350,106885,California
Solano,2021-03-13,4573,158533,805,76904,3684,80650,84,979,2243,59135,2323,50079,2329,109214,California
Solano,2021-03-14,3989,162522,3113,80017,423,81073,453,1432,1652,58905,2332,52411,2102,111316,California
Solano,2021-03-15,4001,166523,2444,82461,1240,82313,317,1749,2511,60251,1482,53893,2828,114144,California
Solano,2021-03-16,3057,169580,1325,83786,1496,83809,236,1985,1560,60554,1492,55385,1795,115939,California
Solano,2021-03-17,6316,175896,1665,85451,4560,88369,91,2076,4871,64074,1442,56827,4962,120901,California
Solano,2021-03-18,5157,181053,1817,87268,3304,91673,36,2112,3806,66572,1343,58170,3841,124742,California
Solano,2021-03-19,3409,184462,2494,89762,842,92515,73,2185,1795,66834,1607,59777,1869,126611,California
Solano,2021-03-20,5507,189969,1667,91429,3786,96301,54,2239,2830,67050,2668,62445,2884,129495,California
Solano,2021-03-21,1666,191635,1563,92992,79,96380,24,2263,853,67114,811,63256,875,130370,California
Solano,2021-03-22,2643,194278,2018,95010,575,96955,50,2313,1668,67859,969,64225,1714,132084,California
Solano,2021-03-23,3442,197720,1611,96621,1788,98743,43,2356,1436,67335,2002,66227,1478,133562,California
Solano,2021-03-24,2806,200526,1757,98378,1015,99758,34,2390,1366,67301,1434,67661,1400,134962,California
Solano,2021-03-25,4820,205346,3949,102327,836,100594,35,2425,2269,67059,2547,70208,2305,137267,California
Solano,2021-03-26,3208,208554,2082,104409,1090,101684,36,2461,1741,67377,1459,71667,1777,139044,California
Solano,2021-03-27,4183,212737,1147,105556,3000,104684,36,2497,1799,66834,2378,74045,1835,140879,California
Solano,2021-03-28,1411,214148,1103,106659,290,104974,18,2515,564,66574,843,74888,583,141462,California
Solano,2021-03-29,3467,217615,2030,108689,1420,106394,17,2532,1599,66331,1859,76747,1616,143078,California
Solano,2021-03-30,3000,220615,2012,110701,898,107292,90,2622,1912,67247,1086,77833,2002,145080,California
Solano,2021-03-31,3109,223724,2114,112815,836,108128,159,2781,1841,67978,1265,79098,1996,147076,California
Solano,2021-04-01,5494,229218,2077,114892,3272,111400,145,2926,3484,69608,1999,81097,3629,150705,California
Solano,2021-04-02,6471,235689,2210,117102,4095,115495,166,3092,2485,68287,3971,85068,2650,153355,California
Solano,2021-04-03,1520,237209,956,118058,410,115905,154,3246,555,68033,963,86031,709,154064,California
Solano,2021-04-04,777,237986,286,118344,190,116095,301,3547,239,68039,534,86565,540,154604,California
Solano,2021-04-05,2956,240942,2014,120358,736,116831,206,3753,1505,68300,1449,88014,1710,156314,California
Solano,2021-04-06,5783,246725,1621,121979,3671,120502,491,4244,1579,66171,4198,92212,2069,158383,California
Solano,2021-04-07,5784,252509,4462,126441,929,121431,393,4637,3273,67339,2497,94709,3665,162048,California
Solano,2021-04-08,6392,258901,1774,128215,3763,125194,855,5492,1798,65418,4568,99277,2647,164695,California
Solano,2021-04-09,6205,265106,1639,129854,3728,128922,838,6330,1497,63063,4689,103966,2334,167029,California
Solano,2021-04-10,1708,266814,946,130800,449,129371,313,6643,790,63249,917,104883,1103,168132,California
Solano,2021-04-11,1204,268018,743,131543,334,129705,127,6770,618,63411,583,105466,745,168877,California
Solano,2021-04-12,3246,271264,1668,133211,1219,130924,359,7129,1342,63210,1899,107365,1698,170575,California
Solano,2021-04-13,2520,273784,1088,134299,1431,132355,1,7130,1316,63327,1200,108565,1317,171892,California
Solano,2021-04-14,6377,280161,1927,136226,4450,136805,0,7130,1862,60686,4503,113068,1862,173754,California
Solano,2021-04-15,5621,285782,2122,138348,3499,140304,0,7130,1714,58505,3895,116963,1714,175468,California
Solano,2021-04-16,3643,289425,2552,140900,1089,141393,2,7132,2273,59417,1363,118326,2275,177743,California
Solano,2021-04-17,3235,292660,1057,141957,2178,143571,0,7132,1124,58439,2103,120429,1125,178868,California
Solano,2021-04-18,994,293654,599,142556,395,143966,0,7132,527,58500,466,120895,527,179395,California
Solano,2021-04-19,2052,295706,1154,143710,898,144864,0,7132,1141,58737,906,121801,1143,180538,California
Solano,2021-04-20,2984,298690,1818,145528,1166,146030,0,7132,1666,59089,1314,123115,1666,182204,California
Solano,2021-04-21,3515,302205,2297,147825,1218,147248,0,7132,1757,59094,1752,124867,1757,183961,California
Solano,2021-04-22,2880,305085,1435,149260,1445,148693,0,7132,1765,59747,1112,125979,1765,185726,California
Solano,2021-04-23,4099,309184,2049,151309,2050,150743,0,7132,2455,60568,1635,127614,2456,188182,California
Solano,2021-04-24,3306,312490,2228,153537,1076,151819,2,7134,2353,62027,896,128510,2355,190537,California
Solano,2021-04-25,1430,313920,1116,154653,314,152133,0,7134,1130,62864,293,128803,1130,191667,California
Solano,2021-04-26,2374,316294,1551,156204,819,152952,4,7138,1261,63028,1101,129904,1265,192932,California
Solano,2021-04-27,2273,318567,1202,157406,1047,153999,24,7162,1259,63304,1008,130912,1284,194216,California
Solano,2021-04-28,4617,323184,3668,161074,906,154905,43,7205,2961,64662,1646,132558,3004,197220,California
Solano,2021-04-29,3407,326591,1030,162104,2346,157251,31,7236,1373,64043,2023,134581,1404,198624,California
Solano,2021-04-30,3490,330081,1856,163960,1513,158764,121,7357,1730,64144,1752,136333,1853,200477,California
Solano,2021-05-01,1872,331953,1487,165447,284,159048,101,7458,1112,64602,756,137089,1214,201691,California
Solano,2021-05-02,1031,332984,878,166325,134,159182,19,7477,524,64643,502,137591,543,202234,California
Solano,2021-05-03,1147,334131,819,167144,293,159475,35,7512,486,64505,659,138250,521,202755,California
Solano,2021-05-04,1425,335556,857,168001,542,160017,26,7538,613,64332,812,139062,639,203394,California
Solano,2021-05-05,1681,337237,1164,169165,450,160467,67,7605,808,64336,871,139933,875,204269,California
Sonoma,2020-12-15,4,4,4,4,0,0,0,0,4,4,0,0,4,4,California
Sonoma,2020-12-16,27,31,27,31,0,0,0,0,27,31,0,0,27,31,California
Sonoma,2020-12-17,103,134,103,134,0,0,0,0,103,134,0,0,103,134,California
Sonoma,2020-12-18,421,555,421,555,0,0,0,0,421,555,0,0,421,555,California
Sonoma,2020-12-19,111,666,110,665,1,1,0,0,111,666,0,0,111,666,California
Sonoma,2020-12-20,174,840,174,839,0,1,0,0,174,840,0,0,174,840,California
Sonoma,2020-12-21,911,1751,909,1748,2,3,0,0,910,1750,0,0,910,1750,California
Sonoma,2020-12-22,1354,3105,1262,3010,92,95,0,0,1354,3104,0,0,1354,3104,California
Sonoma,2020-12-23,1605,4710,1229,4239,376,471,0,0,1606,4710,0,0,1606,4710,California
Sonoma,2020-12-24,305,5015,101,4340,204,675,0,0,305,5015,0,0,305,5015,California
Sonoma,2020-12-25,8,5023,2,4342,6,681,0,0,8,5023,0,0,8,5023,California
Sonoma,2020-12-26,267,5290,256,4598,11,692,0,0,267,5290,0,0,267,5290,California
Sonoma,2020-12-27,93,5383,80,4678,13,705,0,0,93,5383,0,0,93,5383,California
Sonoma,2020-12-28,986,6369,552,5230,434,1139,0,0,957,6340,0,0,957,6340,California
Sonoma,2020-12-29,1129,7498,776,6006,353,1492,0,0,1095,7435,0,0,1095,7435,California
Sonoma,2020-12-30,1093,8591,479,6485,614,2106,0,0,1085,8520,0,0,1085,8520,California
Sonoma,2020-12-31,517,9108,71,6556,446,2552,0,0,518,9038,0,0,518,9038,California
Sonoma,2021-01-01,11,9119,6,6562,5,2557,0,0,11,9049,0,0,11,9049,California
Sonoma,2021-01-02,132,9251,126,6688,6,2563,0,0,132,9181,0,0,132,9181,California
Sonoma,2021-01-03,25,9276,11,6699,14,2577,0,0,25,9206,0,0,25,9206,California
Sonoma,2021-01-04,341,9617,105,6804,236,2813,0,0,340,9546,0,0,340,9546,California
Sonoma,2021-01-05,438,10055,102,6906,336,3149,0,0,414,9945,15,15,414,9960,California
Sonoma,2021-01-06,948,11003,434,7340,514,3663,0,0,836,10676,105,120,836,10796,California
Sonoma,2021-01-07,1030,12033,535,7875,495,4158,0,0,860,11367,169,289,860,11656,California
Sonoma,2021-01-08,1789,13822,1232,9107,557,4715,0,0,1317,12214,470,759,1317,12973,California
Sonoma,2021-01-09,640,14462,403,9510,237,4952,0,0,592,12758,48,807,592,13565,California
Sonoma,2021-01-10,472,14934,461,9971,11,4963,0,0,279,12844,193,1000,279,13844,California
Sonoma,2021-01-11,1382,16316,1236,11207,146,5109,0,0,414,12294,964,1964,414,14258,California
Sonoma,2021-01-12,1546,17862,1293,12500,253,5362,0,0,395,11540,1149,3113,395,14653,California
Sonoma,2021-01-13,2073,19935,1427,13927,646,6008,0,0,1212,11894,858,3971,1212,15865,California
Sonoma,2021-01-14,1530,21465,808,14735,722,6730,0,0,1300,12964,230,4201,1300,17165,California
Sonoma,2021-01-15,1565,23030,635,15370,930,7660,0,0,1345,14099,211,4412,1346,18511,California
Sonoma,2021-01-16,1143,24173,616,15986,527,8187,0,0,897,14754,242,4654,897,19408,California
Sonoma,2021-01-17,669,24842,548,16534,121,8308,0,0,588,15261,81,4735,588,19996,California
Sonoma,2021-01-18,1105,25947,931,17465,174,8482,0,0,615,15387,490,5225,616,20612,California
Sonoma,2021-01-19,2095,28042,1005,18470,1090,9572,0,0,1386,16067,707,5932,1387,21999,California
Sonoma,2021-01-20,2076,30118,626,19096,1450,11022,0,0,1415,16831,652,6584,1416,23415,California
Sonoma,2021-01-21,2263,32381,647,19743,1616,12638,0,0,2044,18659,217,6801,2045,25460,California
Sonoma,2021-01-22,2735,35116,1042,20785,1693,14331,0,0,2587,21099,147,6948,2587,28047,California
Sonoma,2021-01-23,768,35884,593,21378,175,14506,0,0,661,21654,106,7054,661,28708,California
Sonoma,2021-01-24,852,36736,716,22094,136,14642,0,0,836,22474,16,7070,836,29544,California
Sonoma,2021-01-25,2171,38907,520,22614,1651,16293,0,0,1684,23671,487,7557,1684,31228,California
Sonoma,2021-01-26,2014,40921,302,22916,1712,18005,0,0,1558,24774,455,8012,1558,32786,California
Sonoma,2021-01-27,3697,44618,1279,24195,2418,20423,0,0,3124,27330,571,8583,3127,35913,California
Sonoma,2021-01-28,4117,48735,1847,26042,2270,22693,0,0,3446,30109,668,9251,3447,39360,California
Sonoma,2021-01-29,2967,51702,1411,27453,1556,24249,0,0,2134,31413,831,10082,2135,41495,California
Sonoma,2021-01-30,2584,54286,2396,29849,188,24437,0,0,2244,33318,340,10422,2245,43740,California
Sonoma,2021-01-31,777,55063,665,30514,112,24549,0,0,579,33700,197,10619,579,44319,California
Sonoma,2021-02-01,2506,57569,884,31398,1622,26171,0,0,2101,35399,402,11021,2101,46420,California
Sonoma,2021-02-02,3521,61090,1372,32770,2149,28320,0,0,2950,37780,569,11590,2950,49370,California
Sonoma,2021-02-03,4035,65125,1323,34093,2712,31032,0,0,3105,39957,928,12518,3105,52475,California
Sonoma,2021-02-04,4198,69323,1709,35802,2489,33521,0,0,3417,42596,779,13297,3418,55893,California
Sonoma,2021-02-05,4813,74136,1740,37542,3073,36594,0,0,3797,45382,1012,14309,3798,59691,California
Sonoma,2021-02-06,2656,76792,2296,39838,360,36954,0,0,2097,46921,558,14867,2097,61788,California
Sonoma,2021-02-07,1535,78327,1400,41238,135,37089,0,0,1284,47954,251,15118,1284,63072,California
Sonoma,2021-02-08,3255,81582,1033,42271,2222,39311,0,0,2675,50050,579,15697,2675,65747,California
Sonoma,2021-02-09,3563,85145,1697,43968,1866,41177,0,0,3084,52658,477,16174,3085,68832,California
Sonoma,2021-02-10,4529,89674,2476,46444,2053,43230,0,0,3492,55120,1031,17205,3493,72325,California
Sonoma,2021-02-11,5562,95236,3011,49455,2551,45781,0,0,4379,58318,1181,18386,4379,76704,California
Sonoma,2021-02-12,5896,101132,3239,52694,2657,48438,0,0,4475,61379,1417,19803,4478,81182,California
Sonoma,2021-02-13,1983,103115,1152,53846,831,49269,0,0,1201,61801,779,20582,1201,82383,California
Sonoma,2021-02-14,2316,105431,1823,55669,493,49762,0,0,1569,62624,746,21328,1569,83952,California
Sonoma,2021-02-15,2138,107569,791,56460,1347,51109,0,0,1604,63695,533,21861,1604,85556,California
Sonoma,2021-02-16,4895,112464,2051,58511,2844,53953,0,0,3641,66086,1250,23111,3641,89197,California
Sonoma,2021-02-17,5589,118053,2893,61404,2696,56649,0,0,3567,67641,2014,25125,3569,92766,California
Sonoma,2021-02-18,6918,124971,3132,64536,3786,60435,0,0,4002,68735,2908,28033,4002,96768,California
Sonoma,2021-02-19,5513,130484,1666,66202,3847,64282,0,0,3416,70060,2092,30125,3417,100185,California
Sonoma,2021-02-20,3123,133607,2843,69045,280,64562,0,0,1218,69379,1899,32024,1218,101403,California
Sonoma,2021-02-21,518,134125,414,69459,104,64666,0,0,129,69122,386,32410,129,101532,California
Sonoma,2021-02-22,2873,136998,1353,70812,1520,66186,0,0,1196,68646,1672,34082,1196,102728,California
Sonoma,2021-02-23,3359,140357,2069,72881,1290,67476,0,0,1615,68521,1740,35822,1615,104343,California
Sonoma,2021-02-24,5630,145987,2540,75421,3090,70566,0,0,2910,68718,2715,38537,2912,107255,California
Sonoma,2021-02-25,5789,151776,2237,77658,3552,74118,0,0,3106,69163,2661,41198,3106,110361,California
Sonoma,2021-02-26,6254,158030,2754,80412,3500,77618,0,0,3967,70848,2282,43480,3967,114328,California
Sonoma,2021-02-27,4020,162050,1906,82318,2114,79732,0,0,2681,72192,1337,44817,2681,117009,California
Sonoma,2021-02-28,2333,164383,1849,84167,484,80216,0,0,611,71091,1712,46529,611,117620,California
Sonoma,2021-03-01,3741,168124,1133,85300,2608,82824,0,0,1879,71119,1852,48381,1880,119500,California
Sonoma,2021-03-02,4333,172457,1473,86773,2860,85684,0,0,2523,71840,1802,50183,2523,122023,California
Sonoma,2021-03-03,5023,177480,2627,89400,2396,88080,0,0,2309,71442,2707,52890,2309,124332,California
Sonoma,2021-03-04,5908,183388,2657,92057,3251,91331,0,0,2566,70680,3328,56218,2566,126898,California
Sonoma,2021-03-05,6424,189812,2814,94871,3595,94926,15,15,2703,69691,3708,59926,2719,129617,California
Sonoma,2021-03-06,2776,192588,1212,96083,1430,96356,134,149,1909,70873,860,60786,2042,131659,California
Sonoma,2021-03-07,1682,194270,1393,97476,254,96610,35,184,356,69940,1324,62110,391,132050,California
Sonoma,2021-03-08,4046,198316,653,98129,3218,99828,175,359,2376,70829,1660,63770,2549,134599,California
Sonoma,2021-03-09,5483,203799,3002,101131,2239,102067,242,601,2674,70943,2802,66572,2916,137515,California
Sonoma,2021-03-10,5945,209744,3168,104299,2450,104517,327,928,2395,70128,3536,70108,2721,140236,California
Sonoma,2021-03-11,7513,217257,2993,107292,3700,108217,820,1748,2557,68559,4947,75055,3378,143614,California
Sonoma,2021-03-12,7394,224651,2265,109557,3767,111984,1362,3110,2106,66753,5269,80324,3463,147077,California
Sonoma,2021-03-13,3247,227898,1544,111101,1468,113452,235,3345,1852,67443,1394,81718,2084,149161,California
Sonoma,2021-03-14,1379,229277,383,111484,855,114307,141,3486,850,67907,526,82244,990,150151,California
Sonoma,2021-03-15,5221,234498,1498,112982,3338,117645,385,3871,2191,67459,3022,85266,2574,152725,California
Sonoma,2021-03-16,6270,240768,2235,115217,3803,121448,232,4103,2902,67230,3362,88628,3133,155858,California
Sonoma,2021-03-17,6739,247507,3522,118739,3037,124485,180,4283,3285,67251,3443,92071,3464,159322,California
Sonoma,2021-03-18,7115,254622,2935,121674,3567,128052,613,4896,3179,67111,3929,96000,3789,163111,California
Sonoma,2021-03-19,7479,262101,3233,124907,4015,132067,231,5127,3195,66276,4265,100265,3430,166541,California
Sonoma,2021-03-20,3626,265727,1744,126651,1052,133119,830,5957,1971,67425,1648,101913,2797,169338,California
Sonoma,2021-03-21,1381,267108,602,127253,746,133865,33,5990,1216,68511,163,102076,1249,170587,California
Sonoma,2021-03-22,4514,271622,3089,130342,1324,135189,101,6091,3423,70949,1086,103162,3524,174111,California
Sonoma,2021-03-23,5796,277418,3602,133944,2118,137307,76,6167,4422,74081,1366,104528,4498,178609,California
Sonoma,2021-03-24,6603,284021,4268,138212,2269,139576,66,6233,3992,75546,2594,107122,4059,182668,California
Sonoma,2021-03-25,6978,290999,4190,142402,2681,142257,107,6340,4227,77153,2729,109851,4336,187004,California
Sonoma,2021-03-26,7277,298276,3448,145850,3740,145997,89,6429,3807,77595,3454,113305,3896,190900,California
Sonoma,2021-03-27,3797,302073,1501,147351,1934,147931,362,6791,1121,76409,2669,115974,1483,192383,California
Sonoma,2021-03-28,1505,303578,946,148297,532,148463,27,6818,943,76820,559,116533,970,193353,California
Sonoma,2021-03-29,2856,306434,1093,149390,1730,150193,33,6851,1582,77166,1269,117802,1615,194968,California
Sonoma,2021-03-30,5700,312134,3141,152531,2497,152690,62,6913,3010,77553,2684,120486,3071,198039,California
Sonoma,2021-03-31,5506,317640,3337,155868,1955,154645,214,7127,3212,78696,2284,122770,3427,201466,California
Sonoma,2021-04-01,6686,324326,3970,159838,2380,157025,336,7463,3584,79524,3084,125854,3912,205378,California
Sonoma,2021-04-02,5910,330236,3538,163376,2263,159288,109,7572,3559,80848,2345,128199,3669,209047,California
Sonoma,2021-04-03,3366,333602,1645,165021,1500,160788,221,7793,1462,80638,1892,130091,1682,210729,California
Sonoma,2021-04-04,1056,334658,687,165708,279,161067,90,7883,666,81008,386,130477,756,211485,California
Sonoma,2021-04-05,4356,339014,588,166296,3430,164497,338,8221,1639,80275,2710,133187,1977,213462,California
Sonoma,2021-04-06,6844,345858,3468,169764,2976,167473,400,8621,3973,81787,2859,136046,4371,217833,California
Sonoma,2021-04-07,6752,352610,3813,173577,2104,169577,835,9456,3274,82423,3469,139515,4105,221938,California
Sonoma,2021-04-08,7492,360102,4092,177669,2630,172207,770,10226,4082,83872,3399,142914,4848,226786,California
Sonoma,2021-04-09,6751,366853,3757,181426,2109,174316,885,11111,3466,84947,3272,146186,4347,231133,California
Sonoma,2021-04-10,3821,370674,1680,183106,1588,175904,553,11664,1092,83867,2720,148906,1640,232773,California
Sonoma,2021-04-11,1279,371953,604,183710,593,176497,82,11746,434,83539,844,149750,516,233289,California
Sonoma,2021-04-12,4933,376886,2054,185764,2397,178894,482,12228,1848,82784,3077,152827,2322,235611,California
Sonoma,2021-04-13,7784,384670,4612,190376,3170,182064,2,12230,2959,80928,4817,157644,2961,238572,California
Sonoma,2021-04-14,6527,391197,3715,194091,2792,184856,20,12250,2519,79472,3994,161638,2538,241110,California
Sonoma,2021-04-15,7169,398366,4071,198162,3098,187954,0,12250,3541,79396,3617,165255,3541,244651,California
Sonoma,2021-04-16,6787,405153,3414,201576,3372,191326,1,12251,3849,80313,2933,168188,3850,248501,California
Sonoma,2021-04-17,3092,408245,1495,203071,1597,192923,0,12251,1494,80219,1589,169777,1495,249996,California
Sonoma,2021-04-18,1202,409447,810,203881,392,193315,0,12251,370,79759,830,170607,370,250366,California
Sonoma,2021-04-19,3291,412738,1873,205754,1417,194732,1,12252,1449,79371,1838,172445,1450,251816,California
Sonoma,2021-04-20,6259,418997,3451,209205,2808,197540,0,12252,2373,77871,3874,176319,2374,254190,California
Sonoma,2021-04-21,6345,425342,4187,213392,2156,199696,2,12254,2917,77377,3412,179731,2918,257108,California
Sonoma,2021-04-22,6112,431454,4444,217836,1668,201364,0,12254,2482,76242,3617,183348,2482,259590,California
Sonoma,2021-04-23,7258,438712,4609,222445,2643,204007,6,12260,3615,76230,3634,186982,3622,263212,California
Sonoma,2021-04-24,2695,441407,1482,223927,1199,205206,14,12274,1528,76607,1165,188147,1542,264754,California
Sonoma,2021-04-25,1076,442483,784,224711,292,205498,0,12274,428,76389,646,188793,428,265182,California
Sonoma,2021-04-26,2560,445043,1243,225954,1292,206790,25,12299,1440,76740,1114,189907,1465,266647,California
Sonoma,2021-04-27,5120,450163,3618,229572,1406,208196,96,12395,2103,75936,3003,192910,2199,268846,California
Sonoma,2021-04-28,4485,454648,2931,232503,1386,209582,168,12563,1880,75389,2590,195500,2043,270889,California
Sonoma,2021-04-29,4270,458918,3011,235514,1118,210700,141,12704,1564,74396,2699,198199,1706,272595,California
Sonoma,2021-04-30,4992,463910,3285,238799,1421,212121,286,12990,1688,73073,3297,201496,1974,274569,California
Sonoma,2021-05-01,2430,466340,1749,240548,581,212702,100,13090,1302,73349,1124,202620,1400,275969,California
Sonoma,2021-05-02,819,467159,635,241183,135,212837,49,13139,518,73616,301,202921,568,276537,California
Sonoma,2021-05-03,2659,469818,1319,242502,1281,214118,59,13198,938,72896,1716,204637,996,277533,California
Sonoma,2021-05-04,3900,473718,2036,244538,1769,215887,95,13293,1222,71554,2657,207294,1315,278848,California
Sonoma,2021-05-05,2566,476284,1529,246067,949,216836,88,13381,799,70680,1759,209053,885,279733,California
Stanislaus,2020-12-15,3,3,3,3,0,0,0,0,3,3,0,0,3,3,California
Stanislaus,2020-12-16,37,40,37,40,0,0,0,0,37,40,0,0,37,40,California
Stanislaus,2020-12-17,74,114,74,114,0,0,0,0,74,114,0,0,74,114,California
Stanislaus,2020-12-18,337,451,331,445,6,6,0,0,337,451,0,0,337,451,California
Stanislaus,2020-12-19,133,584,133,578,0,6,0,0,133,584,0,0,133,584,California
Stanislaus,2020-12-20,85,669,85,663,0,6,0,0,85,669,0,0,85,669,California
Stanislaus,2020-12-21,998,1667,997,1660,1,7,0,0,997,1666,0,0,997,1666,California
Stanislaus,2020-12-22,795,2462,783,2443,12,19,0,0,795,2461,0,0,795,2461,California
Stanislaus,2020-12-23,447,2909,430,2873,17,36,0,0,446,2907,0,0,446,2907,California
Stanislaus,2020-12-24,97,3006,88,2961,9,45,0,0,97,3004,0,0,97,3004,California
Stanislaus,2020-12-26,51,3057,8,2969,43,88,0,0,51,3055,0,0,51,3055,California
Stanislaus,2020-12-27,11,3068,6,2975,5,93,0,0,11,3066,0,0,11,3066,California
Stanislaus,2020-12-28,489,3557,394,3369,95,188,0,0,489,3555,0,0,489,3555,California
Stanislaus,2020-12-29,494,4051,416,3785,78,266,0,0,494,4049,0,0,494,4049,California
Stanislaus,2020-12-30,534,4585,279,4064,255,521,0,0,533,4581,1,1,533,4582,California
Stanislaus,2020-12-31,275,4860,156,4220,119,640,0,0,275,4856,0,1,275,4857,California
Stanislaus,2021-01-01,12,4872,4,4224,8,648,0,0,12,4868,0,1,12,4869,California
Stanislaus,2021-01-02,31,4903,24,4248,7,655,0,0,31,4899,0,1,31,4900,California
Stanislaus,2021-01-03,90,4993,87,4335,3,658,0,0,90,4989,0,1,90,4990,California
Stanislaus,2021-01-04,229,5222,150,4485,79,737,0,0,229,5218,0,1,229,5219,California
Stanislaus,2021-01-05,831,6053,341,4826,490,1227,0,0,809,6011,21,22,814,6033,California
Stanislaus,2021-01-06,1002,7055,599,5425,403,1630,0,0,931,6875,68,90,932,6965,California
Stanislaus,2021-01-07,1076,8131,700,6125,376,2006,0,0,888,7583,181,271,889,7854,California
Stanislaus,2021-01-08,1279,9410,723,6848,556,2562,0,0,938,8188,338,609,943,8797,California
Stanislaus,2021-01-09,285,9695,141,6989,144,2706,0,0,195,8293,90,699,195,8992,California
Stanislaus,2021-01-10,48,9743,21,7010,27,2733,0,0,29,8303,19,718,29,9021,California
Stanislaus,2021-01-11,1522,11265,1245,8255,277,3010,0,0,597,7997,919,1637,613,9634,California
Stanislaus,2021-01-12,1464,12729,861,9116,603,3613,0,0,828,8199,632,2269,834,10468,California
Stanislaus,2021-01-13,1432,14161,681,9797,751,4364,0,0,1111,8997,321,2590,1119,11587,California
Stanislaus,2021-01-14,2221,16382,280,10077,1941,6305,0,0,2063,10963,156,2746,2122,13709,California
Stanislaus,2021-01-15,2807,19189,1146,11223,1661,7966,0,0,2664,13559,139,2885,2735,16444,California
Stanislaus,2021-01-16,471,19660,50,11273,421,8387,0,0,456,14003,14,2899,458,16902,California
Stanislaus,2021-01-17,243,19903,201,11474,42,8429,0,0,237,14235,5,2904,237,17139,California
Stanislaus,2021-01-18,2182,22085,1023,12497,1159,9588,0,0,1807,15734,370,3274,1869,19008,California
Stanislaus,2021-01-19,1248,23333,720,13217,528,10116,0,0,805,16099,441,3715,806,19814,California
Stanislaus,2021-01-20,999,24332,484,13701,515,10631,0,0,709,16519,289,4004,709,20523,California
Stanislaus,2021-01-21,3637,27969,2942,16643,695,11326,0,0,3329,19634,306,4310,3421,23944,California
Stanislaus,2021-01-22,1063,29032,306,16949,757,12083,0,0,1019,20617,40,4350,1023,24967,California
Stanislaus,2021-01-23,338,29370,38,16987,300,12383,0,0,282,20848,55,4405,286,25253,California
Stanislaus,2021-01-24,292,29662,100,17087,192,12575,0,0,226,21010,66,4471,228,25481,California
Stanislaus,2021-01-25,3136,32798,226,17313,2910,15485,0,0,2827,23696,275,4746,2961,28442,California
Stanislaus,2021-01-26,1719,34517,743,18056,976,16461,0,0,1298,24592,417,5163,1313,29755,California
Stanislaus,2021-01-27,1866,36383,1028,19084,838,17299,0,0,1163,25096,660,5823,1164,30919,California
Stanislaus,2021-01-28,2195,38578,1500,20584,695,17994,0,0,1713,26387,474,6297,1765,32684,California
Stanislaus,2021-01-29,2428,41006,1189,21773,1239,19233,0,0,1911,27869,472,6769,1954,34638,California
Stanislaus,2021-01-30,291,41297,130,21903,161,19394,0,0,228,28045,52,6821,228,34866,California
Stanislaus,2021-01-31,366,41663,312,22215,54,19448,0,0,351,28384,12,6833,351,35217,California
Stanislaus,2021-02-01,1257,42920,551,22766,706,20154,0,0,913,28964,333,7166,913,36130,California
Stanislaus,2021-02-02,1232,44152,373,23139,859,21013,0,0,780,29304,444,7610,784,36914,California
Stanislaus,2021-02-03,2460,46612,1082,24221,1378,22391,0,0,1791,30436,665,8275,1797,38711,California
Stanislaus,2021-02-04,2091,48703,726,24947,1365,23756,0,0,1576,31512,505,8780,1581,40292,California
Stanislaus,2021-02-05,2832,51535,1457,26404,1375,25131,0,0,1592,31923,1187,9967,1598,41890,California
Stanislaus,2021-02-06,882,52417,299,26703,583,25714,0,0,692,32428,188,10155,693,42583,California
Stanislaus,2021-02-07,212,52629,188,26891,24,25738,0,0,42,32302,169,10324,43,42626,California
Stanislaus,2021-02-08,2014,54643,1317,28208,697,26435,0,0,1098,32524,883,11207,1105,43731,California
Stanislaus,2021-02-09,1823,56466,775,28983,1048,27483,0,0,1042,32807,763,11970,1046,44777,California
Stanislaus,2021-02-10,1928,58394,530,29513,1398,28881,0,0,1012,32924,897,12867,1014,45791,California
Stanislaus,2021-02-11,5360,63754,3254,32767,2106,30987,0,0,1227,30201,3954,16821,1231,47022,California
Stanislaus,2021-02-12,3281,67035,910,33677,2371,33358,0,0,1448,29883,1768,18589,1450,48472,California
Stanislaus,2021-02-13,1347,68382,648,34325,699,34057,0,0,980,30504,363,18952,984,49456,California
Stanislaus,2021-02-14,421,68803,169,34494,252,34309,0,0,352,30789,67,19019,352,49808,California
Stanislaus,2021-02-15,1804,70607,228,34722,1576,35885,0,0,579,30250,1123,20142,584,50392,California
Stanislaus,2021-02-16,1358,71965,421,35143,937,36822,0,0,580,30062,770,20912,582,50974,California
Stanislaus,2021-02-17,2728,74693,1666,36809,1062,37884,0,0,1932,31208,793,21705,1939,52913,California
Stanislaus,2021-02-18,3334,78027,1886,38695,1448,39332,0,0,1786,31537,1471,23176,1800,54713,California
Stanislaus,2021-02-19,2712,80739,1051,39746,1661,40993,0,0,1523,31914,1155,24331,1532,56245,California
Stanislaus,2021-02-20,744,81483,377,40123,367,41360,0,0,482,32152,246,24577,484,56729,California
Stanislaus,2021-02-21,902,82385,687,40810,215,41575,0,0,551,32385,329,24906,562,57291,California
Stanislaus,2021-02-22,2335,84720,1688,42498,647,42222,0,0,1634,33345,676,25582,1636,58927,California
Stanislaus,2021-02-23,3687,88407,679,43177,3008,45230,0,0,1734,33271,1814,27396,1740,60667,California
Stanislaus,2021-02-24,4139,92546,2830,46007,1309,46539,0,0,3128,35408,995,28391,3132,63799,California
Stanislaus,2021-02-25,3868,96414,2638,48645,1230,47769,0,0,3070,37700,781,29172,3073,66872,California
Stanislaus,2021-02-26,4160,100574,1201,49846,2959,50728,0,0,2816,39226,1299,30471,2825,69697,California
Stanislaus,2021-02-27,2068,102642,698,50544,1369,52097,1,1,1842,40870,199,30670,1843,71540,California
Stanislaus,2021-02-28,801,103443,259,50803,542,52639,0,1,755,41587,39,30709,756,72296,California
Stanislaus,2021-03-01,2745,106188,1614,52417,1130,53769,1,2,1623,42115,1102,31811,1630,73926,California
Stanislaus,2021-03-02,2372,108560,1408,53825,963,54732,1,3,1653,43057,712,32523,1654,75580,California
Stanislaus,2021-03-03,3696,112256,2219,56044,1475,56207,2,5,2895,45167,785,33308,2895,78475,California
Stanislaus,2021-03-04,5418,117674,3100,59144,2302,58509,16,21,4198,48182,1195,34503,4210,82685,California
Stanislaus,2021-03-05,4005,121679,1107,60251,2882,61391,16,37,3044,50297,944,35447,3059,85744,California
Stanislaus,2021-03-06,3569,125248,2223,62474,1253,62644,93,130,2718,52263,847,36294,2813,88557,California
Stanislaus,2021-03-07,842,126090,383,62857,423,63067,36,166,654,52771,182,36476,690,89247,California
Stanislaus,2021-03-08,1978,128068,852,63709,1037,64104,89,255,1320,53533,646,37122,1408,90655,California
Stanislaus,2021-03-09,2161,130229,890,64599,1179,65283,92,347,1625,54727,527,37649,1721,92376,California
Stanislaus,2021-03-10,5042,135271,2489,67088,2332,67615,221,568,3728,57391,1297,38946,3961,96337,California
Stanislaus,2021-03-11,5702,140973,3128,70216,2098,69713,476,1044,4128,60581,1416,40362,4606,100943,California
Stanislaus,2021-03-12,5751,146724,1225,71441,2607,72320,1919,2963,2921,62603,2813,43175,4835,105778,California
Stanislaus,2021-03-13,3372,150096,2176,73617,1128,73448,68,3031,2683,64677,682,43857,2756,108534,California
Stanislaus,2021-03-14,989,151085,593,74210,345,73793,51,3082,487,64718,500,44357,541,109075,California
Stanislaus,2021-03-15,3677,154762,1967,76177,1352,75145,358,3440,1603,64706,1979,46336,1967,111042,California
Stanislaus,2021-03-16,4897,159659,2442,78619,2044,77189,411,3851,3533,67304,1345,47681,3943,114985,California
Stanislaus,2021-03-17,4702,164361,2847,81466,1679,78868,176,4027,2884,68571,1799,49480,3066,118051,California
Stanislaus,2021-03-18,5401,169762,3408,84874,1927,80795,66,4093,2974,69335,2281,51761,3045,121096,California
Stanislaus,2021-03-19,5908,175670,1526,86400,2857,83652,1525,5618,3101,71178,2782,54543,4625,125721,California
Stanislaus,2021-03-20,3831,179501,2997,89397,766,84418,68,5686,3361,74144,463,55006,3429,129150,California
Stanislaus,2021-03-21,981,180482,881,90278,35,84453,65,5751,747,74724,232,55238,812,129962,California
Stanislaus,2021-03-22,2803,183285,1316,91594,763,85216,724,6475,1246,75152,1541,56779,1969,131931,California
Stanislaus,2021-03-23,3931,187216,2010,93604,1661,86877,260,6735,2812,77138,1102,57881,3088,135019,California
Stanislaus,2021-03-24,4520,191736,3205,96809,1247,88124,68,6803,2631,77993,1847,59728,2702,137721,California
Stanislaus,2021-03-25,4224,195960,2903,99712,1305,89429,16,6819,1813,77487,2336,62064,1830,139551,California
Stanislaus,2021-03-26,4701,200661,1331,101043,3295,92724,75,6894,2372,77651,2296,64360,2460,142011,California
Stanislaus,2021-03-27,4300,204961,2697,103740,1574,94298,29,6923,1390,76189,2894,67254,1432,143443,California
Stanislaus,2021-03-28,1096,206057,436,104176,555,94853,105,7028,345,75911,741,67995,463,143906,California
Stanislaus,2021-03-29,2956,209013,1814,105990,1103,95956,39,7067,1971,76951,977,68972,2017,145923,California
Stanislaus,2021-03-30,3642,212655,2037,108027,1578,97534,27,7094,2223,77799,1411,70383,2259,148182,California
Stanislaus,2021-03-31,5366,218021,3805,111832,1444,98978,117,7211,2747,78074,2604,72987,2879,151061,California
Stanislaus,2021-04-01,5691,223712,3813,115645,1789,100767,89,7300,2616,77742,3062,76049,2730,153791,California
Stanislaus,2021-04-02,4926,228638,1203,116848,3572,104339,151,7451,2193,77454,2650,78699,2362,156153,California
Stanislaus,2021-04-03,4516,233154,3285,120133,1194,105533,37,7488,2223,77452,2285,80984,2283,158436,California
Stanislaus,2021-04-04,1308,234462,468,120601,810,106343,30,7518,647,77484,656,81640,688,159124,California
Stanislaus,2021-04-05,3603,238065,2516,123117,837,107180,250,7768,2338,78821,1257,82897,2594,161718,California
Stanislaus,2021-04-06,5681,243746,4151,127268,1257,108437,273,8041,3032,79496,2635,85532,3310,165028,California
Stanislaus,2021-04-07,6318,250064,3582,130850,2317,110754,419,8460,2813,79242,3492,89024,3238,168266,California
Stanislaus,2021-04-08,5632,255696,3290,134140,1911,112665,431,8891,2728,79519,2887,91911,3164,171430,California
Stanislaus,2021-04-09,4769,260465,2070,136210,2333,114998,366,9257,2153,79455,2595,94506,2531,173961,California
Stanislaus,2021-04-10,6441,266906,3950,140160,858,115856,1633,10890,1971,78604,4449,98955,3598,177559,California
Stanislaus,2021-04-11,1511,268417,847,141007,531,116387,133,11023,659,78548,849,99804,793,178352,California
Stanislaus,2021-04-12,3566,271983,2024,143031,1098,117485,444,11467,1857,79156,1700,101504,2308,180660,California
Stanislaus,2021-04-13,5161,277144,3390,146421,1758,119243,13,11480,2899,79830,2230,103734,2904,183564,California
Stanislaus,2021-04-14,4608,281752,3227,149648,1381,120624,0,11480,2233,79724,2345,106079,2239,185803,California
Stanislaus,2021-04-15,5365,287117,3305,152953,2058,122682,2,11482,3235,80869,2094,108173,3239,189042,California
Stanislaus,2021-04-16,4251,291368,969,153922,3282,125964,0,11482,1796,80251,2416,110589,1798,190840,California
Stanislaus,2021-04-17,3103,294471,2070,155992,1033,126997,0,11482,1805,80773,1287,111876,1809,192649,California
Stanislaus,2021-04-18,519,294990,206,156198,313,127310,0,11482,399,81060,114,111990,401,193050,California
Stanislaus,2021-04-19,3444,298434,2445,158643,999,128309,0,11482,1648,80949,1767,113757,1656,194706,California
Stanislaus,2021-04-20,3957,302391,2401,161044,1556,129865,0,11482,1740,80500,2191,115948,1742,196448,California
Stanislaus,2021-04-21,3770,306161,2511,163555,1258,131123,1,11483,1614,79998,2123,118071,1621,198069,California
Stanislaus,2021-04-22,3930,310091,2390,165945,1540,132663,0,11483,1586,79287,2302,120373,1591,199660,California
Stanislaus,2021-04-23,3578,313669,841,166786,2737,135400,0,11483,1472,78752,2014,122387,1479,201139,California
Stanislaus,2021-04-24,3715,317384,2913,169699,802,136202,0,11483,1754,78568,1946,124333,1762,202901,California
Stanislaus,2021-04-25,933,318317,479,170178,454,136656,0,11483,686,79017,242,124575,691,203592,California
Stanislaus,2021-04-26,3159,321476,2222,172400,931,137587,6,11489,946,77778,2198,126773,959,204551,California
Stanislaus,2021-04-27,3789,325265,2655,175055,1092,138679,42,11531,1067,76183,2705,129478,1110,205661,California
Stanislaus,2021-04-28,4079,329344,2862,177917,1155,139834,62,11593,1791,75780,2273,131751,1870,207531,California
Stanislaus,2021-04-29,3422,332766,2099,180016,1275,141109,48,11641,1344,75124,2065,133816,1409,208940,California
Stanislaus,2021-04-30,4326,337092,2010,182026,2248,143357,68,11709,1736,74398,2579,136395,1853,210793,California
Stanislaus,2021-05-01,2670,339762,1926,183952,706,144063,38,11747,996,73791,1669,138064,1062,211855,California
Stanislaus,2021-05-02,980,340742,545,184497,399,144462,36,11783,470,73799,503,138567,511,212366,California
Stanislaus,2021-05-03,1840,342582,1441,185938,370,144832,29,11812,700,73415,1132,139699,748,213114,California
Stanislaus,2021-05-04,2762,345344,1945,187883,764,145596,53,11865,796,72336,1959,141658,880,213994,California
Stanislaus,2021-05-05,2037,347381,1401,189284,597,146193,39,11904,644,71642,1381,143039,687,214681,California
Sutter,2020-12-15,1,1,1,1,0,0,0,0,1,1,0,0,1,1,California
Sutter,2020-12-16,4,5,4,5,0,0,0,0,4,5,0,0,4,5,California
Sutter,2020-12-17,2,7,2,7,0,0,0,0,2,7,0,0,2,7,California
Sutter,2020-12-18,20,27,20,27,0,0,0,0,20,27,0,0,20,27,California
Sutter,2020-12-19,44,71,44,71,0,0,0,0,44,71,0,0,44,71,California
Sutter,2020-12-20,42,113,42,113,0,0,0,0,42,113,0,0,42,113,California
Sutter,2020-12-21,100,213,100,213,0,0,0,0,100,213,0,0,100,213,California
Sutter,2020-12-22,172,385,172,385,0,0,0,0,172,385,0,0,172,385,California
Sutter,2020-12-23,116,501,111,496,5,5,0,0,116,501,0,0,116,501,California
Sutter,2020-12-24,17,518,11,507,6,11,0,0,17,518,0,0,17,518,California
Sutter,2020-12-26,39,557,35,542,4,15,0,0,39,557,0,0,39,557,California
Sutter,2020-12-27,24,581,23,565,1,16,0,0,24,581,0,0,24,581,California
Sutter,2020-12-28,83,664,55,620,28,44,0,0,83,664,0,0,83,664,California
Sutter,2020-12-29,101,765,14,634,87,131,0,0,101,765,0,0,101,765,California
Sutter,2020-12-30,137,902,34,668,103,234,0,0,137,902,0,0,137,902,California
Sutter,2020-12-31,70,972,6,674,64,298,0,0,70,972,0,0,70,972,California
Sutter,2021-01-01,3,975,3,677,0,298,0,0,3,975,0,0,3,975,California
Sutter,2021-01-02,133,1108,131,808,2,300,0,0,133,1108,0,0,133,1108,California
Sutter,2021-01-03,1,1109,0,808,1,301,0,0,1,1109,0,0,1,1109,California
Sutter,2021-01-04,247,1356,139,947,108,409,0,0,247,1356,0,0,247,1356,California
Sutter,2021-01-05,99,1455,56,1003,43,452,0,0,97,1451,2,2,97,1453,California
Sutter,2021-01-06,204,1659,50,1053,154,606,0,0,199,1645,5,7,199,1652,California
Sutter,2021-01-07,252,1911,151,1204,101,707,0,0,243,1880,8,15,243,1895,California
Sutter,2021-01-08,147,2058,40,1244,107,814,0,0,130,1993,17,32,130,2025,California
Sutter,2021-01-09,45,2103,43,1287,2,816,0,0,4,1956,41,73,4,2029,California
Sutter,2021-01-10,397,2500,37,1324,360,1176,0,0,359,2278,37,110,359,2388,California
Sutter,2021-01-11,132,2632,114,1438,18,1194,0,0,26,2198,106,216,26,2414,California
Sutter,2021-01-12,201,2833,164,1602,37,1231,0,0,58,2113,143,359,58,2472,California
Sutter,2021-01-13,161,2994,98,1700,63,1294,0,0,71,2095,89,448,71,2543,California
Sutter,2021-01-14,145,3139,49,1749,96,1390,0,0,126,2202,19,467,126,2669,California
Sutter,2021-01-15,436,3575,132,1881,304,1694,0,0,421,2608,15,482,421,3090,California
Sutter,2021-01-16,385,3960,42,1923,343,2037,0,0,353,2930,31,513,353,3443,California
Sutter,2021-01-17,26,3986,24,1947,2,2039,0,0,10,2924,16,529,10,3453,California
Sutter,2021-01-18,116,4102,61,2008,55,2094,0,0,69,2946,47,576,69,3522,California
Sutter,2021-01-19,104,4206,43,2051,61,2155,0,0,79,3000,25,601,79,3601,California
Sutter,2021-01-20,255,4461,190,2241,65,2220,0,0,235,3215,20,621,235,3836,California
Sutter,2021-01-21,471,4932,303,2544,168,2388,0,0,452,3648,19,640,452,4288,California
Sutter,2021-01-22,269,5201,81,2625,188,2576,0,0,260,3899,9,649,260,4548,California
Sutter,2021-01-23,398,5599,40,2665,358,2934,0,0,371,4243,27,676,371,4919,California
Sutter,2021-01-24,17,5616,14,2679,3,2937,0,0,15,4256,2,678,15,4934,California
Sutter,2021-01-25,307,5923,197,2876,110,3047,0,0,152,4254,154,832,152,5086,California
Sutter,2021-01-26,244,6167,103,2979,141,3188,0,0,145,4301,98,930,145,5231,California
Sutter,2021-01-27,386,6553,255,3234,131,3319,0,0,320,4555,66,996,320,5551,California
Sutter,2021-01-28,525,7078,301,3535,224,3543,0,0,395,4821,129,1125,395,5946,California
Sutter,2021-01-29,419,7497,146,3681,273,3816,0,0,254,4910,165,1290,254,6200,California
Sutter,2021-01-30,775,8272,38,3719,737,4553,0,0,764,5663,11,1301,764,6964,California
Sutter,2021-01-31,27,8299,27,3746,0,4553,0,0,27,5690,0,1301,27,6991,California
Sutter,2021-02-01,165,8464,49,3795,116,4669,0,0,134,5793,31,1332,134,7125,California
Sutter,2021-02-02,244,8708,27,3822,217,4886,0,0,212,5973,32,1364,212,7337,California
Sutter,2021-02-03,443,9151,38,3860,405,5291,0,0,209,5948,234,1598,209,7546,California
Sutter,2021-02-04,670,9821,366,4226,304,5595,0,0,620,6518,50,1648,620,8166,California
Sutter,2021-02-05,285,10106,32,4258,253,5848,0,0,136,6505,149,1797,136,8302,California
Sutter,2021-02-06,734,10840,29,4287,705,6553,0,0,713,7197,21,1818,713,9015,California
Sutter,2021-02-07,23,10863,20,4307,3,6556,0,0,19,7212,4,1822,19,9034,California
Sutter,2021-02-08,134,10997,29,4336,105,6661,0,0,98,7274,36,1858,98,9132,California
Sutter,2021-02-09,245,11242,45,4381,200,6861,0,0,184,7397,61,1919,184,9316,California
Sutter,2021-02-10,818,12060,379,4760,439,7300,0,0,177,6934,640,2559,177,9493,California
Sutter,2021-02-11,604,12664,275,5035,329,7629,0,0,346,7022,258,2817,346,9839,California
Sutter,2021-02-12,633,13297,67,5102,566,8195,0,0,310,7010,322,3139,310,10149,California
Sutter,2021-02-13,898,14195,49,5151,849,9044,0,0,781,7674,117,3256,781,10930,California
Sutter,2021-02-14,90,14285,25,5176,65,9109,0,0,80,7744,10,3266,80,11010,California
Sutter,2021-02-15,198,14483,73,5249,125,9234,0,0,119,7784,79,3345,119,11129,California
Sutter,2021-02-16,289,14772,45,5294,244,9478,0,0,205,7906,83,3428,205,11334,California
Sutter,2021-02-17,823,15595,428,5722,395,9873,0,0,129,7341,694,4122,129,11463,California
Sutter,2021-02-18,699,16294,55,5777,644,10517,0,0,489,7621,209,4331,489,11952,California
Sutter,2021-02-19,664,16958,377,6154,287,10804,0,0,462,7883,200,4531,462,12414,California
Sutter,2021-02-20,617,17575,51,6205,566,11370,0,0,514,8295,102,4633,514,12928,California
Sutter,2021-02-21,29,17604,26,6231,3,11373,0,0,6,8278,23,4656,6,12934,California
Sutter,2021-02-22,207,17811,122,6353,85,11458,0,0,87,8245,120,4776,87,13021,California
Sutter,2021-02-23,224,18035,33,6386,191,11649,0,0,98,8217,126,4902,98,13119,California
Sutter,2021-02-24,958,18993,348,6734,610,12259,0,0,189,7638,768,5670,189,13308,California
Sutter,2021-02-25,778,19771,492,7226,286,12545,0,0,597,8057,178,5848,597,13905,California
Sutter,2021-02-26,368,20139,59,7285,309,12854,0,0,152,7995,214,6062,152,14057,California
Sutter,2021-02-27,865,21004,44,7329,821,13675,0,0,710,8548,157,6219,710,14767,California
Sutter,2021-02-28,83,21087,38,7367,45,13720,0,0,64,8594,18,6237,64,14831,California
Sutter,2021-03-01,248,21335,62,7429,186,13906,0,0,151,8648,97,6334,151,14982,California
Sutter,2021-03-02,334,21669,57,7486,277,14183,0,0,160,8635,173,6507,160,15142,California
Sutter,2021-03-03,1384,23053,514,8000,870,15053,0,0,647,8551,731,7238,647,15789,California
Sutter,2021-03-04,1256,24309,868,8868,388,15441,0,0,950,9199,302,7540,950,16739,California
Sutter,2021-03-05,336,24645,76,8944,259,15700,1,1,203,9271,132,7672,204,16943,California
Sutter,2021-03-06,1025,25670,46,8990,974,16674,5,6,863,9977,162,7834,868,17811,California
Sutter,2021-03-07,64,25734,23,9013,40,16714,1,7,44,10002,20,7854,45,17856,California
Sutter,2021-03-08,224,25958,77,9090,135,16849,12,19,156,10102,68,7922,168,18024,California
Sutter,2021-03-09,386,26344,136,9226,237,17086,13,32,183,10096,202,8124,196,18220,California
Sutter,2021-03-10,1569,27913,682,9908,826,17912,61,93,526,9643,1040,9164,587,18807,California
Sutter,2021-03-11,891,28804,438,10346,434,18346,19,112,646,10066,242,9406,665,19472,California
Sutter,2021-03-12,671,29475,109,10455,380,18726,182,294,198,9974,470,9876,378,19850,California
Sutter,2021-03-13,982,30457,749,11204,216,18942,17,311,782,10575,198,10074,799,20649,California
Sutter,2021-03-14,128,30585,21,11225,96,19038,11,322,43,10544,85,10159,54,20703,California
Sutter,2021-03-15,318,30903,66,11291,203,19241,49,371,151,10578,166,10325,200,20903,California
Sutter,2021-03-16,387,31290,86,11377,254,19495,47,418,210,10657,177,10502,256,21159,California
Sutter,2021-03-17,1496,32786,564,11941,913,20408,19,437,311,9810,1177,11679,330,21489,California
Sutter,2021-03-18,955,33741,168,12109,587,20995,200,637,564,10183,390,12069,763,22252,California
Sutter,2021-03-19,463,34204,164,12273,270,21265,29,666,283,10317,178,12247,312,22564,California
Sutter,2021-03-20,953,35157,116,12389,826,22091,11,677,865,11105,88,12335,876,23440,California
Sutter,2021-03-21,67,35224,47,12436,17,22108,3,680,37,11115,30,12365,40,23480,California
Sutter,2021-03-22,287,35511,121,12557,140,22248,26,706,211,11277,75,12440,237,23717,California
Sutter,2021-03-23,376,35887,115,12672,229,22477,32,738,253,11439,123,12563,285,24002,California
Sutter,2021-03-24,1684,37571,773,13445,841,23318,70,808,317,10473,1353,13916,387,24389,California
Sutter,2021-03-25,1037,38608,678,14123,318,23636,41,849,367,10213,668,14584,408,24797,California
Sutter,2021-03-26,482,39090,171,14294,294,23930,17,866,292,10335,187,14771,309,25106,California
Sutter,2021-03-27,934,40024,63,14357,869,24799,2,868,826,11058,105,14876,828,25934,California
Sutter,2021-03-28,125,40149,71,14428,54,24853,0,868,78,11091,45,14921,78,26012,California
Sutter,2021-03-29,425,40574,143,14571,227,25080,55,923,225,11173,198,15119,280,26292,California
Sutter,2021-03-30,478,41052,159,14730,309,25389,10,933,319,11343,159,15278,329,26621,California
Sutter,2021-03-31,1245,42297,175,14905,1054,26443,16,949,444,11011,791,16069,459,27080,California
Sutter,2021-04-01,1373,43670,727,15632,458,26901,188,1137,416,10665,950,17019,604,27684,California
Sutter,2021-04-02,515,44185,99,15731,298,27199,118,1255,205,10676,309,17328,320,28004,California
Sutter,2021-04-03,909,45094,76,15807,209,27408,624,1879,119,10631,788,18116,743,28747,California
Sutter,2021-04-04,117,45211,22,15829,89,27497,6,1885,54,10628,63,18179,60,28807,California
Sutter,2021-04-05,366,45577,143,15972,187,27684,36,1921,175,10652,187,18366,211,29018,California
Sutter,2021-04-06,510,46087,196,16168,258,27942,56,1977,274,10747,235,18601,330,29348,California
Sutter,2021-04-07,1476,47563,869,17037,532,28474,75,2052,612,10576,858,19459,687,30035,California
Sutter,2021-04-08,1026,48589,577,17614,340,28814,109,2161,563,10788,458,19917,670,30705,California
Sutter,2021-04-09,555,49144,245,17859,247,29061,63,2224,233,10764,320,20237,296,31001,California
Sutter,2021-04-10,817,49961,105,17964,87,29148,625,2849,105,10777,710,20947,723,31724,California
Sutter,2021-04-11,108,50069,26,17990,40,29188,42,2891,30,10771,78,21025,72,31796,California
Sutter,2021-04-12,337,50406,91,18081,192,29380,54,2945,137,10762,200,21225,191,31987,California
Sutter,2021-04-13,426,50832,123,18204,303,29683,0,2945,210,10758,214,21439,210,32197,California
Sutter,2021-04-14,1293,52125,160,18364,1132,30815,1,2946,213,9899,1074,22513,215,32412,California
Sutter,2021-04-15,527,52652,171,18535,356,31171,0,2946,211,9796,314,22827,211,32623,California
Sutter,2021-04-16,386,53038,115,18650,271,31442,0,2946,175,9761,210,23037,175,32798,California
Sutter,2021-04-17,572,53610,82,18732,490,31932,0,2946,500,10192,69,23106,500,33298,California
Sutter,2021-04-18,67,53677,8,18740,59,31991,0,2946,42,10210,24,23130,42,33340,California
Sutter,2021-04-19,289,53966,110,18850,179,32170,0,2946,121,10165,166,23296,121,33461,California
Sutter,2021-04-20,390,54356,135,18985,255,32425,0,2946,202,10180,187,23483,202,33663,California
Sutter,2021-04-21,1241,55597,423,19408,818,33243,0,2946,478,9904,754,24237,478,34141,California
Sutter,2021-04-22,466,56063,158,19566,308,33551,0,2946,246,9931,219,24456,246,34387,California
Sutter,2021-04-23,393,56456,111,19677,282,33833,0,2946,186,9911,206,24662,186,34573,California
Sutter,2021-04-24,324,56780,105,19782,219,34052,0,2946,185,9958,138,24800,185,34758,California
Sutter,2021-04-25,158,56938,76,19858,82,34134,0,2946,86,9975,69,24869,86,34844,California
Sutter,2021-04-26,259,57197,60,19918,197,34331,2,2948,114,9948,143,25012,116,34960,California
Sutter,2021-04-27,488,57685,232,20150,252,34583,4,2952,226,9920,259,25271,231,35191,California
Sutter,2021-04-28,782,58467,321,20471,453,35036,8,2960,235,9622,541,25812,243,35434,California
Sutter,2021-04-29,643,59110,124,20595,519,35555,0,2960,253,9487,388,26200,253,35687,California
Sutter,2021-04-30,345,59455,110,20705,222,35777,13,2973,147,9451,196,26396,160,35847,California
Sutter,2021-05-01,298,59753,107,20812,150,35927,41,3014,127,9451,168,26564,168,36015,California
Sutter,2021-05-02,58,59811,30,20842,26,35953,2,3016,30,9456,27,26591,32,36047,California
Sutter,2021-05-03,53,59864,9,20851,39,35992,5,3021,26,9462,25,26616,31,36078,California
Sutter,2021-05-04,315,60179,116,20967,146,36138,53,3074,138,9479,173,26789,190,36268,California
Sutter,2021-05-05,368,60547,30,20997,334,36472,4,3078,85,9290,278,27067,89,36357,California
Tehama,2020-12-15,1,1,1,1,0,0,0,0,1,1,0,0,1,1,California
Tehama,2020-12-16,2,3,2,3,0,0,0,0,2,3,0,0,2,3,California
Tehama,2020-12-17,12,15,12,15,0,0,0,0,12,15,0,0,12,15,California
Tehama,2020-12-18,2,17,2,17,0,0,0,0,3,18,0,0,3,18,California
Tehama,2020-12-21,33,50,33,50,0,0,0,0,33,51,0,0,33,51,California
Tehama,2020-12-22,68,118,62,112,6,6,0,0,68,119,0,0,68,119,California
Tehama,2020-12-23,48,166,40,152,8,14,0,0,48,167,0,0,48,167,California
Tehama,2020-12-24,5,171,3,155,2,16,0,0,5,172,0,0,5,172,California
Tehama,2020-12-26,3,174,2,157,1,17,0,0,3,175,0,0,3,175,California
Tehama,2020-12-27,2,176,2,159,0,17,0,0,2,177,0,0,2,177,California
Tehama,2020-12-28,56,232,43,202,13,30,0,0,56,233,0,0,56,233,California
Tehama,2020-12-29,31,263,31,233,0,30,0,0,31,264,0,0,31,264,California
Tehama,2020-12-30,54,317,38,271,16,46,0,0,53,317,0,0,53,317,California
Tehama,2020-12-31,14,331,4,275,10,56,0,0,14,331,0,0,14,331,California
Tehama,2021-01-01,2,333,0,275,2,58,0,0,2,333,0,0,2,333,California
Tehama,2021-01-04,32,365,9,284,23,81,0,0,32,365,0,0,32,365,California
Tehama,2021-01-05,70,435,43,327,27,108,0,0,67,429,3,3,67,432,California
Tehama,2021-01-06,71,506,21,348,50,158,0,0,62,483,8,11,62,494,California
Tehama,2021-01-07,57,563,7,355,50,208,0,0,56,538,1,12,56,550,California
Tehama,2021-01-08,32,595,24,379,8,216,0,0,27,560,5,17,27,577,California
Tehama,2021-01-09,7,602,5,384,2,218,0,0,5,563,2,19,5,582,California
Tehama,2021-01-10,1,603,0,384,1,219,0,0,1,564,0,19,1,583,California
Tehama,2021-01-11,48,651,46,430,2,221,0,0,15,546,33,52,15,598,California
Tehama,2021-01-12,116,767,96,526,20,241,0,0,71,572,45,97,71,669,California
Tehama,2021-01-13,73,840,55,581,18,259,0,0,27,553,46,143,27,696,California
Tehama,2021-01-14,225,1065,50,631,175,434,0,0,223,774,2,145,223,919,California
Tehama,2021-01-15,247,1312,74,705,173,607,0,0,243,1013,4,149,243,1162,California
Tehama,2021-01-16,272,1584,27,732,245,852,0,0,269,1279,3,152,269,1431,California
Tehama,2021-01-17,13,1597,9,741,4,856,0,0,11,1288,2,154,11,1442,California
Tehama,2021-01-18,10,1607,6,747,4,860,0,0,5,1288,5,159,5,1447,California
Tehama,2021-01-19,288,1895,62,809,226,1086,0,0,233,1466,55,214,233,1680,California
Tehama,2021-01-20,301,2196,87,896,214,1300,0,0,251,1668,49,263,251,1931,California
Tehama,2021-01-21,214,2410,11,907,203,1503,0,0,204,1862,10,273,204,2135,California
Tehama,2021-01-22,220,2630,18,925,202,1705,0,0,217,2076,3,276,217,2352,California
Tehama,2021-01-23,261,2891,10,935,251,1956,0,0,260,2335,1,277,260,2612,California
Tehama,2021-01-25,32,2923,14,949,18,1974,0,0,14,2331,18,295,14,2626,California
Tehama,2021-01-26,323,3246,42,991,281,2255,0,0,286,2580,37,332,286,2912,California
Tehama,2021-01-27,299,3545,21,1012,278,2533,0,0,279,2839,20,352,279,3191,California
Tehama,2021-01-28,340,3885,29,1041,311,2844,0,0,325,3149,15,367,325,3516,California
Tehama,2021-01-29,321,4206,19,1060,302,3146,0,0,304,3436,17,384,304,3820,California
Tehama,2021-01-30,103,4309,2,1062,101,3247,0,0,102,3537,1,385,102,3922,California
Tehama,2021-01-31,1,4310,0,1062,1,3248,0,0,1,3538,0,385,1,3923,California
Tehama,2021-02-01,78,4388,22,1084,56,3304,0,0,36,3532,42,427,36,3959,California
Tehama,2021-02-02,345,4733,63,1147,282,3586,0,0,248,3686,94,521,248,4207,California
Tehama,2021-02-03,381,5114,12,1159,369,3955,0,0,337,3979,44,565,337,4544,California
Tehama,2021-02-04,470,5584,98,1257,372,4327,0,0,391,4292,79,644,392,4936,California
Tehama,2021-02-05,171,5755,73,1330,98,4425,0,0,110,4342,61,705,111,5047,California
Tehama,2021-02-06,28,5783,13,1343,15,4440,0,0,16,4346,12,717,16,5063,California
Tehama,2021-02-07,5,5788,4,1347,1,4441,0,0,2,4345,3,720,2,5065,California
Tehama,2021-02-08,36,5824,14,1361,22,4463,0,0,27,4363,9,729,27,5092,California
Tehama,2021-02-09,78,5902,34,1395,44,4507,0,0,44,4373,34,763,44,5136,California
Tehama,2021-02-10,234,6136,62,1457,172,4679,0,0,158,4455,76,839,158,5294,California
Tehama,2021-02-11,222,6358,16,1473,206,4885,0,0,82,4399,138,977,82,5376,California
Tehama,2021-02-12,361,6719,62,1535,299,5184,0,0,174,4387,187,1164,175,5551,California
Tehama,2021-02-13,386,7105,13,1548,373,5557,0,0,147,4295,239,1403,147,5698,California
Tehama,2021-02-14,33,7138,0,1548,33,5590,0,0,32,4326,1,1404,32,5730,California
Tehama,2021-02-15,51,7189,9,1557,42,5632,0,0,45,4365,6,1410,45,5775,California
Tehama,2021-02-16,242,7431,16,1573,226,5858,0,0,60,4243,182,1592,60,5835,California
Tehama,2021-02-17,280,7711,12,1585,268,6126,0,0,54,4071,226,1818,54,5889,California
Tehama,2021-02-18,368,8079,32,1617,336,6462,0,0,144,3991,224,2042,144,6033,California
Tehama,2021-02-19,213,8292,18,1635,195,6657,0,0,42,3862,171,2213,42,6075,California
Tehama,2021-02-20,271,8563,6,1641,265,6922,0,0,26,3643,245,2458,26,6101,California
Tehama,2021-02-22,37,8600,13,1654,24,6946,0,0,24,3654,13,2471,24,6125,California
Tehama,2021-02-23,46,8646,19,1673,27,6973,0,0,26,3660,20,2491,26,6151,California
Tehama,2021-02-24,298,8944,12,1685,286,7259,0,0,26,3414,272,2763,26,6177,California
Tehama,2021-02-25,377,9321,61,1746,316,7575,0,0,38,3113,339,3102,38,6215,California
Tehama,2021-02-26,455,9776,19,1765,436,8011,0,0,70,2798,385,3487,70,6285,California
Tehama,2021-02-27,294,10070,5,1770,289,8300,0,0,34,2572,260,3747,34,6319,California
Tehama,2021-02-28,23,10093,2,1772,21,8321,0,0,20,2589,3,3750,20,6339,California
Tehama,2021-03-01,65,10158,8,1780,57,8378,0,0,31,2586,34,3784,31,6370,California
Tehama,2021-03-02,128,10286,18,1798,110,8488,0,0,30,2518,98,3882,30,6400,California
Tehama,2021-03-03,140,10426,33,1831,107,8595,0,0,47,2472,93,3975,47,6447,California
Tehama,2021-03-04,615,11041,36,1867,579,9174,0,0,223,2310,385,4360,223,6670,California
Tehama,2021-03-05,393,11434,18,1885,375,9549,0,0,215,2348,177,4537,215,6885,California
Tehama,2021-03-06,299,11733,17,1902,282,9831,0,0,81,2213,217,4754,82,6967,California
Tehama,2021-03-07,5,11738,1,1903,4,9835,0,0,3,2215,1,4755,3,6970,California
Tehama,2021-03-08,58,11796,12,1915,31,9866,15,15,27,2227,30,4785,42,7012,California
Tehama,2021-03-09,365,12161,8,1923,338,10204,19,34,309,2499,56,4841,328,7340,California
Tehama,2021-03-10,351,12512,12,1935,318,10522,21,55,69,2308,281,5122,90,7430,California
Tehama,2021-03-11,487,12999,17,1952,424,10946,46,101,344,2555,143,5265,390,7820,California
Tehama,2021-03-12,304,13303,19,1971,220,11166,65,166,179,2674,125,5390,244,8064,California
Tehama,2021-03-13,45,13348,8,1979,31,11197,6,172,6,2647,39,5429,12,8076,California
Tehama,2021-03-14,51,13399,3,1982,37,11234,11,183,10,2627,41,5470,21,8097,California
Tehama,2021-03-15,151,13550,21,2003,110,11344,20,203,84,2664,67,5537,104,8201,California
Tehama,2021-03-16,410,13960,14,2017,358,11702,38,241,310,2913,99,5636,348,8549,California
Tehama,2021-03-17,422,14382,22,2039,368,12070,32,273,337,3199,83,5719,369,8918,California
Tehama,2021-03-18,486,14868,26,2065,436,12506,24,297,307,3353,177,5896,331,9249,California
Tehama,2021-03-19,315,15183,23,2088,279,12785,13,310,273,3597,42,5938,286,9535,California
Tehama,2021-03-20,40,15223,8,2096,30,12815,2,312,28,3615,12,5950,30,9565,California
Tehama,2021-03-21,12,15235,5,2101,7,12822,0,312,12,3627,0,5950,12,9577,California
Tehama,2021-03-22,90,15325,7,2108,66,12888,17,329,49,3652,41,5991,66,9643,California
Tehama,2021-03-23,87,15412,26,2134,54,12942,7,336,68,3708,19,6010,75,9718,California
Tehama,2021-03-24,86,15498,16,2150,68,13010,2,338,55,3734,31,6041,57,9775,California
Tehama,2021-03-25,516,16014,353,2503,150,13160,13,351,468,4168,47,6088,481,10256,California
Tehama,2021-03-26,481,16495,374,2877,95,13255,12,363,406,4511,75,6163,418,10674,California
Tehama,2021-03-27,440,16935,348,3225,67,13322,25,388,373,4843,66,6229,398,11072,California
Tehama,2021-03-28,34,16969,13,3238,21,13343,0,388,22,4853,12,6241,22,11094,California
Tehama,2021-03-29,123,17092,32,3270,90,13433,1,389,78,4887,44,6285,78,11172,California
Tehama,2021-03-30,369,17461,218,3488,149,13582,2,391,251,5022,118,6403,253,11425,California
Tehama,2021-03-31,379,17840,278,3766,98,13680,3,394,307,5260,71,6474,309,11734,California
Tehama,2021-04-01,526,18366,246,4012,274,13954,6,400,392,5524,134,6608,398,12132,California
Tehama,2021-04-02,454,18820,214,4226,234,14188,6,406,270,5615,184,6792,275,12407,California
Tehama,2021-04-03,61,18881,3,4229,53,14241,5,411,30,5619,31,6823,35,12442,California
Tehama,2021-04-04,34,18915,6,4235,27,14268,1,412,22,5630,12,6835,23,12465,California
Tehama,2021-04-05,114,19029,20,4255,68,14336,26,438,59,5660,55,6890,85,12550,California
Tehama,2021-04-06,488,19517,109,4364,328,14664,51,489,138,5499,350,7240,189,12739,California
Tehama,2021-04-07,421,19938,282,4646,95,14759,44,533,307,5736,113,7353,350,13089,California
Tehama,2021-04-08,600,20538,173,4819,389,15148,38,571,228,5631,371,7724,266,13355,California
Tehama,2021-04-09,425,20963,188,5007,204,15352,33,604,210,5661,213,7937,243,13598,California
Tehama,2021-04-10,72,21035,9,5016,37,15389,26,630,39,5693,33,7970,65,13663,California
Tehama,2021-04-11,33,21068,7,5023,15,15404,11,641,8,5687,25,7995,19,13682,California
Tehama,2021-04-12,113,21181,6,5029,88,15492,19,660,44,5681,69,8064,63,13745,California
Tehama,2021-04-13,298,21479,58,5087,240,15732,0,660,64,5511,234,8298,64,13809,California
Tehama,2021-04-14,466,21945,49,5136,417,16149,0,660,51,5148,414,8712,51,13860,California
Tehama,2021-04-15,495,22440,192,5328,303,16452,0,660,83,4819,412,9124,83,13943,California
Tehama,2021-04-16,585,23025,333,5661,252,16704,0,660,94,4422,491,9615,94,14037,California
Tehama,2021-04-17,345,23370,266,5927,79,16783,0,660,51,4181,293,9908,52,14089,California
Tehama,2021-04-18,16,23386,2,5929,14,16797,0,660,12,4189,4,9912,12,14101,California
Tehama,2021-04-19,93,23479,7,5936,86,16883,0,660,41,4178,52,9964,41,14142,California
Tehama,2021-04-20,500,23979,412,6348,88,16971,0,660,149,3980,349,10313,151,14293,California
Tehama,2021-04-21,511,24490,437,6785,74,17045,0,660,184,3837,327,10640,184,14477,California
Tehama,2021-04-22,508,24998,358,7143,150,17195,0,660,148,3626,359,10999,148,14625,California
Tehama,2021-04-23,445,25443,347,7490,98,17293,0,660,204,3590,241,11240,205,14830,California
Tehama,2021-04-24,104,25547,18,7508,86,17379,0,660,30,3546,74,11314,30,14860,California
Tehama,2021-04-25,29,25576,18,7526,11,17390,0,660,11,3539,18,11332,11,14871,California
Tehama,2021-04-26,72,25648,7,7533,65,17455,0,660,43,3553,29,11361,43,14914,California
Tehama,2021-04-27,249,25897,204,7737,45,17500,0,660,93,3490,156,11517,93,15007,California
Tehama,2021-04-28,366,26263,287,8024,62,17562,17,677,60,3261,306,11823,77,15084,California
Tehama,2021-04-29,290,26553,131,8155,154,17716,5,682,56,3089,233,12056,61,15145,California
Tehama,2021-04-30,298,26851,222,8377,72,17788,4,686,104,3003,194,12250,108,15253,California
Tehama,2021-05-01,76,26927,7,8384,67,17855,2,688,19,2967,57,12307,21,15274,California
Tehama,2021-05-02,43,26970,21,8405,10,17865,12,700,24,2984,19,12326,36,15310,California
Tehama,2021-05-03,92,27062,25,8430,61,17926,6,706,54,3007,37,12363,60,15370,California
Tehama,2021-05-04,124,27186,48,8478,70,17996,6,712,49,2987,75,12438,55,15425,California
Tehama,2021-05-05,54,27240,15,8493,31,18027,8,720,17,2975,37,12475,25,15450,California
Trinity,2020-12-17,4,4,4,4,0,0,0,0,4,4,0,0,4,4,California
Trinity,2020-12-18,2,6,2,6,0,0,0,0,2,6,0,0,2,6,California
Trinity,2020-12-21,39,45,39,45,0,0,0,0,39,45,0,0,39,45,California
Trinity,2020-12-22,5,50,5,50,0,0,0,0,5,50,0,0,5,50,California
Trinity,2020-12-23,5,55,5,55,0,0,0,0,5,55,0,0,5,55,California
Trinity,2020-12-28,30,85,30,85,0,0,0,0,30,85,0,0,30,85,California
Trinity,2020-12-29,8,93,7,92,1,1,0,0,8,93,0,0,8,93,California
Trinity,2020-12-30,10,103,8,100,2,3,0,0,10,103,0,0,10,103,California
Trinity,2020-12-31,2,105,1,101,1,4,0,0,2,105,0,0,2,105,California
Trinity,2021-01-04,27,132,0,101,27,31,0,0,26,131,0,0,26,131,California
Trinity,2021-01-05,2,134,1,102,1,32,0,0,2,133,0,0,2,133,California
Trinity,2021-01-06,24,158,4,106,20,52,0,0,20,149,4,4,20,153,California
Trinity,2021-01-08,49,207,2,108,47,99,0,0,48,195,2,6,48,201,California
Trinity,2021-01-11,42,249,39,147,3,102,0,0,4,161,38,44,4,205,California
Trinity,2021-01-12,9,258,7,154,2,104,0,0,4,160,5,49,4,209,California
Trinity,2021-01-13,7,265,4,158,3,107,0,0,4,161,3,52,4,213,California
Trinity,2021-01-14,4,269,1,159,3,110,0,0,4,165,0,52,4,217,California
Trinity,2021-01-15,4,273,0,159,4,114,0,0,4,169,0,52,4,221,California
Trinity,2021-01-16,4,277,0,159,4,118,0,0,4,173,0,52,4,225,California
Trinity,2021-01-18,31,308,31,190,0,118,0,0,1,144,30,82,1,226,California
Trinity,2021-01-19,96,404,14,204,82,200,0,0,82,212,14,96,82,308,California
Trinity,2021-01-20,19,423,3,207,16,216,0,0,17,227,2,98,17,325,California
Trinity,2021-01-21,17,440,7,214,10,226,0,0,17,244,0,98,17,342,California
Trinity,2021-01-22,5,445,1,215,4,230,0,0,5,249,0,98,5,347,California
Trinity,2021-01-23,7,452,3,218,4,234,0,0,7,256,0,98,7,354,California
Trinity,2021-01-25,14,466,1,219,13,247,0,0,13,268,1,99,13,367,California
Trinity,2021-01-26,10,476,1,220,9,256,0,0,9,276,1,100,9,376,California
Trinity,2021-01-27,12,488,0,220,12,268,0,0,12,288,0,100,12,388,California
Trinity,2021-01-28,13,501,3,223,10,278,0,0,10,295,3,103,10,398,California
Trinity,2021-01-29,3,504,1,224,2,280,0,0,2,296,1,104,2,400,California
Trinity,2021-01-30,12,516,11,235,1,281,0,0,12,308,0,104,12,412,California
Trinity,2021-02-01,2,518,1,236,1,282,0,0,1,308,1,105,1,413,California
Trinity,2021-02-02,13,531,3,239,10,292,0,0,13,321,0,105,13,426,California
Trinity,2021-02-03,6,537,1,240,5,297,0,0,3,321,3,108,3,429,California
Trinity,2021-02-04,42,579,32,272,10,307,0,0,35,349,7,115,35,464,California
Trinity,2021-02-05,350,929,0,272,350,657,0,0,320,639,30,145,320,784,California
Trinity,2021-02-06,210,1139,5,277,205,862,0,0,203,835,7,152,203,987,California
Trinity,2021-02-07,1,1140,0,277,1,863,0,0,1,836,0,152,1,988,California
Trinity,2021-02-08,25,1165,0,277,25,888,0,0,15,841,10,162,15,1003,California
Trinity,2021-02-09,27,1192,2,279,25,913,0,0,11,836,16,178,11,1014,California
Trinity,2021-02-10,122,1314,10,289,112,1025,0,0,102,918,20,198,102,1116,California
Trinity,2021-02-11,339,1653,2,291,337,1362,0,0,332,1243,7,205,332,1448,California
Trinity,2021-02-12,14,1667,6,297,8,1370,0,0,10,1249,4,209,10,1458,California
Trinity,2021-02-13,12,1679,5,302,7,1377,0,0,5,1247,7,216,5,1463,California
Trinity,2021-02-14,2,1681,2,304,0,1377,0,0,2,1249,0,216,2,1465,California
Trinity,2021-02-15,47,1728,0,304,47,1424,0,0,47,1296,0,216,47,1512,California
Trinity,2021-02-16,6,1734,2,306,4,1428,0,0,3,1296,3,219,3,1515,California
Trinity,2021-02-17,94,1828,2,308,92,1520,0,0,84,1370,10,229,84,1599,California
Trinity,2021-02-18,4,1832,0,308,4,1524,0,0,1,1368,3,232,1,1600,California
Trinity,2021-02-19,304,2136,2,310,302,1826,0,0,290,1644,14,246,290,1890,California
Trinity,2021-02-20,141,2277,14,324,127,1953,0,0,113,1729,28,274,113,2003,California
Trinity,2021-02-22,8,2285,0,324,8,1961,0,0,5,1731,3,277,5,2008,California
Trinity,2021-02-23,11,2296,4,328,7,1968,0,0,6,1732,5,282,6,2014,California
Trinity,2021-02-24,30,2326,8,336,22,1990,0,0,7,1716,23,305,7,2021,California
Trinity,2021-02-25,36,2362,23,359,13,2003,0,0,5,1690,31,336,5,2026,California
Trinity,2021-02-26,11,2373,1,360,10,2013,0,0,5,1689,6,342,5,2031,California
Trinity,2021-02-27,9,2382,7,367,2,2015,0,0,4,1688,5,347,4,2035,California
Trinity,2021-03-01,9,2391,0,367,9,2024,0,0,5,1689,4,351,5,2040,California
Trinity,2021-03-02,9,2400,3,370,6,2030,0,0,2,1684,7,358,2,2042,California
Trinity,2021-03-03,5,2405,0,370,5,2035,0,0,4,1687,1,359,4,2046,California
Trinity,2021-03-04,24,2429,19,389,5,2040,0,0,14,1691,10,369,14,2060,California
Trinity,2021-03-05,388,2817,1,390,387,2427,0,0,121,1549,263,632,121,2181,California
Trinity,2021-03-06,202,3019,7,397,195,2622,0,0,27,1401,175,807,27,2208,California
Trinity,2021-03-07,4,3023,3,400,1,2623,0,0,3,1403,1,808,3,2211,California
Trinity,2021-03-08,3,3026,0,400,2,2625,1,1,1,1403,2,810,2,2213,California
Trinity,2021-03-09,94,3120,0,400,92,2717,2,3,89,1489,5,815,91,2304,California
Trinity,2021-03-10,126,3246,3,403,120,2837,3,6,38,1442,88,903,41,2345,California
Trinity,2021-03-11,14,3260,4,407,8,2845,2,8,5,1440,9,912,7,2352,California
Trinity,2021-03-12,385,3645,5,412,374,3219,6,14,90,1241,295,1207,96,2448,California
Trinity,2021-03-13,13,3658,8,420,3,3222,2,16,8,1246,5,1212,10,2458,California
Trinity,2021-03-14,2,3660,0,420,2,3224,0,16,2,1248,0,1212,2,2460,California
Trinity,2021-03-15,67,3727,0,420,66,3290,1,17,14,1210,53,1265,15,2475,California
Trinity,2021-03-16,115,3842,7,427,108,3398,0,17,101,1297,14,1279,101,2576,California
Trinity,2021-03-17,100,3942,3,430,97,3495,0,17,26,1249,74,1353,26,2602,California
Trinity,2021-03-18,10,3952,2,432,5,3500,3,20,5,1252,5,1358,8,2610,California
Trinity,2021-03-19,459,4411,4,436,345,3845,110,130,36,975,423,1781,146,2756,California
Trinity,2021-03-20,104,4515,7,443,97,3942,0,130,69,1010,34,1815,69,2825,California
Trinity,2021-03-21,4,4519,0,443,3,3945,1,131,3,1013,1,1816,4,2829,California
Trinity,2021-03-22,2,4521,0,443,2,3947,0,131,2,1015,0,1816,2,2831,California
Trinity,2021-03-23,96,4617,2,445,94,4041,0,131,78,1075,18,1834,78,2909,California
Trinity,2021-03-24,12,4629,1,446,11,4052,0,131,9,1081,3,1837,9,2918,California
Trinity,2021-03-25,110,4739,8,454,96,4148,6,137,84,1145,26,1863,90,3008,California
Trinity,2021-03-26,85,4824,8,462,77,4225,0,137,78,1216,7,1870,78,3086,California
Trinity,2021-03-27,18,4842,4,466,5,4230,9,146,7,1221,11,1881,16,3102,California
Trinity,2021-03-28,5,4847,3,469,2,4232,0,146,1,1218,4,1885,1,3103,California
Trinity,2021-03-29,5,4852,0,469,5,4237,0,146,2,1217,3,1888,2,3105,California
Trinity,2021-03-30,77,4929,5,474,72,4309,0,146,67,1274,10,1898,67,3172,California
Trinity,2021-03-31,56,4985,5,479,19,4328,32,178,21,1291,35,1933,52,3224,California
Trinity,2021-04-01,41,5026,11,490,19,4347,11,189,21,1303,20,1953,32,3256,California
Trinity,2021-04-02,240,5266,5,495,161,4508,74,263,70,1278,169,2122,144,3400,California
Trinity,2021-04-03,19,5285,14,509,5,4513,0,263,9,1277,10,2132,9,3409,California
Trinity,2021-04-04,10,5295,8,517,2,4515,0,263,8,1283,2,2134,8,3417,California
Trinity,2021-04-05,59,5354,6,523,52,4567,1,264,55,1335,4,2138,56,3473,California
Trinity,2021-04-06,112,5466,15,538,94,4661,3,267,24,1274,88,2226,27,3500,California
Trinity,2021-04-07,21,5487,12,550,4,4665,5,272,13,1284,8,2234,18,3518,California
Trinity,2021-04-08,87,5574,10,560,75,4740,2,274,50,1299,37,2271,52,3570,California
Trinity,2021-04-09,168,5742,20,580,143,4883,5,279,89,1314,79,2350,94,3664,California
Trinity,2021-04-10,11,5753,7,587,4,4887,0,279,10,1323,1,2351,10,3674,California
Trinity,2021-04-11,9,5762,5,592,2,4889,2,281,4,1324,5,2356,6,3680,California
Trinity,2021-04-12,77,5839,5,597,71,4960,1,282,64,1376,12,2368,64,3744,California
Trinity,2021-04-13,96,5935,4,601,92,5052,0,282,10,1300,86,2454,10,3754,California
Trinity,2021-04-14,10,5945,5,606,5,5057,0,282,6,1302,4,2458,6,3760,California
Trinity,2021-04-15,43,5988,10,616,33,5090,0,282,14,1287,29,2487,14,3774,California
Trinity,2021-04-16,143,6131,12,628,131,5221,0,282,71,1286,72,2559,71,3845,California
Trinity,2021-04-17,11,6142,5,633,6,5227,0,282,9,1293,2,2561,9,3854,California
Trinity,2021-04-18,1,6143,1,634,0,5227,0,282,0,1292,1,2562,0,3854,California
Trinity,2021-04-19,5,6148,2,636,3,5230,0,282,4,1295,1,2563,4,3858,California
Trinity,2021-04-20,92,6240,8,644,84,5314,0,282,20,1243,72,2635,20,3878,California
Trinity,2021-04-21,22,6262,9,653,13,5327,0,282,9,1239,13,2648,9,3887,California
Trinity,2021-04-22,91,6353,5,658,86,5413,0,282,14,1176,77,2725,14,3901,California
Trinity,2021-04-23,178,6531,6,664,172,5585,0,282,109,1216,69,2794,109,4010,California
Trinity,2021-04-24,21,6552,14,678,7,5592,0,282,5,1205,16,2810,5,4015,California
Trinity,2021-04-25,10,6562,9,687,1,5593,0,282,3,1202,6,2816,3,4018,California
Trinity,2021-04-26,45,6607,6,693,39,5632,0,282,40,1237,5,2821,40,4058,California
Trinity,2021-04-27,86,6693,7,700,79,5711,0,282,23,1197,63,2884,23,4081,California
Trinity,2021-04-28,30,6723,10,710,20,5731,0,282,10,1187,20,2904,10,4091,California
Trinity,2021-04-29,30,6753,13,723,16,5747,1,283,9,1176,21,2925,10,4101,California
Trinity,2021-04-30,27,6780,21,744,6,5753,0,283,9,1167,18,2943,9,4110,California
Trinity,2021-05-01,14,6794,8,752,1,5754,5,288,4,1166,10,2953,9,4119,California
Trinity,2021-05-02,8,6802,5,757,1,5755,2,290,2,1164,6,2959,4,4123,California
Trinity,2021-05-03,50,6852,6,763,44,5799,0,290,7,1128,43,3002,7,4130,California
Trinity,2021-05-04,4,6856,3,766,0,5799,1,291,2,1129,2,3004,3,4133,California
Trinity,2021-05-05,5,6861,5,771,0,5799,0,291,0,1124,5,3009,0,4133,California
Tulare,2020-12-15,1,1,1,1,0,0,0,0,1,1,0,0,1,1,California
Tulare,2020-12-16,3,4,3,4,0,0,0,0,3,4,0,0,3,4,California
Tulare,2020-12-17,110,114,110,114,0,0,0,0,110,114,0,0,110,114,California
Tulare,2020-12-18,289,403,289,403,0,0,0,0,289,403,0,0,289,403,California
Tulare,2020-12-19,328,731,328,731,0,0,0,0,328,731,0,0,328,731,California
Tulare,2020-12-20,166,897,165,896,1,1,0,0,166,897,0,0,166,897,California
Tulare,2020-12-21,423,1320,423,1319,0,1,0,0,443,1340,0,0,443,1340,California
Tulare,2020-12-22,469,1789,467,1786,2,3,0,0,468,1808,0,0,468,1808,California
Tulare,2020-12-23,328,2117,320,2106,8,11,0,0,326,2134,0,0,326,2134,California
Tulare,2020-12-24,18,2135,16,2122,2,13,0,0,18,2152,0,0,18,2152,California
Tulare,2020-12-26,8,2143,7,2129,1,14,0,0,8,2160,0,0,8,2160,California
Tulare,2020-12-27,16,2159,12,2141,4,18,0,0,16,2176,0,0,16,2176,California
Tulare,2020-12-28,481,2640,469,2610,12,30,0,0,480,2656,0,0,480,2656,California
Tulare,2020-12-29,546,3186,478,3088,68,98,0,0,546,3202,0,0,546,3202,California
Tulare,2020-12-30,474,3660,435,3523,39,137,0,0,474,3676,0,0,474,3676,California
Tulare,2020-12-31,94,3754,22,3545,72,209,0,0,94,3770,0,0,94,3770,California
Tulare,2021-01-01,2,3756,1,3546,1,210,0,0,2,3772,0,0,2,3772,California
Tulare,2021-01-02,29,3785,17,3563,12,222,0,0,29,3801,0,0,29,3801,California
Tulare,2021-01-03,23,3808,9,3572,14,236,0,0,23,3824,0,0,23,3824,California
Tulare,2021-01-04,92,3900,16,3588,76,312,0,0,92,3916,0,0,92,3916,California
Tulare,2021-01-05,460,4360,278,3866,182,494,0,0,458,4372,2,2,458,4374,California
Tulare,2021-01-06,864,5224,635,4501,229,723,0,0,854,5216,10,12,854,5228,California
Tulare,2021-01-07,781,6005,583,5084,198,921,0,0,674,5783,107,119,674,5902,California
Tulare,2021-01-08,1267,7272,575,5659,692,1613,0,0,929,6375,337,456,929,6831,California
Tulare,2021-01-09,742,8014,204,5863,538,2151,0,0,554,6741,188,644,554,7385,California
Tulare,2021-01-10,50,8064,44,5907,6,2157,0,0,11,6713,39,683,11,7396,California
Tulare,2021-01-11,1270,9334,769,6676,501,2658,0,0,834,7111,436,1119,834,8230,California
Tulare,2021-01-12,1404,10738,488,7164,916,3574,0,0,997,7703,406,1525,998,9228,California
Tulare,2021-01-13,457,11195,228,7392,229,3803,0,0,382,8010,75,1600,382,9610,California
Tulare,2021-01-14,491,11686,140,7532,351,4154,0,0,465,8460,15,1615,465,10075,California
Tulare,2021-01-15,1621,13307,152,7684,1469,5623,0,0,1612,10063,9,1624,1612,11687,California
Tulare,2021-01-16,1899,15206,114,7798,1785,7408,0,0,1885,11934,14,1638,1885,13572,California
Tulare,2021-01-17,141,15347,122,7920,19,7427,0,0,131,12055,10,1648,131,13703,California
Tulare,2021-01-18,693,16040,660,8580,33,7460,0,0,295,11952,398,2046,295,13998,California
Tulare,2021-01-19,1006,17046,683,9263,323,7783,0,0,578,12102,428,2474,578,14576,California
Tulare,2021-01-20,2381,19427,567,9830,1814,9597,0,0,1992,13705,389,2863,1992,16568,California
Tulare,2021-01-21,1547,20974,186,10016,1361,10958,0,0,1521,15205,21,2884,1521,18089,California
Tulare,2021-01-22,1059,22033,190,10206,869,11827,0,0,1034,16215,24,2908,1034,19123,California
Tulare,2021-01-23,439,22472,156,10362,283,12110,0,0,418,16612,21,2929,418,19541,California
Tulare,2021-01-24,30,22502,27,10389,3,12113,0,0,28,16638,2,2931,28,19569,California
Tulare,2021-01-25,1325,23827,979,11368,346,12459,0,0,1296,17905,29,2960,1296,20865,California
Tulare,2021-01-26,1499,25326,1100,12468,399,12858,0,0,1174,18755,324,3284,1174,22039,California
Tulare,2021-01-27,1499,26825,1070,13538,429,13287,0,0,922,19101,576,3860,922,22961,California
Tulare,2021-01-28,1203,28028,769,14307,434,13721,0,0,808,19514,395,4255,808,23769,California
Tulare,2021-01-29,1129,29157,719,15026,410,14131,0,0,819,20023,310,4565,819,24588,California
Tulare,2021-01-30,1674,30831,1580,16606,94,14225,0,0,1650,21650,24,4589,1651,26239,California
Tulare,2021-01-31,51,30882,47,16653,4,14229,0,0,48,21695,3,4592,48,26287,California
Tulare,2021-02-01,1186,32068,917,17570,269,14498,0,0,831,22173,353,4945,831,27118,California
Tulare,2021-02-02,676,32744,328,17898,348,14846,0,0,445,22390,229,5174,446,27564,California
Tulare,2021-02-03,613,33357,287,18185,326,15172,0,0,336,22451,275,5449,336,27900,California
Tulare,2021-02-04,551,33908,164,18349,387,15559,0,0,265,22432,285,5734,266,28166,California
Tulare,2021-02-05,1234,35142,236,18585,998,16557,0,0,417,22034,815,6549,417,28583,California
Tulare,2021-02-06,836,35978,158,18743,678,17235,0,0,268,21736,566,7115,268,28851,California
Tulare,2021-02-07,81,36059,69,18812,12,17247,0,0,23,21701,58,7173,23,28874,California
Tulare,2021-02-08,942,37001,328,19140,614,17861,0,0,245,21252,694,7867,245,29119,California
Tulare,2021-02-09,1408,38409,327,19467,1081,18942,0,0,361,20571,1042,8909,361,29480,California
Tulare,2021-02-10,2467,40876,1984,21451,483,19425,0,0,2067,22241,397,9306,2067,31547,California
Tulare,2021-02-11,1323,42199,376,21827,947,20372,0,0,904,22726,419,9725,904,32451,California
Tulare,2021-02-12,2779,44978,575,22402,2204,22576,0,0,1209,22372,1563,11288,1209,33660,California
Tulare,2021-02-13,2480,47458,157,22559,2323,24899,0,0,667,21229,1810,13098,667,34327,California
Tulare,2021-02-14,333,47791,36,22595,297,25196,0,0,300,21496,33,13131,300,34627,California
Tulare,2021-02-15,918,48709,292,22887,626,25822,0,0,661,21901,256,13387,661,35288,California
Tulare,2021-02-16,2833,51542,1597,24484,1236,27058,0,0,1077,21223,1755,15142,1077,36365,California
Tulare,2021-02-17,2698,54240,509,24993,2189,29247,0,0,461,19452,2232,17374,461,36826,California
Tulare,2021-02-18,2301,56541,456,25449,1845,31092,0,0,634,18427,1659,19033,634,37460,California
Tulare,2021-02-19,2296,58837,856,26305,1440,32532,0,0,943,18019,1351,20384,943,38403,California
Tulare,2021-02-20,2989,61826,1891,28196,1098,33630,0,0,1267,17569,1717,22101,1267,39670,California
Tulare,2021-02-21,94,61920,90,28286,4,33634,0,0,59,17593,35,22136,59,39729,California
Tulare,2021-02-22,1107,63027,702,28988,405,34039,0,0,210,16908,895,23031,210,39939,California
Tulare,2021-02-23,1947,64974,940,29928,1007,35046,0,0,1458,17878,488,23519,1458,41397,California
Tulare,2021-02-24,2475,67449,1551,31479,924,35970,0,0,2096,19597,378,23897,2097,43494,California
Tulare,2021-02-25,3486,70935,1951,33430,1535,37505,0,0,3071,22257,411,24308,3071,46565,California
Tulare,2021-02-26,3838,74773,1880,35310,1958,39463,0,0,3375,25171,461,24769,3375,49940,California
Tulare,2021-02-27,2903,77676,1395,36705,1508,40971,0,0,2771,27821,121,24890,2771,52711,California
Tulare,2021-02-28,1304,78980,1033,37738,271,41242,0,0,1285,29089,17,24907,1285,53996,California
Tulare,2021-03-01,1739,80719,773,38511,966,42208,0,0,1554,30460,183,25090,1554,55550,California
Tulare,2021-03-02,2687,83406,1194,39705,1493,43701,0,0,2520,32816,165,25255,2521,58071,California
Tulare,2021-03-03,3922,87328,2597,42302,1325,45026,0,0,1971,32841,1948,27203,1973,60044,California
Tulare,2021-03-04,2885,90213,1301,43603,1584,46610,0,0,2566,35091,316,27519,2566,62610,California
Tulare,2021-03-05,3290,93503,1696,45299,1579,48189,15,15,2782,37386,504,28023,2799,65409,California
Tulare,2021-03-06,3058,96561,1433,46732,1566,49755,59,74,2810,40008,245,28268,2867,68276,California
Tulare,2021-03-07,1093,97654,683,47415,389,50144,21,95,1053,41042,40,28308,1074,69350,California
Tulare,2021-03-08,1690,99344,1002,48417,520,50664,168,263,1374,42271,312,28620,1541,70891,California
Tulare,2021-03-09,3181,102525,2182,50599,852,51516,147,410,2784,44803,397,29017,2929,73820,California
Tulare,2021-03-10,2788,105313,1384,51983,1229,52745,175,585,2407,47010,373,29390,2580,76400,California
Tulare,2021-03-11,4137,109450,1963,53946,1874,54619,300,885,3202,49577,935,30325,3502,79902,California
Tulare,2021-03-12,4338,113788,2381,56327,1609,56228,348,1233,3069,51735,1261,31586,3419,83321,California
Tulare,2021-03-13,4005,117793,1848,58175,2052,58280,105,1338,3068,53977,931,32517,3173,86494,California
Tulare,2021-03-14,1800,119593,973,59148,608,58888,219,1557,1272,54940,527,33044,1490,87984,California
Tulare,2021-03-15,2730,122323,1611,60759,1004,59892,115,1672,1957,56242,771,33815,2073,90057,California
Tulare,2021-03-16,3421,125744,2115,62874,1229,61121,77,1749,1873,56650,1545,35360,1953,92010,California
Tulare,2021-03-17,4011,129755,2607,65481,1327,62448,77,1826,2269,57267,1736,37096,2353,94363,California
Tulare,2021-03-18,4600,134355,3353,68834,1174,63622,73,1899,2442,57631,2153,39249,2517,96880,California
Tulare,2021-03-19,5058,139413,3315,72149,1548,65170,195,2094,2712,58212,2328,41577,2909,99789,California
Tulare,2021-03-20,4450,143863,2760,74909,1318,66488,372,2466,2112,58368,2331,43908,2487,102276,California
Tulare,2021-03-21,1918,145781,1630,76539,262,66750,26,2492,988,58454,927,44835,1013,103289,California
Tulare,2021-03-22,2497,148278,1709,78248,676,67426,112,2604,1666,59409,825,45660,1780,105069,California
Tulare,2021-03-23,3726,152004,2140,80388,1534,68960,52,2656,2083,59917,1633,47293,2141,107210,California
Tulare,2021-03-24,3163,155167,1956,82344,1165,70125,42,2698,1808,60419,1348,48641,1850,109060,California
Tulare,2021-03-25,3439,158606,1783,84127,1484,71609,172,2870,1694,60548,1739,50380,1868,110928,California
Tulare,2021-03-26,5207,163813,3108,87235,1990,73599,109,2979,2569,60606,2620,53000,2678,113606,California
Tulare,2021-03-27,3519,167332,1804,89039,1617,75216,98,3077,990,59171,2521,55521,1086,114692,California
Tulare,2021-03-28,1456,168788,1051,90090,374,75590,31,3108,676,59106,778,56299,713,115405,California
Tulare,2021-03-29,2893,171681,1673,91763,1109,76699,111,3219,1224,58779,1664,57963,1337,116742,California
Tulare,2021-03-30,4790,176471,2761,94524,1799,78498,230,3449,1556,57336,3226,61189,1783,118525,California
Tulare,2021-03-31,3783,180254,2226,96750,1445,79943,112,3561,1529,56734,2246,63435,1644,120169,California
Tulare,2021-04-01,4369,184623,2357,99107,1947,81890,65,3626,1526,55493,2833,66268,1592,121761,California
Tulare,2021-04-02,5218,189841,2980,102087,2121,84011,117,3743,1658,53726,3543,69811,1776,123537,California
Tulare,2021-04-03,3479,193320,2001,104088,1123,85134,355,4098,844,52326,2598,72409,1198,124735,California
Tulare,2021-04-04,1615,194935,1130,105218,478,85612,7,4105,389,51498,1224,73633,396,125131,California
Tulare,2021-04-05,3301,198236,2322,107540,716,86328,263,4368,856,50183,2435,76068,1120,126251,California
Tulare,2021-04-06,3387,201623,1465,109005,1431,87759,491,4859,928,49153,2453,78521,1423,127674,California
Tulare,2021-04-07,3756,205379,1816,110821,1520,89279,420,5279,1243,48301,2506,81027,1654,129328,California
Tulare,2021-04-08,4699,210078,2590,113411,1654,90933,455,5734,1530,47122,3161,84188,1982,131310,California
Tulare,2021-04-09,4755,214833,2941,116352,1395,92328,419,6153,1823,46440,2925,87113,2243,133553,California
Tulare,2021-04-10,3796,218629,2047,118399,1433,93761,316,6469,968,44901,2821,89934,1282,134835,California
Tulare,2021-04-11,1573,220202,1034,119433,467,94228,72,6541,589,44581,981,90915,661,135496,California
Tulare,2021-04-12,3360,223562,2106,121539,660,94888,594,7135,1082,43988,2270,93185,1677,137173,California
Tulare,2021-04-13,2395,225957,1582,123121,803,95691,10,7145,912,43437,1475,94660,924,138097,California
Tulare,2021-04-14,2819,228776,1674,124795,1145,96836,0,7145,915,42450,1902,96562,915,139012,California
Tulare,2021-04-15,3234,232010,2122,126917,1112,97948,0,7145,1451,42130,1773,98335,1453,140465,California
Tulare,2021-04-16,3626,235636,2212,129129,1414,99362,0,7145,1466,41444,2152,100487,1466,141931,California
Tulare,2021-04-17,2170,237806,1272,130401,898,100260,0,7145,1174,41626,993,101480,1175,143106,California
Tulare,2021-04-18,1513,239319,1185,131586,328,100588,0,7145,813,41740,699,102179,813,143919,California
Tulare,2021-04-19,2113,241432,1217,132803,894,101482,2,7147,899,41429,1212,103391,901,144820,California
Tulare,2021-04-20,2318,243750,1301,134104,1017,102499,0,7147,991,41108,1314,104705,993,145813,California
Tulare,2021-04-21,2169,245919,1316,135420,853,103352,0,7147,817,40608,1317,106022,817,146630,California
Tulare,2021-04-22,2093,248012,1169,136589,924,104276,0,7147,737,40008,1337,107359,737,147367,California
Tulare,2021-04-23,2532,250544,1565,138154,966,105242,1,7148,993,39472,1529,108888,993,148360,California
Tulare,2021-04-24,1636,252180,1056,139210,578,105820,2,7150,861,39566,769,109657,863,149223,California
Tulare,2021-04-25,696,252876,522,139732,174,105994,0,7150,267,39404,429,110086,267,149490,California
Tulare,2021-04-26,1434,254310,845,140577,570,106564,19,7169,603,39199,825,110911,620,150110,California
Tulare,2021-04-27,1559,255869,599,141176,923,107487,37,7206,661,39001,895,111806,697,150807,California
Tulare,2021-04-28,1507,257376,831,142007,640,108127,36,7242,600,38733,904,112710,636,151443,California
Tulare,2021-04-29,1653,259029,995,143002,623,108750,35,7277,652,38422,996,113706,685,152128,California
Tulare,2021-04-30,2267,261296,1638,144640,581,109331,48,7325,855,37918,1408,115114,904,153032,California
Tulare,2021-05-01,1373,262669,1177,145817,184,109515,12,7337,697,37958,669,115783,709,153741,California
Tulare,2021-05-02,572,263241,482,146299,74,109589,16,7353,187,37778,383,116166,203,153944,California
Tulare,2021-05-03,1396,264637,915,147214,373,109962,108,7461,295,37085,1096,117262,403,154347,California
Tulare,2021-05-04,1245,265882,637,147851,559,110521,49,7510,511,36916,728,117990,559,154906,California
Tulare,2021-05-05,564,266446,145,147996,361,110882,58,7568,209,36837,346,118336,267,155173,California
Tuolumne,2020-12-16,47,47,47,47,0,0,0,0,47,47,0,0,47,47,California
Tuolumne,2020-12-17,17,64,17,64,0,0,0,0,17,64,0,0,17,64,California
Tuolumne,2020-12-18,101,165,100,164,1,1,0,0,101,165,0,0,101,165,California
Tuolumne,2020-12-19,5,170,5,169,0,1,0,0,5,170,0,0,5,170,California
Tuolumne,2020-12-20,1,171,1,170,0,1,0,0,1,171,0,0,1,171,California
Tuolumne,2020-12-21,116,287,102,272,14,15,0,0,116,287,0,0,116,287,California
Tuolumne,2020-12-22,172,459,172,444,0,15,0,0,172,459,0,0,172,459,California
Tuolumne,2020-12-23,186,645,184,628,2,17,0,0,186,645,0,0,186,645,California
Tuolumne,2020-12-26,3,648,3,631,0,17,0,0,3,648,0,0,3,648,California
Tuolumne,2020-12-28,77,725,75,706,2,19,0,0,77,725,0,0,77,725,California
Tuolumne,2020-12-29,102,827,39,745,63,82,0,0,102,827,0,0,102,827,California
Tuolumne,2020-12-30,78,905,22,767,56,138,0,0,78,905,0,0,78,905,California
Tuolumne,2020-12-31,27,932,20,787,7,145,0,0,27,932,0,0,27,932,California
Tuolumne,2021-01-01,7,939,6,793,1,146,0,0,7,939,0,0,7,939,California
Tuolumne,2021-01-02,118,1057,115,908,3,149,0,0,118,1057,0,0,118,1057,California
Tuolumne,2021-01-03,2,1059,2,910,0,149,0,0,2,1059,0,0,2,1059,California
Tuolumne,2021-01-04,69,1128,26,936,43,192,0,0,69,1128,0,0,69,1128,California
Tuolumne,2021-01-05,93,1221,27,963,66,258,0,0,90,1216,3,3,91,1219,California
Tuolumne,2021-01-06,132,1353,72,1035,60,318,0,0,68,1220,64,67,68,1287,California
Tuolumne,2021-01-07,119,1472,62,1097,57,375,0,0,64,1229,55,122,64,1351,California
Tuolumne,2021-01-08,103,1575,79,1176,24,399,0,0,26,1180,76,198,27,1378,California
Tuolumne,2021-01-09,1,1576,0,1176,1,400,0,0,1,1181,0,198,1,1379,California
Tuolumne,2021-01-10,3,1579,1,1177,2,402,0,0,3,1184,0,198,3,1382,California
Tuolumne,2021-01-11,114,1693,88,1265,26,428,0,0,33,1136,81,279,33,1415,California
Tuolumne,2021-01-12,102,1795,86,1351,16,444,0,0,17,1068,85,364,17,1432,California
Tuolumne,2021-01-13,231,2026,125,1476,106,550,0,0,182,1202,49,413,183,1615,California
Tuolumne,2021-01-14,147,2173,107,1583,40,590,0,0,42,1140,104,517,42,1657,California
Tuolumne,2021-01-15,474,2647,72,1655,402,992,0,0,412,1492,61,578,413,2070,California
Tuolumne,2021-01-16,7,2654,3,1658,4,996,0,0,6,1497,1,579,6,2076,California
Tuolumne,2021-01-17,8,2662,5,1663,3,999,0,0,7,1504,0,579,7,2083,California
Tuolumne,2021-01-18,46,2708,38,1701,8,1007,0,0,9,1477,36,615,9,2092,California
Tuolumne,2021-01-19,473,3181,72,1773,401,1408,0,0,427,1858,46,661,427,2519,California
Tuolumne,2021-01-20,76,3257,58,1831,18,1426,0,0,24,1831,51,712,24,2543,California
Tuolumne,2021-01-21,55,3312,22,1853,33,1459,0,0,40,1856,15,727,40,2583,California
Tuolumne,2021-01-22,168,3480,16,1869,152,1611,0,0,161,2010,7,734,161,2744,California
Tuolumne,2021-01-23,665,4145,147,2016,518,2129,0,0,552,2459,113,847,562,3306,California
Tuolumne,2021-01-24,523,4668,1,2017,522,2651,0,0,519,2976,3,850,520,3826,California
Tuolumne,2021-01-25,49,4717,28,2045,21,2672,0,0,22,2972,27,877,23,3849,California
Tuolumne,2021-01-26,80,4797,68,2113,12,2684,0,0,40,2973,40,917,41,3890,California
Tuolumne,2021-01-27,60,4857,4,2117,56,2740,0,0,7,2928,52,969,7,3897,California
Tuolumne,2021-01-28,27,4884,7,2124,20,2760,0,0,18,2937,9,978,18,3915,California
Tuolumne,2021-01-29,74,4958,6,2130,68,2828,0,0,35,2933,39,1017,35,3950,California
Tuolumne,2021-01-30,709,5667,552,2682,157,2985,0,0,686,3613,23,1040,703,4653,California
Tuolumne,2021-01-31,8,5675,2,2684,6,2991,0,0,5,3615,3,1043,5,4658,California
Tuolumne,2021-02-01,25,5700,6,2690,19,3010,0,0,22,3634,3,1046,22,4680,California
Tuolumne,2021-02-02,646,6346,37,2727,609,3619,0,0,635,4260,9,1055,635,5315,California
Tuolumne,2021-02-03,238,6584,109,2836,129,3748,0,0,86,4194,152,1207,86,5401,California
Tuolumne,2021-02-04,123,6707,12,2848,111,3859,0,0,60,4191,63,1270,60,5461,California
Tuolumne,2021-02-05,98,6805,12,2860,86,3945,0,0,35,4164,62,1332,35,5496,California
Tuolumne,2021-02-06,852,7657,580,3440,272,4217,0,0,848,5009,4,1336,849,6345,California
Tuolumne,2021-02-07,7,7664,4,3444,3,4220,0,0,3,5008,4,1340,3,6348,California
Tuolumne,2021-02-08,91,7755,40,3484,51,4271,0,0,67,5051,24,1364,67,6415,California
Tuolumne,2021-02-09,864,8619,53,3537,811,5082,0,0,825,5837,39,1403,825,7240,California
Tuolumne,2021-02-10,89,8708,15,3552,74,5156,0,0,28,5805,60,1463,28,7268,California
Tuolumne,2021-02-11,141,8849,66,3618,75,5231,0,0,75,5814,66,1529,75,7343,California
Tuolumne,2021-02-12,643,9492,19,3637,624,5855,0,0,204,5580,438,1967,204,7547,California
Tuolumne,2021-02-13,148,9640,42,3679,106,5961,0,0,117,5672,25,1992,117,7664,California
Tuolumne,2021-02-14,148,9788,12,3691,136,6097,0,0,147,5818,1,1993,147,7811,California
Tuolumne,2021-02-15,185,9973,10,3701,175,6272,0,0,176,5985,9,2002,176,7987,California
Tuolumne,2021-02-16,526,10499,17,3718,509,6781,0,0,123,5710,400,2402,125,8112,California
Tuolumne,2021-02-17,110,10609,63,3781,47,6828,0,0,63,5727,46,2448,63,8175,California
Tuolumne,2021-02-18,678,11287,26,3807,652,7480,0,0,628,6306,50,2498,629,8804,California
Tuolumne,2021-02-19,142,11429,23,3830,119,7599,0,0,43,6250,99,2597,43,8847,California
Tuolumne,2021-02-20,904,12333,342,4172,562,8161,0,0,386,6131,506,3103,387,9234,California
Tuolumne,2021-02-21,976,13309,36,4208,940,9101,0,0,470,6099,503,3606,471,9705,California
Tuolumne,2021-02-22,78,13387,57,4265,21,9122,0,0,47,6116,30,3636,47,9752,California
Tuolumne,2021-02-23,48,13435,24,4289,24,9146,0,0,26,6121,21,3657,26,9778,California
Tuolumne,2021-02-24,103,13538,58,4347,45,9191,0,0,43,6105,59,3716,43,9821,California
Tuolumne,2021-02-25,1054,14592,35,4382,1019,10210,0,0,1023,7097,31,3747,1023,10844,California
Tuolumne,2021-02-26,144,14736,10,4392,134,10344,0,0,121,7195,23,3770,121,10965,California
Tuolumne,2021-02-27,948,15684,576,4968,372,10716,0,0,245,6757,685,4455,247,11212,California
Tuolumne,2021-02-28,55,15739,4,4972,51,10767,0,0,52,6807,2,4457,52,11264,California
Tuolumne,2021-03-01,112,15851,21,4993,91,10858,0,0,77,6852,33,4490,78,11342,California
Tuolumne,2021-03-02,704,16555,72,5065,632,11490,0,0,105,6359,598,5088,105,11447,California
Tuolumne,2021-03-03,90,16645,22,5087,68,11558,0,0,65,6399,25,5113,65,11512,California
Tuolumne,2021-03-04,1170,17815,74,5161,1096,12654,0,0,1108,7445,62,5175,1108,12620,California
Tuolumne,2021-03-05,84,17899,10,5171,74,12728,0,0,47,7457,36,5211,48,12668,California
Tuolumne,2021-03-06,1051,18950,604,5775,445,13173,2,2,203,6817,846,6057,206,12874,California
Tuolumne,2021-03-07,41,18991,12,5787,14,13187,15,17,18,6827,23,6080,33,12907,California
Tuolumne,2021-03-08,195,19186,88,5875,100,13287,7,24,139,6917,56,6136,146,13053,California
Tuolumne,2021-03-09,856,20042,16,5891,829,14116,11,35,68,6212,785,6921,80,13133,California
Tuolumne,2021-03-10,77,20119,12,5903,54,14170,11,46,53,6252,24,6945,64,13197,California
Tuolumne,2021-03-11,1282,21401,36,5939,1240,15410,6,52,1257,7492,25,6970,1265,14462,California
Tuolumne,2021-03-12,298,21699,33,5972,250,15660,15,67,192,7597,105,7075,210,14672,California
Tuolumne,2021-03-13,112,21811,12,5984,100,15760,0,67,87,7661,24,7099,88,14760,California
Tuolumne,2021-03-14,142,21953,8,5992,125,15885,9,76,8,7549,134,7233,22,14782,California
Tuolumne,2021-03-15,293,22246,79,6071,212,16097,2,78,100,7466,192,7425,109,14891,California
Tuolumne,2021-03-16,805,23051,39,6110,755,16852,11,89,668,8008,137,7562,679,15570,California
Tuolumne,2021-03-17,150,23201,30,6140,107,16959,13,102,77,8026,71,7633,89,15659,California
Tuolumne,2021-03-18,948,24149,29,6169,906,17865,13,115,318,7729,629,8262,332,15991,California
Tuolumne,2021-03-19,130,24279,16,6185,83,17948,31,146,69,7769,59,8321,99,16090,California
Tuolumne,2021-03-20,89,24368,7,6192,72,18020,10,156,37,7764,51,8372,46,16136,California
Tuolumne,2021-03-21,833,25201,390,6582,434,18454,9,165,40,7024,789,9161,49,16185,California
Tuolumne,2021-03-22,163,25364,72,6654,72,18526,19,184,97,7074,66,9227,116,16301,California
Tuolumne,2021-03-23,709,26073,639,7293,56,18582,14,198,673,7724,36,9263,686,16987,California
Tuolumne,2021-03-24,110,26183,20,7313,72,18654,18,216,77,7787,32,9295,95,17082,California
Tuolumne,2021-03-25,1295,27478,23,7336,1269,19923,3,219,323,7143,970,10265,326,17408,California
Tuolumne,2021-03-26,268,27746,16,7352,229,20152,23,242,110,7128,148,10413,133,17541,California
Tuolumne,2021-03-27,577,28323,54,7406,523,20675,0,242,316,7187,258,10671,317,17858,California
Tuolumne,2021-03-28,49,28372,8,7414,41,20716,0,242,9,7158,39,10710,10,17868,California
Tuolumne,2021-03-29,200,28572,80,7494,120,20836,0,242,103,7167,94,10804,103,17971,California
Tuolumne,2021-03-30,159,28731,11,7505,147,20983,1,243,117,7244,41,10845,118,18089,California
Tuolumne,2021-03-31,91,28822,14,7519,75,21058,2,245,34,7226,56,10901,38,18127,California
Tuolumne,2021-04-01,1245,30067,30,7549,1215,22273,0,245,222,6428,1021,11922,223,18350,California
Tuolumne,2021-04-02,161,30228,10,7559,125,22398,26,271,89,6472,71,11993,115,18465,California
Tuolumne,2021-04-03,420,30648,35,7594,384,22782,1,272,236,6527,184,12177,239,18704,California
Tuolumne,2021-04-04,32,30680,2,7596,30,22812,0,272,20,6536,11,12188,20,18724,California
Tuolumne,2021-04-05,126,30806,19,7615,101,22913,6,278,55,6526,71,12259,61,18785,California
Tuolumne,2021-04-06,645,31451,515,8130,103,23016,27,305,512,6933,133,12392,540,19325,California
Tuolumne,2021-04-07,125,31576,36,8166,73,23089,16,321,47,6918,78,12470,63,19388,California
Tuolumne,2021-04-08,1433,33009,32,8198,1387,24476,14,335,239,5980,1191,13661,253,19641,California
Tuolumne,2021-04-09,267,33276,41,8239,182,24658,44,379,125,6012,140,13801,172,19813,California
Tuolumne,2021-04-10,56,33332,2,8241,34,24692,20,399,23,6023,32,13833,43,19856,California
Tuolumne,2021-04-11,17,33349,2,8243,12,24704,3,402,12,6033,5,13838,15,19871,California
Tuolumne,2021-04-12,161,33510,67,8310,89,24793,5,407,87,6057,68,13906,92,19963,California
Tuolumne,2021-04-13,784,34294,36,8346,748,25541,0,407,169,5618,608,14514,169,20132,California
Tuolumne,2021-04-14,137,34431,26,8372,111,25652,0,407,66,5617,68,14582,67,20199,California
Tuolumne,2021-04-15,332,34763,20,8392,312,25964,0,407,55,5400,272,14854,55,20254,California
Tuolumne,2021-04-16,238,35001,50,8442,188,26152,0,407,134,5436,98,14952,134,20388,California
Tuolumne,2021-04-17,43,35044,6,8448,37,26189,0,407,27,5447,16,14968,27,20415,California
Tuolumne,2021-04-18,7,35051,2,8450,5,26194,0,407,3,5446,4,14972,3,20418,California
Tuolumne,2021-04-19,166,35217,76,8526,90,26284,0,407,91,5465,72,15044,91,20509,California
Tuolumne,2021-04-20,712,35929,618,9144,94,26378,0,407,78,4916,627,15671,78,20587,California
Tuolumne,2021-04-21,116,36045,26,9170,90,26468,0,407,61,4927,50,15721,61,20648,California
Tuolumne,2021-04-22,693,36738,46,9216,647,27115,0,407,422,5088,261,15982,422,21070,California
Tuolumne,2021-04-23,159,36897,31,9247,128,27243,0,407,85,5101,72,16054,85,21155,California
Tuolumne,2021-04-24,80,36977,18,9265,62,27305,0,407,52,5125,28,16082,52,21207,California
Tuolumne,2021-04-25,26,37003,9,9274,17,27322,0,407,23,5145,3,16085,23,21230,California
Tuolumne,2021-04-26,149,37152,56,9330,93,27415,0,407,68,5134,80,16165,69,21299,California
Tuolumne,2021-04-27,124,37276,20,9350,97,27512,7,414,58,5135,64,16229,65,21364,California
Tuolumne,2021-04-28,101,37377,21,9371,69,27581,11,425,53,5152,47,16276,64,21428,California
Tuolumne,2021-04-29,253,37630,16,9387,228,27809,9,434,40,4988,213,16489,49,21477,California
Tuolumne,2021-04-30,338,37968,20,9407,306,28115,12,446,60,4785,275,16764,72,21549,California
Tuolumne,2021-05-01,23,37991,7,9414,13,28128,3,449,16,4797,7,16771,19,21568,California
Tuolumne,2021-05-02,25,38016,2,9416,21,28149,2,451,18,4810,7,16778,20,21588,California
Tuolumne,2021-05-03,52,38068,8,9424,43,28192,1,452,17,4794,34,16812,18,21606,California
Tuolumne,2021-05-04,657,38725,596,10020,56,28248,5,457,181,4504,475,17287,185,21791,California
Tuolumne,2021-05-05,47,38772,3,10023,43,28291,1,458,16,4492,29,17316,17,21808,California
Ventura,2020-12-15,5,5,5,5,0,0,0,0,5,5,0,0,5,5,California
Ventura,2020-12-16,72,77,72,77,0,0,0,0,72,77,0,0,72,77,California
Ventura,2020-12-17,249,326,249,326,0,0,0,0,249,326,0,0,249,326,California
Ventura,2020-12-18,1411,1737,1411,1737,0,0,0,0,1411,1737,0,0,1411,1737,California
Ventura,2020-12-19,910,2647,910,2647,0,0,0,0,910,2647,0,0,910,2647,California
Ventura,2020-12-20,429,3076,429,3076,0,0,0,0,429,3076,0,0,429,3076,California
Ventura,2020-12-21,1469,4545,1469,4545,0,0,0,0,1469,4545,0,0,1469,4545,California
Ventura,2020-12-22,1104,5649,1099,5644,5,5,0,0,1104,5649,0,0,1104,5649,California
Ventura,2020-12-23,1027,6676,980,6624,47,52,0,0,1027,6676,0,0,1027,6676,California
Ventura,2020-12-24,477,7153,379,7003,98,150,0,0,477,7153,0,0,477,7153,California
Ventura,2020-12-25,11,7164,7,7010,4,154,0,0,11,7164,0,0,11,7164,California
Ventura,2020-12-26,112,7276,91,7101,21,175,0,0,112,7276,0,0,112,7276,California
Ventura,2020-12-27,58,7334,27,7128,31,206,0,0,58,7334,0,0,58,7334,California
Ventura,2020-12-28,1071,8405,931,8059,140,346,0,0,1071,8405,0,0,1071,8405,California
Ventura,2020-12-29,1170,9575,764,8823,406,752,0,0,1170,9575,0,0,1170,9575,California
Ventura,2020-12-30,1984,11559,1519,10342,465,1217,0,0,1984,11559,0,0,1984,11559,California
Ventura,2020-12-31,480,12039,162,10504,318,1535,0,0,480,12039,0,0,480,12039,California
Ventura,2021-01-01,24,12063,6,10510,18,1553,0,0,24,12063,0,0,24,12063,California
Ventura,2021-01-02,174,12237,79,10589,95,1648,0,0,174,12237,0,0,174,12237,California
Ventura,2021-01-03,15,12252,8,10597,7,1655,0,0,15,12252,0,0,15,12252,California
Ventura,2021-01-04,1082,13334,551,11148,531,2186,0,0,1081,13333,0,0,1081,13333,California
Ventura,2021-01-05,1373,14707,777,11925,596,2782,0,0,1332,14624,41,41,1332,14665,California
Ventura,2021-01-06,2057,16764,1179,13104,878,3660,0,0,1626,15830,422,463,1628,16293,California
Ventura,2021-01-07,2068,18832,1326,14430,742,4402,0,0,1182,16128,884,1347,1182,17475,California
Ventura,2021-01-08,2198,21030,1475,15905,723,5125,0,0,906,15745,1290,2637,907,18382,California
Ventura,2021-01-09,721,21751,500,16405,221,5346,0,0,319,15662,402,3039,319,18701,California
Ventura,2021-01-10,341,22092,326,16731,15,5361,0,0,127,15575,214,3253,127,18828,California
Ventura,2021-01-11,2448,24540,1490,18221,958,6319,0,0,1495,16120,953,4206,1498,20326,California
Ventura,2021-01-12,3041,27581,1611,19832,1430,7749,0,0,2016,17111,1025,5231,2016,22342,California
Ventura,2021-01-13,2923,30504,1423,21255,1500,9249,0,0,2040,18272,880,6111,2041,24383,California
Ventura,2021-01-14,2731,33235,1060,22315,1671,10920,0,0,2285,20113,445,6556,2286,26669,California
Ventura,2021-01-15,2887,36122,972,23287,1915,12835,0,0,2674,22575,213,6769,2675,29344,California
Ventura,2021-01-16,484,36606,187,23474,297,13132,0,0,404,22899,80,6849,404,29748,California
Ventura,2021-01-17,259,36865,137,23611,122,13254,0,0,253,23146,6,6855,253,30001,California
Ventura,2021-01-18,2218,39083,1672,25283,546,13800,0,0,1667,24264,550,7405,1668,31669,California
Ventura,2021-01-19,3040,42123,2119,27402,921,14721,0,0,2146,25519,894,8299,2149,33818,California
Ventura,2021-01-20,4084,46207,3133,30535,951,15672,0,0,3036,27511,1045,9344,3037,36855,California
Ventura,2021-01-21,3837,50044,2673,33208,1164,16836,0,0,3163,30005,671,10015,3165,40020,California
Ventura,2021-01-22,3615,53659,2494,35702,1121,17957,0,0,3454,33298,161,10176,3454,43474,California
Ventura,2021-01-23,1185,54844,650,36352,535,18492,0,0,1084,34284,100,10276,1086,44560,California
Ventura,2021-01-24,451,55295,137,36489,314,18806,0,0,438,34709,13,10289,438,44998,California
Ventura,2021-01-25,3153,58448,2032,38521,1121,19927,0,0,2599,36756,553,10842,2600,47598,California
Ventura,2021-01-26,3709,62157,2203,40724,1506,21433,0,0,2711,38471,997,11839,2712,50310,California
Ventura,2021-01-27,3460,65617,1559,42283,1901,23334,0,0,2718,40451,738,12577,2718,53028,California
Ventura,2021-01-28,3874,69491,1993,44276,1881,25215,0,0,3260,43115,597,13174,3261,56289,California
Ventura,2021-01-29,4271,73762,2524,46800,1747,26962,0,0,3768,46393,490,13664,3768,60057,California
Ventura,2021-01-30,3036,76798,1964,48764,1072,28034,0,0,2866,49094,166,13830,2867,62924,California
Ventura,2021-01-31,833,77631,445,49209,388,28422,0,0,748,49757,85,13915,748,63672,California
Ventura,2021-02-01,3943,81574,2113,51322,1830,30252,0,0,3169,52156,771,14686,3170,66842,California
Ventura,2021-02-02,4405,85979,2374,53696,2031,32283,0,0,3381,54518,1020,15706,3382,70224,California
Ventura,2021-02-03,4452,90431,2089,55785,2363,34646,0,0,3441,56954,1006,16712,3442,73666,California
Ventura,2021-02-04,4776,95207,2288,58073,2488,37134,0,0,3518,59224,1250,17962,3520,77186,California
Ventura,2021-02-05,4834,100041,2313,60386,2521,39655,0,0,3342,61089,1479,19441,3344,80530,California
Ventura,2021-02-06,2837,102878,1515,61901,1322,40977,0,0,2434,63121,402,19843,2434,82964,California
Ventura,2021-02-07,710,103588,241,62142,469,41446,0,0,584,63580,126,19969,585,83549,California
Ventura,2021-02-08,3499,107087,1624,63766,1875,43321,0,0,2428,64942,1066,21035,2428,85977,California
Ventura,2021-02-09,4715,111802,1971,65737,2744,46065,0,0,2465,65161,2249,23284,2468,88445,California
Ventura,2021-02-10,4713,116515,2236,67973,2477,48542,0,0,2392,65244,2310,25594,2393,90838,California
Ventura,2021-02-11,4659,121174,1862,69835,2797,51339,0,0,2445,65485,2207,27801,2448,93286,California
Ventura,2021-02-12,6303,127477,2659,72494,3644,54983,0,0,3223,65632,3076,30877,3223,96509,California
Ventura,2021-02-13,3297,130774,1827,74321,1470,56453,0,0,1845,66031,1448,32325,1847,98356,California
Ventura,2021-02-14,1226,132000,124,74445,1102,57555,0,0,1010,66826,216,32541,1011,99367,California
Ventura,2021-02-15,3988,135988,1799,76244,2189,59744,0,0,2118,67077,1867,34408,2118,101485,California
Ventura,2021-02-16,5542,141530,2704,78948,2838,62582,0,0,3010,67563,2524,36932,3010,104495,California
Ventura,2021-02-17,5232,146762,1920,80868,3312,65894,0,0,3265,68870,1958,38890,3265,107760,California
Ventura,2021-02-18,5776,152538,1829,82697,3947,69841,0,0,3634,70373,2131,41021,3634,111394,California
Ventura,2021-02-19,6454,158992,3769,86466,2685,72526,0,0,3009,69946,3438,44459,3011,114405,California
Ventura,2021-02-20,4935,163927,3167,89633,1768,74294,0,0,2771,70561,2159,46618,2774,117179,California
Ventura,2021-02-21,1045,164972,757,90390,288,74582,0,0,429,70380,610,47228,429,117608,California
Ventura,2021-02-22,5369,170341,2409,92799,2960,77542,0,0,3453,71926,1907,49135,3453,121061,California
Ventura,2021-02-23,5928,176269,2966,95765,2962,80504,0,0,3415,72846,2497,51632,3417,124478,California
Ventura,2021-02-24,6997,183266,2610,98375,4387,84891,0,0,4249,74363,2734,54366,4251,128729,California
Ventura,2021-02-25,7493,190759,2572,100947,4921,89812,0,0,4575,76037,2903,57269,4577,133306,California
Ventura,2021-02-26,9341,200100,2762,103709,6579,96391,0,0,6160,79044,3155,60424,6162,139468,California
Ventura,2021-02-27,9988,210088,5269,108978,4719,101110,0,0,7370,83819,2603,63027,7378,146846,California
Ventura,2021-02-28,2570,212658,1635,110613,934,102044,1,1,2097,85450,466,63493,2097,148943,California
Ventura,2021-03-01,6940,219598,2811,113424,4129,106173,0,1,4625,87783,2305,65798,4638,153581,California
Ventura,2021-03-02,7483,227081,3937,117361,3544,109717,2,3,5255,90819,2219,68017,5255,158836,California
Ventura,2021-03-03,8517,235598,3899,121260,4618,114335,0,3,6075,94469,2429,70446,6079,164915,California
Ventura,2021-03-04,8099,243697,3870,125130,4229,118564,0,3,5473,97332,2612,73058,5475,170390,California
Ventura,2021-03-05,9971,253668,4798,129928,5163,123727,10,13,7083,101559,2874,75932,7101,177491,California
Ventura,2021-03-06,7239,260907,4398,134326,2688,126415,153,166,5325,105131,1908,77840,5480,182971,California
Ventura,2021-03-07,1649,262556,602,134928,946,127361,101,267,1233,106049,416,78256,1334,184305,California
Ventura,2021-03-08,6738,269294,3414,138342,3170,130531,154,421,4633,108740,2099,80355,4790,189095,California
Ventura,2021-03-09,6541,275835,2816,141158,3527,134058,198,619,3672,109756,2856,83211,3872,192967,California
Ventura,2021-03-10,6801,282636,2967,144125,3597,137655,237,856,4485,112172,2306,85517,4722,197689,California
Ventura,2021-03-11,6363,288999,2887,147012,3169,140824,307,1163,3418,112964,2932,88449,3724,201413,California
Ventura,2021-03-12,8500,297499,3036,150048,4619,145443,845,2008,4090,113506,4392,92841,4934,206347,California
Ventura,2021-03-13,6680,304179,2497,152545,3342,148785,841,2849,3754,115182,2918,95759,4594,210941,California
Ventura,2021-03-14,2130,306309,477,153022,1157,149942,496,3345,730,115009,1399,97158,1226,212167,California
Ventura,2021-03-15,6917,313226,2050,155072,3519,153461,1348,4693,2976,115415,3916,101074,4322,216489,California
Ventura,2021-03-16,7914,321140,2459,157531,4341,157802,1114,5807,3988,116604,3912,104986,5101,221590,California
Ventura,2021-03-17,7461,328601,2763,160294,4351,162153,347,6154,4464,118441,2976,107962,4813,226403,California
Ventura,2021-03-18,7223,335824,3268,163562,3802,165955,153,6307,4703,120789,2506,110468,4854,231257,California
Ventura,2021-03-19,8394,344218,3772,167334,4512,170467,110,6417,5020,122562,3355,113823,5128,236385,California
Ventura,2021-03-20,8143,352361,5246,172580,2877,173344,20,6437,3893,122248,4228,118051,3914,240299,California
Ventura,2021-03-21,2779,355140,1509,174089,899,174243,371,6808,1316,122482,1452,119503,1686,241985,California
Ventura,2021-03-22,7338,362478,3686,177775,3550,177793,102,6910,4843,124950,2479,121982,4947,246932,California
Ventura,2021-03-23,8183,370661,3879,181654,4232,182025,72,6982,4670,126204,3487,125469,4741,251673,California
Ventura,2021-03-24,8869,379530,3409,185063,5385,187410,75,7057,4428,126295,4412,129881,4503,256176,California
Ventura,2021-03-25,8798,388328,3902,188965,4795,192205,101,7158,4453,126523,4327,134208,4555,260731,California
Ventura,2021-03-26,9817,398145,3345,192310,5819,198024,653,7811,3900,125185,5889,140097,4551,265282,California
Ventura,2021-03-27,8111,406256,3903,196213,4168,202192,40,7851,2402,121938,5690,145787,2443,267725,California
Ventura,2021-03-28,2520,408776,1403,197616,1108,203300,9,7860,1381,122194,1134,146921,1390,269115,California
Ventura,2021-03-29,8453,417229,4261,201877,4148,207448,44,7904,4223,122259,4202,151123,4267,273382,California
Ventura,2021-03-30,8936,426165,4409,206286,4399,211847,128,8032,4541,122544,4382,155505,4667,278049,California
Ventura,2021-03-31,10682,436847,4814,211100,5241,217088,627,8659,4639,121787,6022,161527,5265,283314,California
Ventura,2021-04-01,10639,447486,5182,216282,4581,221669,876,9535,5358,122754,5263,166790,6230,289544,California
Ventura,2021-04-02,11556,459042,4584,220866,5715,227384,1257,10792,5531,123547,5999,172789,6792,296336,California
Ventura,2021-04-03,8014,467056,3954,224820,2928,230312,1132,11924,3368,123409,4636,177425,4498,300834,California
Ventura,2021-04-04,1706,468762,957,225777,621,230933,128,12052,1152,124141,548,177973,1280,302114,California
Ventura,2021-04-05,9252,478014,4871,230648,3324,234257,1057,13109,4721,125396,4522,182495,5777,307891,California
Ventura,2021-04-06,10804,488818,5536,236184,3803,238060,1465,14574,5547,127172,5233,187728,7009,314900,California
Ventura,2021-04-07,11281,500099,5422,241606,4389,242449,1470,16044,5161,127694,6104,193832,6626,321526,California
Ventura,2021-04-08,10206,510305,5292,246898,3985,246434,929,16973,5098,128622,5091,198923,6019,327545,California
Ventura,2021-04-09,11058,521363,4334,251232,5030,251464,1694,18667,4850,128972,6189,205112,6539,334084,California
Ventura,2021-04-10,9119,530482,3494,254726,3478,254942,2147,20814,2996,128003,6107,211219,5138,339222,California
Ventura,2021-04-11,2422,532904,865,255591,993,255935,564,21378,688,127526,1727,212946,1250,340472,California
Ventura,2021-04-12,8868,541772,4463,260054,3609,259544,796,22174,3734,126935,5116,218062,4525,344997,California
Ventura,2021-04-13,8757,550529,4435,264489,4316,263860,6,22180,3742,125702,4981,223043,3748,348745,California
Ventura,2021-04-14,8650,559179,4057,268546,4578,268438,15,22195,3362,123829,5252,228295,3379,352124,California
Ventura,2021-04-15,9273,568452,4506,273052,4760,273198,7,22202,4085,122752,5169,233464,4092,356216,California
Ventura,2021-04-16,10089,578541,4475,277527,5614,278812,0,22202,4837,122351,5239,238703,4838,361054,California
Ventura,2021-04-17,8524,587065,5295,282822,3228,282040,1,22203,4989,123817,3525,242228,4991,366045,California
Ventura,2021-04-18,2128,589193,1014,283836,1114,283154,0,22203,906,123506,1217,243445,906,366951,California
Ventura,2021-04-19,8007,597200,4842,288678,3164,286318,1,22204,4627,124772,3363,246808,4629,371580,California
Ventura,2021-04-20,9211,606411,4898,293576,4313,290631,0,22204,4349,124275,4847,251655,4350,375930,California
Ventura,2021-04-21,8826,615237,4533,298109,4290,294921,3,22207,4194,123854,4620,256275,4199,380129,California
Ventura,2021-04-22,9999,625236,5474,303583,4525,299446,0,22207,4477,122826,5505,261780,4477,384606,California
Ventura,2021-04-23,10758,635994,5370,308953,5388,304834,0,22207,5375,122845,5356,267136,5375,389981,California
Ventura,2021-04-24,10315,646309,5897,314850,4418,309252,0,22207,6111,124763,4194,271330,6112,396093,California
Ventura,2021-04-25,2467,648776,1698,316548,769,310021,0,22207,1139,124577,1325,272655,1139,397232,California
Ventura,2021-04-26,6796,655572,3938,320486,2805,312826,53,22260,2790,123428,3992,276647,2843,400075,California
Ventura,2021-04-27,7993,663565,4443,324929,3391,316217,159,22419,2986,121578,4994,281641,3144,403219,California
Ventura,2021-04-28,7821,671386,4567,329496,2972,319189,282,22701,3066,120187,4739,286380,3348,406567,California
Ventura,2021-04-29,6799,678185,3728,333224,2846,322035,225,22926,2478,118588,4302,290682,2703,409270,California
Ventura,2021-04-30,8656,686841,5133,338357,3263,325298,260,23186,3591,117391,5040,295722,3843,413113,California
Ventura,2021-05-01,4904,691745,3601,341958,1208,326506,95,23281,1846,116292,3042,298764,1943,415056,California
Ventura,2021-05-02,1996,693741,1305,343263,604,327110,87,23368,997,116381,995,299759,1084,416140,California
Ventura,2021-05-03,3845,697586,2388,345651,1285,328395,172,23540,1045,114816,2781,302540,1216,417356,California
Ventura,2021-05-04,4205,701791,2091,347742,1953,330348,161,23701,1505,113792,2690,305230,1666,419022,California
Ventura,2021-05-05,2292,704083,1674,349416,499,330847,119,23820,705,113035,1579,306809,822,419844,California
Yolo,2020-12-15,39,39,39,39,0,0,0,0,39,39,0,0,39,39,California
Yolo,2020-12-16,78,117,78,117,0,0,0,0,78,117,0,0,78,117,California
Yolo,2020-12-17,101,218,101,218,0,0,0,0,101,218,0,0,101,218,California
Yolo,2020-12-18,210,428,210,428,0,0,0,0,210,428,0,0,210,428,California
Yolo,2020-12-19,87,515,87,515,0,0,0,0,87,515,0,0,87,515,California
Yolo,2020-12-20,101,616,101,616,0,0,0,0,101,616,0,0,101,616,California
Yolo,2020-12-21,253,869,253,869,0,0,0,0,253,869,0,0,253,869,California
Yolo,2020-12-22,382,1251,381,1250,1,1,0,0,382,1251,0,0,382,1251,California
Yolo,2020-12-23,431,1682,412,1662,19,20,0,0,431,1682,0,0,431,1682,California
Yolo,2020-12-24,150,1832,94,1756,56,76,0,0,150,1832,0,0,150,1832,California
Yolo,2020-12-25,1,1833,1,1757,0,76,0,0,1,1833,0,0,1,1833,California
Yolo,2020-12-26,75,1908,25,1782,50,126,0,0,75,1908,0,0,75,1908,California
Yolo,2020-12-27,46,1954,19,1801,27,153,0,0,46,1954,0,0,46,1954,California
Yolo,2020-12-28,346,2300,179,1980,167,320,0,0,346,2300,0,0,346,2300,California
Yolo,2020-12-29,487,2787,268,2248,219,539,0,0,487,2787,0,0,487,2787,California
Yolo,2020-12-30,621,3408,254,2502,367,906,0,0,621,3408,0,0,621,3408,California
Yolo,2020-12-31,185,3593,95,2597,90,996,0,0,185,3593,0,0,185,3593,California
Yolo,2021-01-01,57,3650,56,2653,1,997,0,0,57,3650,0,0,57,3650,California
Yolo,2021-01-02,68,3718,25,2678,43,1040,0,0,68,3718,0,0,68,3718,California
Yolo,2021-01-03,44,3762,19,2697,25,1065,0,0,44,3762,0,0,44,3762,California
Yolo,2021-01-04,193,3955,43,2740,150,1215,0,0,193,3955,0,0,193,3955,California
Yolo,2021-01-05,611,4566,236,2976,375,1590,0,0,550,4444,61,61,550,4505,California
Yolo,2021-01-06,480,5046,183,3159,297,1887,0,0,349,4662,131,192,349,4854,California
Yolo,2021-01-07,709,5755,233,3392,476,2363,0,0,520,4994,188,380,520,5374,California
Yolo,2021-01-08,633,6388,312,3704,321,2684,0,0,416,5194,216,596,416,5790,California
Yolo,2021-01-09,409,6797,68,3772,341,3025,0,0,363,5511,46,642,363,6153,California
Yolo,2021-01-10,393,7190,80,3852,313,3338,0,0,323,5764,70,712,323,6476,California
Yolo,2021-01-11,563,7753,326,4178,237,3575,0,0,294,5791,269,981,296,6772,California
Yolo,2021-01-12,481,8234,364,4542,117,3692,0,0,173,5657,308,1289,174,6946,California
Yolo,2021-01-13,770,9004,312,4854,458,4150,0,0,520,5927,250,1539,520,7466,California
Yolo,2021-01-14,375,9379,181,5035,194,4344,0,0,271,6094,104,1643,271,7737,California
Yolo,2021-01-15,624,10003,319,5354,305,4649,0,0,545,6561,79,1722,546,8283,California
Yolo,2021-01-16,740,10743,95,5449,645,5294,0,0,709,7239,31,1753,709,8992,California
Yolo,2021-01-17,186,10929,117,5566,69,5363,0,0,179,7411,7,1760,179,9171,California
Yolo,2021-01-18,478,11407,303,5869,175,5538,0,0,379,7691,99,1859,379,9550,California
Yolo,2021-01-19,554,11961,372,6241,182,5720,0,0,379,7895,175,2034,379,9929,California
Yolo,2021-01-20,659,12620,380,6621,279,5999,0,0,474,8185,184,2218,474,10403,California
Yolo,2021-01-21,648,13268,383,7004,265,6264,0,0,459,8455,189,2407,459,10862,California
Yolo,2021-01-22,745,14013,250,7254,495,6759,0,0,628,8968,115,2522,628,11490,California
Yolo,2021-01-23,613,14626,123,7377,490,7249,0,0,566,9487,47,2569,566,12056,California
Yolo,2021-01-24,207,14833,124,7501,83,7332,0,0,166,9612,41,2610,166,12222,California
Yolo,2021-01-25,728,15561,153,7654,575,7907,0,0,514,9912,214,2824,514,12736,California
Yolo,2021-01-26,817,16378,327,7981,490,8397,0,0,428,9951,389,3213,428,13164,California
Yolo,2021-01-27,555,16933,223,8204,332,8729,0,0,382,10160,173,3386,382,13546,California
Yolo,2021-01-28,1049,17982,566,8770,483,9212,0,0,925,10962,123,3509,925,14471,California
Yolo,2021-01-29,869,18851,263,9033,606,9818,0,0,787,11668,81,3590,787,15258,California
Yolo,2021-01-30,1516,20367,916,9949,600,10418,0,0,1408,12974,102,3692,1408,16666,California
Yolo,2021-01-31,249,20616,211,10160,38,10456,0,0,214,13154,34,3726,214,16880,California
Yolo,2021-02-01,845,21461,361,10521,484,10940,0,0,614,13540,228,3954,614,17494,California
Yolo,2021-02-02,1324,22785,748,11269,576,11516,0,0,933,14083,391,4345,934,18428,California
Yolo,2021-02-03,1514,24299,397,11666,1117,12633,0,0,1183,14938,328,4673,1183,19611,California
Yolo,2021-02-04,1787,26086,281,11947,1506,14139,0,0,1238,15639,538,5211,1239,20850,California
Yolo,2021-02-05,1595,27681,902,12849,693,14832,0,0,1198,16441,397,5608,1199,22049,California
Yolo,2021-02-06,1918,29599,1247,14096,671,15503,0,0,1558,17640,360,5968,1559,23608,California
Yolo,2021-02-07,519,30118,249,14345,270,15773,0,0,171,17464,347,6315,171,23779,California
Yolo,2021-02-08,948,31066,332,14677,616,16389,0,0,605,17729,340,6655,605,24384,California
Yolo,2021-02-09,860,31926,388,15065,472,16861,0,0,578,18025,282,6937,578,24962,California
Yolo,2021-02-10,1455,33381,475,15540,980,17841,0,0,818,18208,637,7574,820,25782,California
Yolo,2021-02-11,1565,34946,798,16338,767,18608,0,0,1184,19011,381,7955,1184,26966,California
Yolo,2021-02-12,1909,36855,750,17088,1159,19767,0,0,1441,19988,464,8419,1441,28407,California
Yolo,2021-02-13,2054,38909,712,17800,1342,21109,0,0,1389,20712,665,9084,1389,29796,California
Yolo,2021-02-14,568,39477,153,17953,415,21524,0,0,443,21031,124,9208,443,30239,California
Yolo,2021-02-15,531,40008,189,18142,342,21866,0,0,266,21033,265,9473,267,30506,California
Yolo,2021-02-16,1124,41132,425,18567,699,22565,0,0,808,21525,316,9789,808,31314,California
Yolo,2021-02-17,1384,42516,701,19268,683,23248,0,0,991,22123,393,10182,991,32305,California
Yolo,2021-02-18,2496,45012,814,20082,1682,24930,0,0,1727,23081,769,10951,1727,34032,California
Yolo,2021-02-19,1741,46753,745,20827,996,25926,0,0,1120,23582,619,11570,1120,35152,California
Yolo,2021-02-20,2434,49187,942,21769,1492,27418,0,0,1362,23878,1067,12637,1363,36515,California
Yolo,2021-02-21,282,49469,225,21994,57,27475,0,0,73,23743,208,12845,73,36588,California
Yolo,2021-02-22,1361,50830,601,22595,760,28235,0,0,692,23767,668,13513,692,37280,California
Yolo,2021-02-23,1123,51953,843,23438,280,28515,0,0,438,23522,683,14196,438,37718,California
Yolo,2021-02-24,2092,54045,590,24028,1502,30017,0,0,1381,24194,709,14905,1381,39099,California
Yolo,2021-02-25,1340,55385,444,24472,896,30913,0,0,875,24605,464,15369,875,39974,California
Yolo,2021-02-26,2592,57977,1005,25477,1587,32500,0,0,1386,24788,1203,16572,1386,41360,California
Yolo,2021-02-27,1654,59631,766,26243,888,33388,0,0,1204,25542,450,17022,1204,42564,California
Yolo,2021-02-28,1776,61407,1493,27736,283,33671,0,0,681,25130,1093,18115,681,43245,California
Yolo,2021-03-01,1099,62506,364,28100,735,34406,0,0,668,25369,429,18544,668,43913,California
Yolo,2021-03-02,1462,63968,683,28783,779,35185,0,0,931,25769,531,19075,931,44844,California
Yolo,2021-03-03,1836,65804,628,29411,1208,36393,0,0,830,25595,1004,20079,830,45674,California
Yolo,2021-03-04,2909,68713,1450,30861,1459,37852,0,0,1575,25839,1331,21410,1575,47249,California
Yolo,2021-03-05,2350,71063,1399,32260,940,38792,11,11,1472,26445,877,22287,1483,48732,California
Yolo,2021-03-06,1470,72533,1121,33381,320,39112,29,40,837,26681,630,22917,866,49598,California
Yolo,2021-03-07,906,73439,671,34052,221,39333,14,54,772,27333,134,23051,786,50384,California
Yolo,2021-03-08,1088,74527,486,34538,559,39892,43,97,760,27810,327,23378,804,51188,California
Yolo,2021-03-09,1243,75770,670,35208,513,40405,60,157,755,28139,486,23864,815,52003,California
Yolo,2021-03-10,1793,77563,1046,36254,458,40863,289,446,751,28134,1039,24903,1034,53037,California
Yolo,2021-03-11,2284,79847,1540,37794,677,41540,67,513,1571,29061,712,25615,1639,54676,California
Yolo,2021-03-12,2887,82734,1342,39136,1465,43005,80,593,1367,28995,1512,27127,1446,56122,California
Yolo,2021-03-13,1843,84577,730,39866,936,43941,177,770,1008,29348,832,27959,1185,57307,California
Yolo,2021-03-14,1006,85583,212,40078,644,44585,150,920,525,29539,480,28439,671,57978,California
Yolo,2021-03-15,1323,86906,774,40852,373,44958,176,1096,707,29806,614,29053,881,58859,California
Yolo,2021-03-16,1868,88774,717,41569,1079,46037,72,1168,1105,30220,763,29816,1177,60036,California
Yolo,2021-03-17,2486,91260,968,42537,1446,47483,72,1240,1705,31250,778,30594,1808,61844,California
Yolo,2021-03-18,2891,94151,898,43435,1769,49252,224,1464,1178,30943,1709,32303,1402,63246,California
Yolo,2021-03-19,2072,96223,849,44284,1155,50407,68,1532,1087,31119,979,33282,1155,64401,California
Yolo,2021-03-20,2747,98970,815,45099,1891,52298,41,1573,1114,30649,1627,34909,1157,65558,California
Yolo,2021-03-21,316,99286,215,45314,93,52391,8,1581,229,30800,86,34995,237,65795,California
Yolo,2021-03-22,1392,100678,487,45801,853,53244,52,1633,919,31300,470,35465,970,66765,California
Yolo,2021-03-23,1729,102407,931,46732,742,53986,56,1689,1071,31770,657,36122,1127,67892,California
Yolo,2021-03-24,2848,105255,1392,48124,1407,55393,49,1738,1422,31828,1414,37536,1472,69364,California
Yolo,2021-03-25,2434,107689,1303,49427,1104,56497,27,1765,1169,31769,1255,38791,1196,70560,California
Yolo,2021-03-26,2385,110074,1243,50670,1123,57620,19,1784,1023,31455,1355,40146,1041,71601,California
Yolo,2021-03-27,1648,111722,455,51125,1177,58797,16,1800,763,31350,884,41030,779,72380,California
Yolo,2021-03-28,1108,112830,862,51987,228,59025,18,1818,276,30816,828,41858,294,72674,California
Yolo,2021-03-29,2010,114840,820,52807,1160,60185,30,1848,981,30802,1025,42883,1011,73685,California
Yolo,2021-03-30,2271,117111,1069,53876,1179,61364,23,1871,1182,30923,1084,43967,1205,74890,California
Yolo,2021-03-31,2337,119448,1212,55088,1089,62453,36,1907,1195,31013,1141,45108,1231,76121,California
Yolo,2021-04-01,3748,123196,1767,56855,1507,63960,474,2381,1553,30847,2192,47300,2026,78147,California
Yolo,2021-04-02,3372,126568,1502,58357,1726,65686,144,2525,2087,31799,1279,48579,2231,80378,California
Yolo,2021-04-03,1785,128353,1077,59434,493,66179,215,2740,796,31822,988,49567,1011,81389,California
Yolo,2021-04-04,386,128739,151,59585,173,66352,62,2802,144,31786,242,49809,206,81595,California
Yolo,2021-04-05,1902,130641,728,60313,1076,67428,98,2900,1010,32007,887,50696,1108,82703,California
Yolo,2021-04-06,2562,133203,1299,61612,1092,68520,171,3071,1311,32248,1242,51938,1483,84186,California
Yolo,2021-04-07,2969,136172,1513,63125,1105,69625,351,3422,1923,33481,1039,52977,2272,86458,California
Yolo,2021-04-08,2409,138581,996,64121,944,70569,469,3891,1021,33584,1385,54362,1488,87946,California
Yolo,2021-04-09,2428,141009,881,65002,1052,71621,495,4386,806,33264,1619,55981,1299,89245,California
Yolo,2021-04-10,1691,142700,795,65797,724,72345,172,4558,1004,33756,683,56664,1175,90420,California
Yolo,2021-04-11,865,143565,260,66057,560,72905,45,4603,342,33622,520,57184,386,90806,California
Yolo,2021-04-12,1755,145320,517,66574,1095,74000,143,4746,1087,34187,665,57849,1230,92036,California
Yolo,2021-04-13,1929,147249,873,67447,1056,75056,0,4746,999,34258,928,58777,999,93035,California
Yolo,2021-04-14,2736,149985,736,68183,2000,77056,0,4746,1352,34231,1379,60156,1352,94387,California
Yolo,2021-04-15,3223,153208,1047,69230,2176,79232,0,4746,2262,35536,957,61113,2262,96649,California
Yolo,2021-04-16,2904,156112,1844,71074,1060,80292,0,4746,1832,36301,1067,62180,1832,98481,California
Yolo,2021-04-17,1515,157627,420,71494,1095,81387,0,4746,746,36282,765,62945,746,99227,California
Yolo,2021-04-18,591,158218,263,71757,328,81715,0,4746,348,36390,240,63185,348,99575,California
Yolo,2021-04-19,1668,159886,719,72476,948,82663,1,4747,770,36268,893,64078,771,100346,California
Yolo,2021-04-20,1998,161884,1011,73487,987,83650,0,4747,1074,36420,922,65000,1074,101420,California
Yolo,2021-04-21,1994,163878,992,74479,1002,84652,0,4747,1095,36619,896,65896,1095,102515,California
Yolo,2021-04-22,1795,165673,738,75217,1057,85709,0,4747,948,36726,842,66738,949,103464,California
Yolo,2021-04-23,2580,168253,1495,76712,1085,86794,0,4747,1154,36464,1416,68154,1154,104618,California
Yolo,2021-04-24,1152,169405,630,77342,520,87314,2,4749,455,36231,690,68844,457,105075,California
Yolo,2021-04-25,942,170347,401,77743,541,87855,0,4749,721,36732,220,69064,721,105796,California
Yolo,2021-04-26,1161,171508,436,78179,722,88577,3,4752,474,36525,685,69749,478,106274,California
Yolo,2021-04-27,1453,172961,665,78844,779,89356,9,4761,557,36197,896,70645,568,106842,California
Yolo,2021-04-28,1946,174907,986,79830,933,90289,27,4788,667,35616,1275,71920,694,107536,California
Yolo,2021-04-29,1254,176161,602,80432,590,90879,62,4850,478,35384,773,72693,541,108077,California
Yolo,2021-04-30,1820,177981,926,81358,837,91716,57,4907,902,35432,911,73604,959,109036,California
Yolo,2021-05-01,768,178749,483,81841,265,91981,20,4927,296,35275,472,74076,315,109351,California
Yolo,2021-05-02,471,179220,394,82235,57,92038,20,4947,310,35445,160,74236,330,109681,California
Yolo,2021-05-03,924,180144,243,82478,659,92697,22,4969,227,34999,695,74931,249,109930,California
Yolo,2021-05-04,1283,181427,563,83041,709,93406,11,4980,418,34567,861,75792,429,110359,California
Yolo,2021-05-05,1141,182568,240,83281,851,94257,50,5030,287,34054,850,76642,337,110696,California
Yuba,2020-12-16,4,4,4,4,0,0,0,0,4,4,0,0,4,4,California
Yuba,2020-12-17,4,8,4,8,0,0,0,0,4,8,0,0,4,8,California
Yuba,2020-12-18,8,16,8,16,0,0,0,0,8,16,0,0,8,16,California
Yuba,2020-12-19,12,28,12,28,0,0,0,0,12,28,0,0,12,28,California
Yuba,2020-12-20,20,48,20,48,0,0,0,0,20,48,0,0,20,48,California
Yuba,2020-12-21,40,88,40,88,0,0,0,0,40,88,0,0,40,88,California
Yuba,2020-12-22,86,174,86,174,0,0,0,0,86,174,0,0,86,174,California
Yuba,2020-12-23,64,238,62,236,2,2,0,0,64,238,0,0,64,238,California
Yuba,2020-12-24,20,258,10,246,10,12,0,0,20,258,0,0,20,258,California
Yuba,2020-12-26,15,273,13,259,2,14,0,0,15,273,0,0,15,273,California
Yuba,2020-12-27,15,288,15,274,0,14,0,0,15,288,0,0,15,288,California
Yuba,2020-12-28,51,339,35,309,16,30,0,0,51,339,0,0,51,339,California
Yuba,2020-12-29,75,414,10,319,65,95,0,0,75,414,0,0,75,414,California
Yuba,2020-12-30,63,477,20,339,43,138,0,0,63,477,0,0,63,477,California
Yuba,2020-12-31,37,514,7,346,30,168,0,0,37,514,0,0,37,514,California
Yuba,2021-01-02,23,537,22,368,1,169,0,0,23,537,0,0,23,537,California
Yuba,2021-01-03,10,547,6,374,4,173,0,0,10,547,0,0,10,547,California
Yuba,2021-01-04,90,637,21,395,69,242,0,0,90,637,0,0,90,637,California
Yuba,2021-01-05,70,707,38,433,32,274,0,0,69,705,1,1,69,706,California
Yuba,2021-01-06,154,861,76,509,78,352,0,0,148,847,6,7,148,854,California
Yuba,2021-01-07,75,936,19,528,56,408,0,0,72,915,4,11,72,926,California
Yuba,2021-01-08,73,1009,25,553,48,456,0,0,66,974,7,18,66,992,California
Yuba,2021-01-09,19,1028,16,569,3,459,0,0,11,977,8,26,11,1003,California
Yuba,2021-01-10,117,1145,22,591,95,554,0,0,95,1050,22,48,95,1098,California
Yuba,2021-01-11,72,1217,50,641,22,576,0,0,32,1042,40,88,32,1130,California
Yuba,2021-01-12,107,1324,77,718,30,606,0,0,42,1019,65,153,42,1172,California
Yuba,2021-01-13,119,1443,72,790,47,653,0,0,54,1009,64,217,54,1226,California
Yuba,2021-01-14,109,1552,43,833,66,719,0,0,97,1094,12,229,97,1323,California
Yuba,2021-01-15,206,1758,88,921,118,837,0,0,195,1278,11,240,195,1518,California
Yuba,2021-01-16,184,1942,21,942,163,1000,0,0,172,1437,13,253,172,1690,California
Yuba,2021-01-17,13,1955,9,951,4,1004,0,0,7,1438,6,259,7,1697,California
Yuba,2021-01-18,60,2015,32,983,28,1032,0,0,35,1448,25,284,35,1732,California
Yuba,2021-01-19,80,2095,29,1012,51,1083,0,0,65,1498,15,299,65,1797,California
Yuba,2021-01-20,133,2228,87,1099,46,1129,0,0,110,1585,23,322,110,1907,California
Yuba,2021-01-21,212,2440,96,1195,116,1245,0,0,204,1781,8,330,204,2111,California
Yuba,2021-01-22,103,2543,6,1201,97,1342,0,0,94,1866,9,339,94,2205,California
Yuba,2021-01-23,200,2743,7,1208,193,1535,0,0,197,2060,3,342,197,2402,California
Yuba,2021-01-24,10,2753,7,1215,3,1538,0,0,8,2066,2,344,8,2410,California
Yuba,2021-01-25,84,2837,28,1243,56,1594,0,0,53,2089,30,374,53,2463,California
Yuba,2021-01-26,148,2985,39,1282,109,1703,0,0,90,2121,58,432,90,2553,California
Yuba,2021-01-27,182,3167,128,1410,54,1757,0,0,115,2169,67,499,115,2668,California
Yuba,2021-01-28,215,3382,79,1489,136,1893,0,0,174,2302,41,540,174,2842,California
Yuba,2021-01-29,159,3541,56,1545,103,1996,0,0,112,2367,47,587,112,2954,California
Yuba,2021-01-30,410,3951,23,1568,387,2383,0,0,399,2755,11,598,399,3353,California
Yuba,2021-01-31,17,3968,12,1580,5,2388,0,0,15,2768,2,600,15,3368,California
Yuba,2021-02-01,155,4123,75,1655,80,2468,0,0,131,2877,23,623,132,3500,California
Yuba,2021-02-02,123,4246,23,1678,100,2568,0,0,101,2956,22,645,101,3601,California
Yuba,2021-02-03,226,4472,29,1707,197,2765,0,0,114,2959,111,756,114,3715,California
Yuba,2021-02-04,295,4767,120,1827,175,2940,0,0,252,3168,43,799,252,3967,California
Yuba,2021-02-05,147,4914,32,1859,115,3055,0,0,71,3163,76,875,71,4038,California
Yuba,2021-02-06,449,5363,26,1885,423,3478,0,0,441,3596,8,883,441,4479,California
Yuba,2021-02-07,18,5381,11,1896,7,3485,0,0,15,3608,3,886,15,4494,California
Yuba,2021-02-08,96,5477,35,1931,61,3546,0,0,66,3644,30,916,66,4560,California
Yuba,2021-02-09,153,5630,55,1986,98,3644,0,0,84,3659,69,985,84,4644,California
Yuba,2021-02-10,352,5982,172,2158,180,3824,0,0,114,3536,237,1222,114,4758,California
Yuba,2021-02-11,397,6379,63,2221,334,4158,0,0,300,3741,95,1317,300,5058,California
Yuba,2021-02-12,265,6644,27,2248,238,4396,0,0,151,3778,114,1431,151,5209,California
Yuba,2021-02-13,435,7079,35,2283,400,4796,0,0,387,4117,48,1479,387,5596,California
Yuba,2021-02-14,54,7133,11,2294,43,4839,0,0,49,4161,5,1484,49,5645,California
Yuba,2021-02-15,87,7220,36,2330,51,4890,0,0,68,4210,19,1503,68,5713,California
Yuba,2021-02-16,199,7419,53,2383,146,5036,0,0,140,4292,58,1561,140,5853,California
Yuba,2021-02-17,372,7791,156,2539,216,5252,0,0,99,4119,272,1833,99,5952,California
Yuba,2021-02-18,317,8108,46,2585,271,5523,0,0,194,4190,123,1956,194,6146,California
Yuba,2021-02-19,226,8334,84,2669,142,5665,0,0,143,4250,83,2039,143,6289,California
Yuba,2021-02-20,389,8723,30,2699,359,6024,0,0,335,4531,54,2093,335,6624,California
Yuba,2021-02-21,17,8740,14,2713,3,6027,0,0,7,4528,10,2103,7,6631,California
Yuba,2021-02-22,128,8868,79,2792,49,6076,0,0,38,4477,89,2192,38,6669,California
Yuba,2021-02-23,113,8981,25,2817,88,6164,0,0,46,4457,66,2258,46,6715,California
Yuba,2021-02-24,481,9462,135,2952,346,6510,0,0,107,4190,374,2632,107,6822,California
Yuba,2021-02-25,336,9798,134,3086,202,6712,0,0,208,4270,128,2760,208,7030,California
Yuba,2021-02-26,256,10054,67,3153,189,6901,0,0,143,4302,111,2871,143,7173,California
Yuba,2021-02-27,471,10525,46,3199,425,7326,0,0,382,4597,87,2958,382,7555,California
Yuba,2021-02-28,66,10591,21,3220,45,7371,0,0,45,4621,21,2979,45,7600,California
Yuba,2021-03-01,155,10746,40,3260,115,7486,0,0,79,4625,75,3054,79,7679,California
Yuba,2021-03-02,158,10904,35,3295,123,7609,0,0,78,4623,80,3134,78,7757,California
Yuba,2021-03-03,622,11526,159,3454,463,8072,0,0,200,4402,421,3555,200,7957,California
Yuba,2021-03-04,467,11993,270,3724,197,8269,0,0,326,4588,140,3695,326,8283,California
Yuba,2021-03-05,317,12310,60,3784,256,8525,1,1,249,4770,68,3763,250,8533,California
Yuba,2021-03-06,475,12785,35,3819,436,8961,4,5,369,5037,106,3869,373,8906,California
Yuba,2021-03-07,49,12834,27,3846,21,8982,1,6,33,5055,16,3885,34,8940,California
Yuba,2021-03-08,159,12993,49,3895,94,9076,16,22,100,5112,59,3944,116,9056,California
Yuba,2021-03-09,175,13168,46,3941,110,9186,19,41,83,5122,92,4036,102,9158,California
Yuba,2021-03-10,736,13904,233,4174,473,9659,30,71,232,4881,503,4539,262,9420,California
Yuba,2021-03-11,428,14332,187,4361,229,9888,12,83,295,5055,133,4672,307,9727,California
Yuba,2021-03-12,463,14795,87,4448,322,10210,54,137,150,4946,313,4985,204,9931,California
Yuba,2021-03-13,454,15249,334,4782,105,10315,15,152,360,5228,93,5078,375,10306,California
Yuba,2021-03-14,107,15356,21,4803,76,10391,10,162,46,5224,60,5138,56,10362,California
Yuba,2021-03-15,190,15546,49,4852,124,10515,17,179,96,5243,94,5232,113,10475,California
Yuba,2021-03-16,290,15836,71,4923,194,10709,25,204,177,5333,112,5344,202,10677,California
Yuba,2021-03-17,739,16575,162,5085,548,11257,29,233,193,5011,544,5888,222,10899,California
Yuba,2021-03-18,573,17148,151,5236,309,11566,113,346,349,5248,224,6112,461,11360,California
Yuba,2021-03-19,325,17473,120,5356,156,11722,49,395,186,5345,138,6250,235,11595,California
Yuba,2021-03-20,554,18027,80,5436,456,12178,18,413,474,5758,79,6329,492,12087,California
Yuba,2021-03-21,60,18087,35,5471,25,12203,0,413,48,5794,12,6341,48,12135,California
Yuba,2021-03-22,190,18277,70,5541,113,12316,7,420,148,5907,42,6383,155,12290,California
Yuba,2021-03-23,263,18540,79,5620,157,12473,27,447,177,6027,84,6467,204,12494,California
Yuba,2021-03-24,766,19306,252,5872,433,12906,81,528,187,5717,577,7044,267,12761,California
Yuba,2021-03-25,495,19801,262,6134,211,13117,22,550,243,5730,252,7296,265,13026,California
Yuba,2021-03-26,389,20190,143,6277,219,13336,27,577,223,5815,165,7461,250,13276,California
Yuba,2021-03-27,459,20649,27,6304,429,13765,3,580,404,6167,54,7515,406,13682,California
Yuba,2021-03-28,99,20748,40,6344,55,13820,4,584,37,6146,62,7577,41,13723,California
Yuba,2021-03-29,295,21043,86,6430,177,13997,32,616,179,6241,116,7693,211,13934,California
Yuba,2021-03-30,274,21317,68,6498,198,14195,8,624,192,6359,82,7775,200,14134,California
Yuba,2021-03-31,670,21987,113,6611,545,14740,12,636,240,6182,429,8204,252,14386,California
Yuba,2021-04-01,611,22598,282,6893,300,15040,29,665,278,6156,333,8537,307,14693,California
Yuba,2021-04-02,491,23089,93,6986,315,15355,83,748,184,6116,306,8843,266,14959,California
Yuba,2021-04-03,652,23741,55,7041,115,15470,482,1230,86,6119,565,9408,568,15527,California
Yuba,2021-04-04,58,23799,11,7052,41,15511,6,1236,33,6133,25,9433,39,15566,California
Yuba,2021-04-05,245,24044,78,7130,147,15658,20,1256,123,6155,120,9553,142,15708,California
Yuba,2021-04-06,352,24396,114,7244,177,15835,61,1317,168,6201,183,9736,229,15937,California
Yuba,2021-04-07,770,25166,396,7640,321,16156,53,1370,347,6180,420,10156,399,16336,California
Yuba,2021-04-08,724,25890,291,7931,171,16327,262,1632,258,6234,465,10621,519,16855,California
Yuba,2021-04-09,391,26281,170,8101,157,16484,64,1696,159,6226,231,10852,223,17078,California
Yuba,2021-04-10,593,26874,72,8173,74,16558,447,2143,70,6222,521,11373,517,17595,California
Yuba,2021-04-11,98,26972,22,8195,64,16622,12,2155,39,6214,59,11432,51,17646,California
Yuba,2021-04-12,210,27182,46,8241,135,16757,29,2184,80,6194,129,11561,109,17755,California
Yuba,2021-04-13,394,27576,100,8341,294,17051,0,2184,202,6205,191,11752,202,17957,California
Yuba,2021-04-14,690,28266,107,8448,583,17634,0,2184,117,5750,572,12324,117,18074,California
Yuba,2021-04-15,331,28597,124,8572,207,17841,0,2184,145,5709,186,12510,145,18219,California
Yuba,2021-04-16,331,28928,101,8673,230,18071,0,2184,179,5736,152,12662,179,18398,California
Yuba,2021-04-17,392,29320,55,8728,337,18408,0,2184,321,5987,70,12732,321,18719,California
Yuba,2021-04-18,52,29372,9,8737,43,18451,0,2184,24,5983,28,12760,24,18743,California
Yuba,2021-04-19,245,29617,102,8839,143,18594,0,2184,104,5946,141,12901,104,18847,California
Yuba,2021-04-20,301,29918,78,8917,223,18817,0,2184,175,5997,125,13026,176,19023,California
Yuba,2021-04-21,705,30623,287,9204,418,19235,0,2184,304,5900,401,13427,304,19327,California
Yuba,2021-04-22,311,30934,117,9321,194,19429,0,2184,177,5943,134,13561,177,19504,California
Yuba,2021-04-23,334,31268,105,9426,229,19658,0,2184,162,5933,172,13733,162,19666,California
Yuba,2021-04-24,216,31484,68,9494,148,19806,0,2184,123,5963,93,13826,123,19789,California
Yuba,2021-04-25,74,31558,30,9524,44,19850,0,2184,37,5963,37,13863,37,19826,California
Yuba,2021-04-26,217,31775,47,9571,166,20016,4,2188,99,5948,118,13981,103,19929,California
Yuba,2021-04-27,456,32231,149,9720,297,20313,10,2198,227,5958,227,14208,237,20166,California
Yuba,2021-04-28,415,32646,168,9888,242,20555,5,2203,134,5822,275,14483,139,20305,California
Yuba,2021-04-29,378,33024,60,9948,316,20871,2,2205,121,5689,256,14739,123,20428,California
Yuba,2021-04-30,308,33332,89,10037,191,21062,28,2233,134,5679,171,14910,161,20589,California
Yuba,2021-05-01,194,33526,87,10124,89,21151,18,2251,82,5668,111,15021,100,20689,California
Yuba,2021-05-02,62,33588,32,10156,26,21177,4,2255,35,5680,27,15048,39,20728,California
Yuba,2021-05-03,83,33671,22,10178,55,21232,6,2261,29,5664,51,15099,35,20763,California
Yuba,2021-05-04,218,33889,54,10232,145,21377,19,2280,105,5675,113,15212,124,20887,California
Yuba,2021-05-05,213,34102,32,10264,181,21558,0,2280,57,5576,156,15368,57,20944,California
